0 0 0.9241206 0.30057459900990097 0.9713910888888889 0.28212611386138614 0.9442830703703704 0.2616489777227723 0.8814770148148148 0.265123301980198 0.6548530222222222 0.24996135643564354 0.6226757111111111 0.25254869554455445 0.5858415666666666 0.34476943069306926 0.3359334148148148 0.34761550247524753 0.29541585555555555 0.2615155371287129 0.22787564814814815 0.0983787202970297 0.034634881481481486 0.06832843316831683 0.10811516296296296 0.04584796534653465 0.09154535925925926 0.050904425742574255 0.12585751481481483 0.03018342079207921 0.2082531925925926 0.01621169306930693 0.22999657037037038 0.01433895297029703 0.25665747777777775 0.03291870792079208 0.34647523703703703 0.013232638613861387 0.41413725925925926 0.008708512376237624 0.5139765888888889 0.027891980198019802 0.5951997185185185 0 0.5963615666666666 0 0.9241206
0 1 0.0758794 0.9519116361386138 0.06831668148148148 0.929194655940594 0.1299158814814815 0.8685026361386139 0.19671517407407407 0.6045403267326733 0.35816630000000005 0.5985820148514851 0.3721256740740741 0.6137513935643565 0.4750621444444445 0.6383757054455447 0.5496927296296296 0.6499153762376237 0.6334378444444445 0.6452581658415841 0.6997393037037036 0.6297118391089109 0.7084666925925927 0.6256977475247525 0.7301800333333333 0.6029143044554456 0.9128021851851852 0.5788223267326733 0.9723230925925926 0.5576953712871288 1 0.9676326732673268 1 1 0.5392087703703703 1 0.0758794
0 0.4370128242574257 0.9183662370370371 0.44050944801980196 0.9040197222222223 0.4714764554455445 0.9237862296296296 0.48566257178217825 0.9167069777777778 0.4751652698019802 0.888987362962963 0.49200526732673266 0.8618429037037038 0.4964037425742574 0.7992248592592593 0.4156855099009901 0.7790823296296296 0.42720288118811883 0.6505499666666666 0.41981781930693074 0.649388537037037 0.39961428217821787 0.7244173888888888 0.4009153836633664 0.7767594740740741 0.33529255445544554 0.7720253222222222 0.3253866955445544 0.8244669740740741 0.3412582995049505 0.8288251074074074 0.35395855445544555 0.8606152777777778 0.37974345297029705 0.8832909148148148 0.40189864356435645 0.8867751962962963 0.40967552475247526 0.9177910851851853 0.4370128242574257 0.9183662370370371
0 0.6326761262376238 0.5599686851851852 0.6109053217821782 0.5155797037037038 0.5925794628712872 0.5815935851851852 0.5393316138613862 0.5955640814814814 0.5298766806930693 0.6238699703703704 0.4732578589108911 0.6149656925925926 0.4665898886138614 0.6567442444444445 0.4347210297029703 0.6852492666666666 0.47560132920792075 0.7233332814814815 0.5703134876237623 0.7568489111111112 0.6123469405940594 0.6722188222222222 0.6278932673267327 0.6634914333333333 0.6326761262376238 0.5599686851851852
0 0.32894242574257426 0.7561302370370371 0.35438718069306935 0.6242020333333334 0.3415538415841584 0.5588739925925926 0.31356599009900993 0.5321277962962964 0.3076225445544555 0.6876054888888888 0.3235606905940594 0.7087325555555556 0.31604997772277227 0.7447924148148148 0.32894242574257426 0.7561302370370371
0 0.48929192326732673 0.31583484074074075 0.44174365099009905 0.3195293777777778 0.431246349009901 0.29180976296296296 0.42341035891089107 0.3147841 0.43143854207920795 0.2713574111111111 0.42185052475247525 0.2661254296296296 0.4249553292079208 0.22192445555555557 0.4381656212871287 0.17558863703703703 0.4290950717821782 0.16298982592592592 0.39418051485148514 0.1817055962962963 0.364581150990099 0.23105010740740742 0.34943407425742573 0.3403911148148148 0.3196425173267327 0.41018797777777777 0.30248467821782177 0.49500607407407404 0.32793686633663366 0.43383703333333334 0.3717888886138614 0.3941822037037037 0.41415505198019803 0.3933967962962963 0.4473175792079208 0.3464747037037037 0.5233046262376237 0.3453906 0.48929192326732673 0.31583484074074075
0 0.26381639356435643 0 0.2587416386138614 0.017027485185185185 0.27714890594059405 0.10930085555555555 0.324771150990099 0.19313441481481483 0.34517431435643564 0.16841237407407408 0.3973588415841584 0 0.26381639356435643 0
0 0.8017783316831684 0.18994574074074075 0.7970471485148515 0.1687191074074074 0.7784551212871288 0.16765724444444446 0.7763187079207922 0.18035562222222223 0.8017783316831684 0.18994574074074075
0 0.7128248589108911 0.09216393333333334 0.7072509331683168 0.0652186037037037 0.6917046039603961 0.07394599259259259 0.7008416955445544 0.10331374074074073 0.7128248589108911 0.09216393333333334
0 0.7264344009900989 0.14644172962962965 0.7146434282178217 0.13713918888888887 0.7062234306930693 0.15071142222222222 0.7191158787128712 0.16204924074074076 0.7264344009900989 0.14644172962962965
0 0.7557235321782177 0.037462751851851855 0.7538899183168317 0.03903643703703703 0.7559006806930693 0.06355934444444444 0.76765325 0.0393389037037037 0.7557235321782177 0.037462751851851855
0 0.8537250767326732 0.12363315925925925 0.8511968465346536 0.10647708148148148 0.8355381856435644 0.1183441962962963 0.8537250767326732 0.12363315925925925
0 0.6079954579207921 0.014229988888888889 0.6014769381188119 0.045912196296296295 0.6090733292079208 0.04791644814814815 0.619377801980198 0.01602005925925926 0.6079954579207921 0.014229988888888889
0 0.7348618316831683 0.20362865925925924 0.7450929678217821 0.16427252962962963 0.708759094059406 0.23862665925925924 0.7348618316831683 0.20362865925925924
0 0.669054245049505 0.29010601481481485 0.6632215841584159 0.2668441037037037 0.6619944579207921 0.3020301111111111 0.669054245049505 0.29010601481481485
0 0.6601758861386138 0.25705485185185184 0.6417020792079208 0.14801254444444442 0.6332820792079208 0.1615847740740741 0.6601758861386138 0.25705485185185184
0 0.17170404207920792 0 0.16743163118811882 0.008253585185185184 0.17863859405940594 0.008154018518518519 0.1803369504950495 0 0.17170404207920792 0