0 1 0.1385951917808219 0.9615226022727273 0.12846545205479454 0.9377722886363636 0.18934474999999998 0.8815261818181818 0.2451117226027397 0.6378224 0.36857823972602743 0.6322476681818181 0.38088126027397257 0.6454509704545455 0.47730910616438355 0.6675445045454546 0.5485361369863013 0.6775496727272727 0.6269087191780822 0.6727964772727272 0.687625294520548 0.6584488772727273 0.6941760650684932 0.6546052477272728 0.713820147260274 0.6323649886363636 0.8800981952054795 0.6098019954545455 0.9326834178082191 0.5779966840909091 0.970786147260274 0.5344257590909091 0.9971847500000001 0.5166125204545454 1 0.9826825181818182 1 1 0.7787892534246575 1 0.1385951917808219
0 0.47316454545454545 1 0.4116349727272727 0.9751862671232877 0.37733570909090913 0.9420578493150685 0.33737369545454543 0.8781759965753425 0.31900642727272727 0.818257948630137 0.32381831590909094 0.6095223424657534 0.31011621818181817 0.5783737636986301 0.3127568795454545 0.5446423321917808 0.39928259318181814 0.32299246232876716 0.402187325 0.28588788698630135 0.32355428181818185 0.21526798287671234 0.175031725 0.02124744520547945 0.1468939977272727 0.08613568835616438 0.12635551590909092 0.06867931164383562 0.1307566159090909 0.10082192808219179 0.11112768863636364 0.1748355616438356 0.09293645681818181 0.20103041438356165 0.11265339545454546 0.30261573287671234 0.09408073409090909 0.3631367945205479 0.08921017045454545 0.4548064349315069 0.10625710681818182 0.5315901986301369 0.07184047727272727 0.5294148424657534 0.05584978863636363 0.704223506849315 0.039272293181818185 0.7687124863013699 0.020442120454545454 0.755964544520548 0.021673302272727273 0.8014945239726028 0.026802495454545456 0.8101842397260275 0.025097061363636364 0.8871951643835617 0.45358167045454545 1 0.47316454545454545 1
0 0.47988142500000003 0.8692172979452055 0.483196925 0.8563195034246576 0.5115106886363636 0.877544160958904 0.5245966386363636 0.8723825753424658 0.5151489363636363 0.845796691780822 0.5308168681818182 0.822380205479452 0.5353059977272727 0.7650367739726027 0.4612794386363636 0.7386628767123288 0.4727809977272727 0.6211976438356165 0.4660032977272727 0.6194133184931506 0.44690250454545455 0.6866806643835616 0.4477240409090909 0.7350942191780823 0.38745826363636365 0.7243923664383561 0.3779812159090909 0.771816 0.3925341977272727 0.7773686164383562 0.40397706590909094 0.8079224178082192 0.4275082977272728 0.8313306678082192 0.4478413954545455 0.8366836575342467 0.45476579545454543 0.866047904109589 0.47988142500000003 0.8692172979452055
0 0.6622338386363635 0.5574660136986301 0.6425462386363636 0.5144136815068493 0.6252352272727273 0.5735455582191781 0.5762069340909091 0.5812941198630137 0.5673167022727272 0.6064949315068493 0.5153543409090909 0.5928150821917808 0.5089287295454545 0.6307140650684931 0.4794413318181818 0.6539350376712328 0.5167333454545454 0.6930153356164384 0.6035231022727272 0.7330773184931507 0.6427516136363636 0.6590595684931506 0.657099209090909 0.6525087945205479 0.6622338386363635 0.5574660136986301
0 0.3817368318181818 0.7091154657534247 0.4060602727272727 0.5898617910958904 0.39473477045454547 0.5283549246575343 0.36920837272727275 0.5009787534246576 0.3626360454545454 0.6438403116438356 0.3771303454545455 0.6648694589041096 0.3699712136363636 0.6974113390410959 0.3817368318181818 0.7091154657534247
0 0.5322252590909091 0.31840094520547946 0.4885076318181818 0.31721962671232873 0.47905993181818185 0.29063374315068496 0.4716954159090909 0.3110722328767123 0.47938268181818183 0.2717840684931507 0.4706098159090909 0.2660318219178082 0.47377861136363636 0.22555410616438357 0.48624840909090905 0.1840823493150685 0.4780036772727273 0.17158381849315069 0.4457875977272727 0.1854797705479452 0.41823668636363637 0.22814519520547946 0.4035369931818182 0.3275551575342466 0.3756633318181818 0.38907025684931507 0.3592912227272727 0.4656626232876713 0.38311586590909086 0.4116882191780822 0.4236940431818182 0.3793377397260274 0.4626291386363637 0.3827026438356164 0.4934368659090909 0.34261595547945206 0.5632677068181818 0.3489506267123288 0.5322252590909091 0.31840094520547946
0 0.4008516954545454 0.16848574657534246 0.4520549886363636 0.011890020547945206 0.3262540431818182 0.00858118493150685 0.3225120659090909 0.020483181506849316 0.3387668 0.10738637671232877 0.38192695 0.18932349657534245 0.4008516954545454 0.16848574657534246
0 0.8202628204545455 0.23242591095890408 0.8160671045454545 0.21238668493150684 0.7989908227272727 0.2096124315068493 0.7969369727272727 0.22112104452054795 0.8202628204545455 0.23242591095890408
0 0.7392238409090909 0.13363130821917807 0.7342946068181818 0.1082349794520548 0.7199470113636364 0.11478575342465754 0.7281330613636364 0.1427608184931507 0.7392238409090909 0.13363130821917807
0 0.7513415431818182 0.18501874657534248 0.7405735090909091 0.1752985787671233 0.7327395454545454 0.1870068219178082 0.7445051613636363 0.198710948630137 0.7513415431818182 0.18501874657534248
0 0.7201817409090909 0.06492894520547945 0.7215900931818182 0.07907036301369863 0.7254704 0.0663212602739726 0.7201817409090909 0.06492894520547945
0 0.7858179909090909 0.08220864726027398 0.7773374022727273 0.08858266438356165 0.7790098181818181 0.1114002602739726 0.7931170522727272 0.08413022945205478 0.7858179909090909 0.08220864726027398
0 0.8684695795454546 0.17626379452054794 0.8662690272727273 0.16019248630136987 0.851795775 0.1696289589041096 0.8684695795454546 0.17626379452054794
0 0.6448704954545454 0.045102157534246574 0.6372387977272727 0.08021388356164383 0.6442046590909091 0.08279615410958903 0.6560559522727273 0.04804689041095891 0.6448704954545454 0.045102157534246574
0 0.7586767113636363 0.23858977397260275 0.7683591431818181 0.20326952739726029 0.7344413000000001 0.2683574006849315 0.7586767113636363 0.23858977397260275
0 0.6975893909090909 0.31201686301369863 0.6923960886363636 0.2899936780821918 0.6910170727272726 0.32233592123287674 0.6975893909090909 0.31201686301369863
0 0.6896674045454546 0.280668654109589 0.6734713545454546 0.1782889315068493 0.6656373886363636 0.18999717465753424 0.6896674045454546 0.280668654109589