0 0.9501832723004695 1 0.9836615211267605 0.5698361091549295 0.9984094647887324 0.09486970070422535 0.9513611267605633 0.08785850704225352 0.9381488544600939 0.12312320422535213 0.8800395258215963 0.1871578732394366 0.6282627558685445 0.34289796126760563 0.6225033544600939 0.3562239190140845 0.6361440328638498 0.45400022535211265 0.6589694436619719 0.5247767887323944 0.6693060446009389 0.6043304295774647 0.6643953920187794 0.667427676056338 0.6495725117370892 0.675856926056338 0.6456015563380281 0.6965415176056338 0.6226245633802817 0.8704203450704225 0.5993141408450704 0.9272295774647886 0.5664552394366197 0.9702046901408451 0.5249297276995305 1 0.9501832723004695 1
0 0.4145506549295775 1 0.39458258920187794 0.9942368415492958 0.3591471197183098 0.9641338028169015 0.3178613145539906 0.9030174542253521 0.29888560798122066 0.8434527535211268 0.30385689906103286 0.627884059859155 0.28970089906103286 0.597406059859155 0.2924290399061033 0.5623520316901408 0.3818210234741784 0.32390322887323947 0.38482197652582156 0.28534379929577464 0.30358411502347415 0.22181980633802817 0.15014156572769954 0.03938103521126761 0.12107173943661971 0.10951622887323945 0.09985289671361502 0.09394297183098592 0.10439978873239437 0.12653507394366198 0.08412062910798122 0.2050723767605634 0.06532679342723005 0.23418621478873242 0.08569687558685446 0.3365114014084507 0.06650897183098592 0.40102709507042256 0.06147706572769953 0.4960207922535211 0.07908870422535212 0.5731125105633802 0.043531981220657275 0.5749059225352112 0.027011577464788734 0.7568390316901409 0.00988493192488263 0.8252079542253521 0 0.8196574330985916 0 0.9531659964788732 0.3142776549295775 1 0.4145506549295775 1
0 0.46508979107981224 0.8770858274647887 0.4685151197183099 0.8634120422535212 0.49776681220657276 0.8819553908450705 0.511286248826291 0.8751049295774648 0.5015255845070422 0.8488279823943662 0.5177125328638498 0.8228717183098592 0.5223503708920187 0.7632798732394366 0.4458715892018779 0.7447908063380282 0.45775415492957744 0.6224495422535211 0.4507519342723004 0.621406059859155 0.4310184014084507 0.6929325563380282 0.4318671525821596 0.7427038485915494 0.36960499765258215 0.738744559859155 0.35981401173708916 0.7887033309859155 0.3748490798122066 0.7927169014084506 0.3866710046948357 0.8228470809859155 0.4109817370892018 0.8442001830985915 0.4319883943661972 0.8473306161971831 0.4391421737089202 0.8767651443661972 0.46508979107981224 0.8770858274647887
0 0.6534828544600939 0.5345973450704226 0.6331430774647887 0.4925596549295775 0.615258617370892 0.5554965598591549 0.5646062018779343 0.5692246232394367 0.5554214694835681 0.5962243661971831 0.5017377910798122 0.5882243661971831 0.4950993192488263 0.6280147570422535 0.46463511971830984 0.6553894683098591 0.5031624765258216 0.6912723485915493 0.5928272535211268 0.7223645774647888 0.6333552535211269 0.6415256936619719 0.6481781338028169 0.6330964436619718 0.6534828544600939 0.5345973450704226
0 0.36369403286384977 0.7236794718309859 0.388823220657277 0.5979931443661971 0.3771225469483568 0.5359665176056339 0.35075055633802815 0.5107601866197183 0.343960514084507 0.65868275 0.35893495305164325 0.6786445457746478 0.35153866666666667 0.7130029190140845 0.36369403286384977 0.7236794718309859
0 0.5191675798122066 0.3035911021126761 0.4740017511737089 0.3074986161971831 0.46424108450704227 0.28122166549295774 0.45663261267605637 0.3031372147887324 0.46457452347417844 0.2617680352112676 0.4555110469483568 0.25687132746478875 0.4587848145539906 0.2148065 0.47166769014084503 0.1706275704225352 0.4631498403755868 0.15872005633802816 0.4298665633802817 0.17680952112676057 0.40140299295774645 0.22398568661971832 0.3862163568075117 0.3281042852112676 0.3574193450704225 0.394734073943662 0.3405048873239437 0.47554582042253524 0.36511875352112677 0.4171577957746479 0.40704113380281687 0.37907939436619714 0.447266 0.37798163028169013 0.47909427230046947 0.33307990845070423 0.5512383474178404 0.33141970070422533 0.5191675798122066 0.3035911021126761
0 0.383442103286385 0.16457221126760566 0.42955087558685445 0.018747982394366196 0.30494228638497656 0.01330936971830986 0.30250737323943666 0.021307095070422534 0.3193005704225352 0.1089150176056338 0.3638904507042254 0.1882540352112676 0.383442103286385 0.16457221126760566
0 0.8167467441314554 0.18127196830985917 0.8124120375586855 0.16112268661971832 0.7947700821596244 0.16026669366197183 0.7926481971830986 0.17236169014084507 0.8167467441314554 0.18127196830985917
0 0.7330232464788732 0.08900910211267606 0.7279307276995306 0.06342780633802818 0.7131078474178404 0.07185705633802816 0.7215650680751174 0.09971279225352113 0.7330232464788732 0.08900910211267606
0 0.7455423615023474 0.14051952112676055 0.7344176267605634 0.13176958450704226 0.7263241502347417 0.14474771830985914 0.7384795164319248 0.15542427112676055 0.7455423615023474 0.14051952112676055
0 0.8665504084507042 0.11777261267605635 0.8642769624413146 0.10147655985915494 0.849324265258216 0.11289290845070422 0.8665504084507042 0.11777261267605635
0 0.7531205164319249 0.19483969366197185 0.763123690140845 0.1573237394366197 0.7280822769953051 0.22834207394366196 0.7531205164319249 0.19483969366197185
0 0.690009603286385 0.2776323345070423 0.684644265258216 0.25555644014084505 0.6832195704225352 0.2890316795774648 0.690009603286385 0.2776323345070423
0 0.6818251901408451 0.2462711936619718 0.6650926244131455 0.1427150457746479 0.6569991478873239 0.15569317605633803 0.6818251901408451 0.2462711936619718
0 0.2265294084507042 0.013530830985915494 0.22730651173708918 0.009920915492957746 0.21808244366197183 0.009518327464788732 0.21588967605633805 0.01371831690140845 0.2265294084507042 0.013530830985915494