0 0.14485706880733945 1 0.1722085733944954 0.9513608137931034 0.3853445252293578 0.724006424137931 0.3886102224770642 0.7095020137931034 0.3595503899082569 0.6206069137931034 0.3262304243119266 0.560320196551724 0.303309128440367 0.48775367586206897 0.2975634495412844 0.42608770344827585 0.31023337844036697 0.4134074655172414 0.3105894105504587 0.39245171379310345 0.3037142201834862 0.2195556275862069 0.3164578027522936 0.15811211034482758 0.340539256880734 0.10685726896551724 0.3779106353211009 0.06196478965517241 0.4236918073394495 0.033000458620689656 0.4996009013761468 0.03006396896551724 0.5381754449541285 0.04763832068965517 0.5874126238532109 0.09293121379310344 0.6152324655963303 0.14374112413793103 0.6460602155963303 0.35071811379310347 0.6645126513761468 0.37532221379310343 0.6677046949541284 0.4095810896551724 0.622230493119266 0.6648319620689654 0.625741740825688 0.7025167206896552 0.7132710848623853 0.7375764379310344 0.8888945321100917 0.863310927586207 0.9049038096330276 0.7873630034482759 0.9275979678899082 0.7955495344827586 0.9179113577981652 0.7659178344827586 0.9241971995412843 0.684719851724138 0.9372231582568807 0.6510838620689655 0.9010303532110092 0.5599641586206896 0.9085930114678898 0.492469724137931 0.8977032362385321 0.40037119310344826 0.868287373853211 0.3324318448275862 0.9017178211009175 0.3195736379310345 0.8873904518348624 0.14102706206896554 0.8923626490825688 0.07050716896551723 0.9147376032110093 0.07526781379310345 0.9189240871559632 0.09542271034482758 0.9325700412844036 0.0808293172413793 0.9303356100917431 0.056848106896551724 0.9047131972477064 0.03165876206896552 0.47674452293577985 0.016682789655172413 0 0.10073415172413794 0 0.5525656724137931 0.041689339449541285 1 0.14485706880733945 1
0 0.4520395756880734 0.1638070655172414 0.4510451353211009 0.1779110448275862 0.4202419770642202 0.16941306896551725 0.4085480733944954 0.18018014827586207 0.4221387912844037 0.2021592172413793 0.4110648830275229 0.2319688896551724 0.4164913577981651 0.29020897586206895 0.49208124770642203 0.28384659999999995 0.5009821444954128 0.40415308620689655 0.5077959151376147 0.40295179999999997 0.5147201651376146 0.3286055931034483 0.5057087912844037 0.28144402413793107 0.5654182958715597 0.26569383103448274 0.5664679747706423 0.21501738965517242 0.5515452018348623 0.21590723448275861 0.5353640252293578 0.19090270689655173 0.5087841743119266 0.17817798620689657 0.4883428623853211 0.18178184827586205 0.4767041995412844 0.1559764620689655 0.4520395756880734 0.1638070655172414
0 0.3298153233944954 0.5492416793103448 0.35603914220183486 0.582922151724138 0.3626257752293578 0.517340875862069 0.40840694724770643 0.4883765448275862 0.4126670825688073 0.4597681620689655 0.46490599541284405 0.4505582965517241 0.46464202981651376 0.41055994827586206 0.4890242752293578 0.3749218172413793 0.44656404128440363 0.35280927931034484 0.356388995412844 0.35129656206896553 0.33127627522935776 0.44103702413793106 0.31860634403669724 0.4537172586206896 0.3298153233944954 0.5492416793103448
0 0.5735088830275229 0.2781960931034483 0.5703966720183486 0.40584377586206893 0.5917219449541284 0.4612808586206896 0.6208922568807339 0.47703103448275863 0.6029431582568807 0.3339446206896552 0.5854483371559632 0.3196181862068965 0.5867988073394496 0.2845584551724138 0.5735088830275229 0.2781960931034483
0 0.49530406192660553 0.727254324137931 0.5375003325688074 0.7093685137931035 0.5510910481651377 0.7313475827586207 0.5546943623853211 0.7080782379310345 0.5539823004587155 0.7499897448275862 0.5633865344036697 0.7518139206896551 0.5672169862385321 0.7929245689655172 0.5622816146788991 0.8390628206896551 0.572324256880734 0.8477387689655173 0.6009113967889909 0.8200647103448276 0.620131133027523 0.7661848413793103 0.6173687729357797 0.6622069310344827 0.633697256880734 0.5896848931034483 0.6364166100917431 0.5073746103448276 0.622697002293578 0.5707312827586206 0.5892113165137615 0.620161951724138 0.5512383555045871 0.6338210172413793 0.5284521307339449 0.6865885862068966 0.4602960068807339 0.7107922724137932 0.49530406192660553 0.727254324137931
0 0.6271129403669725 1 0.7412590733944955 0.9798757241379309 0.7473530550458716 0.9283099620689654 0.7169795802752293 0.850092951724138 0.6616038646788991 0.7884714793103449 0.6469634701834862 0.8171688482758621 0.6234965688073394 1 0.6271129403669725 1
0 0.23321330963302753 0.937123348275862 0.2406470756880734 0.9549646586206897 0.2575219013761468 0.9502485 0.2575403142201835 0.9380576758620689 0.23321330963302753 0.937123348275862
0 0.34486369495412844 1 0.33694224541284407 0.9849967689655172 0.32783880275229355 0.9987893034482758 0.3283196926605505 1 0.34486369495412844 1
0 0.3074711422018349 0.9536298827586206 0.3194658371559633 0.9584795137931036 0.3250027912844037 0.943574675862069 0.3117128646788991 0.9372123172413792 0.3074711422018349 0.9536298827586206
0 0.29132679128440364 0.9042437172413793 0.2880242683486239 0.9431297655172414 0.3095520871559633 0.8644678206896552 0.29132679128440364 0.9042437172413793
0 0.33753764678899084 0.8055603482758621 0.3462666444954129 0.8249143896551725 0.3420985756880734 0.792568672413793 0.33753764678899084 0.8055603482758621
0 0.35047154128440366 0.8328784655172413 0.38341706422018346 0.9263117517241379 0.38895401834862386 0.9114069172413792 0.35047154128440366 0.8328784655172413
0 0.7774924564220184 0.9560768620689656 0.7677506077981651 0.963017624137931 0.7688678211009173 0.9750082275862069 0.7897099472477064 0.9713337068965517 0.7888303279816514 0.9662655379310345 0.7774924564220184 0.9560768620689656
0 0.8207015802752294 0.9118962517241379 0.8193511100917431 0.9469559827586207 0.830762635321101 0.9083813793103449 0.8207015802752294 0.9118962517241379
0 0.9362348990825688 0.875857675862069 0.9468607087155964 0.9279578586206896 0.9524344885321101 0.8886713827586207 0.9362348990825688 0.875857675862069