0 1 0.9983333333333333 0.9988888888888889 0 0.06444444444444444 0.008333333333333333 0.06 0.08833333333333333 0.03111111111111111 0.125 0.03111111111111111 0.14833333333333334 0.04555555555555556 0.16 0.04777777777777778 0.14 0.06888888888888889 0.13166666666666665 0.08 0.19833333333333333 0.08222222222222222 0.37166666666666665 0.11555555555555555 0.37833333333333335 0.09333333333333334 0.4483333333333333 0.09111111111111111 0.5383333333333333 0.10444444444444445 0.6016666666666667 0.07777777777777778 0.695 0.09333333333333334 0.725 0.10666666666666667 0.8016666666666666 0.1 0.8316666666666667 0.12111111111111111 0.82 0.14333333333333334 0.89 0.3011111111111111 0.74 0.38222222222222224 0.6916666666666667 0.38222222222222224 0.655 0.31555555555555553 0.41833333333333333 0.31555555555555553 0.385 0.33111111111111113 0.35833333333333334 0.3422222222222222 0.155 0.36444444444444446 0.10166666666666667 0.4077777777777778 0.05 0.44333333333333336 0.02666666666666667 0.5166666666666667 0.016666666666666666 0.5633333333333334 0.03666666666666667 0.6033333333333334 0.07333333333333333 0.6311111111111111 0.11833333333333333 0.6488888888888888 0.175 0.6577777777777778 0.3416666666666667 0.66 0.3616666666666667 0.6733333333333333 0.37166666666666665 0.6733333333333333 0.43166666666666664 0.6577777777777778 0.505 0.6311111111111111 0.5683333333333334 0.6111111111111112 0.6583333333333333 0.6155555555555555 0.6716666666666666 0.8411111111111111 0.8533333333333334 0.8911111111111111 0.9216666666666666 0.9122222222222223 0.9966666666666667
0 0.47555555555555556 0.385 0.47333333333333333 0.2683333333333333 0.5466666666666666 0.26166666666666666 0.5466666666666666 0.205 0.5333333333333333 0.17833333333333334 0.5444444444444444 0.155 0.5322222222222223 0.14666666666666667 0.5033333333333333 0.16 0.5011111111111111 0.14666666666666667 0.4766666666666667 0.14333333333333334 0.4677777777777778 0.17 0.4477777777777778 0.17 0.42333333333333334 0.18666666666666668 0.41 0.21333333333333335 0.39555555555555555 0.215 0.4011111111111111 0.2633333333333333 0.46 0.2683333333333333 0.45555555555555555 0.315 0.4688888888888889 0.385
0 0.6311111111111111 0.5316666666666666 0.6533333333333333 0.495 0.6555555555555556 0.40166666666666667 0.6422222222222222 0.39166666666666666 0.61 0.31 0.5233333333333333 0.32666666666666666 0.48444444444444446 0.355 0.5111111111111111 0.385 0.5144444444444445 0.42333333333333334 0.5655555555555556 0.42333333333333334 0.5722222222222222 0.45 0.6188888888888889 0.47
0 0.36666666666666664 0.475 0.3933333333333333 0.455 0.4088888888888889 0.3983333333333333 0.39444444444444443 0.27666666666666667 0.38222222222222224 0.285 0.38666666666666666 0.31833333333333336 0.3711111111111111 0.335
0 0.44666666666666666 0.8216666666666667 0.45555555555555555 0.8116666666666666 0.44666666666666666 0.7683333333333333 0.44666666666666666 0.7283333333333334 0.45555555555555555 0.725 0.45111111111111113 0.685 0.45666666666666667 0.7066666666666667 0.4677777777777778 0.6833333333333333 0.51 0.6933333333333334 0.5422222222222223 0.6716666666666666 0.47444444444444445 0.66 0.4477777777777778 0.6133333333333333 0.41 0.6066666666666667 0.37333333333333335 0.565 0.35444444444444445 0.5066666666666667 0.36444444444444446 0.585 0.38666666666666666 0.6516666666666666 0.3933333333333333 0.7516666666666667 0.4166666666666667 0.8
0 0.4165217391304348 1 0.3720772946859903 0.805 0.35541062801932366 0.78 0.3076328502415459 0.8483333333333334 0.28541062801932365 0.9283333333333333 0.30096618357487925 1
0 0.7755555555555556 0.8683333333333333 0.7811111111111111 0.85 0.7577777777777778 0.855 0.7588888888888888 0.8666666666666667
0 0.6888888888888889 0.9483333333333334 0.6955555555555556 0.925 0.6855555555555556 0.9133333333333333 0.6755555555555556 0.9383333333333334
0 0.7 0.885 0.7111111111111111 0.8783333333333333 0.7055555555555556 0.8633333333333333 0.6933333333333334 0.8716666666666667
0 0.68 1 0.6744444444444444 0.9733333333333334 0.6711111111111111 0.9916666666666667
0 0.7488888888888889 1 0.7322222222222222 0.9566666666666667 0.7288888888888889 0.9783333333333334
0 0.82 0.9316666666666666 0.8233333333333334 0.9166666666666666 0.8067632850241547 0.918840579710145
0 0.610144927536232 1 0.6190338164251208 0.9883333333333333 0.610144927536232 0.9916666666666667 0.6001449275362319 0.95 0.5932367149758454 0.9507246376811596 0.5990338164251209 0.995
0 0.7288888888888889 0.865 0.7222222222222222 0.8283333333333334 0.7011111111111111 0.7933333333333333
0 0.6622222222222223 0.7616666666666667 0.6688888888888889 0.7416666666666667 0.6633333333333333 0.73
0 0.6355555555555555 0.865 0.6588888888888889 0.77 0.6288888888888889 0.8516666666666667
0 0.2688888888888889 1 0.2688888888888889 0.965 0.2588888888888889 0.96 0.24888888888888888 0.9716666666666667 0.24666666666666667 1
0 0.21777777777777776 0.9583333333333334 0.21333333333333335 0.925 0.20333333333333334 0.9233333333333333
0 0.09333333333333334 0.9616666666666667 0.09888888888888889 0.91 0.08444444444444445 0.925
0 0.008888888888888889 0.9616666666666667 0.017777777777777778 0.925 0.012222222222222223 0.9066666666666666 0.0022222222222222222 0.9183333333333333