0 0.4208603165467626 0.7810211992031872 0.4811099028776978 0.7731854422310757 0.5394285575539568 0.7500970537848606 0.5570584676258993 0.7336666733067729 0.594948845323741 0.7438267868525896 0.6504691258992806 0.7375565199203188 0.6428294460431654 0.7105720557768924 0.6166084064748202 0.6980626673306772 0.5998739532374101 0.6937643187250996 0.5740167302158273 0.7008100637450199 0.49068030215827335 0.6875314282868527 0.42908743884892087 0.6625147290836654 0.3379713237410072 0.5655415378486056 0.3285127338129496 0.5686725179282869 0.3370758705035971 0.5862702689243028 0.3703209496402878 0.6320219282868527 0.3741827949640288 0.662527187250996 0.35968708633093527 0.6703525637450198 0.38403321223021586 0.690293358565737 0.3948630899280576 0.7313568525896414 0.3777648165467626 0.7075033705179283 0.35851180935251803 0.705552219123506 0.3838653992805755 0.7501323545816733 0.4208603165467626 0.7810211992031872
0 1 0.84376140438247 0.9709982338129496 0.8395620079681275 0.9631627410071941 0.8610745219123506 0.9315967625899281 0.8563884342629482 0.9230896294964029 0.8614747191235059 0.8305744244604316 0.8368561434262949 0.710355082733813 0.8380567370517928 0.6712054244604317 0.8290702211155379 0.6578849928057554 0.8016959442231076 0.49012086330935256 0.8443643804780877 0.47086785251798563 0.8424132290836653 0.480746273381295 0.8815214163346614 0.5041129388489208 0.8881648884462151 0.5419473129496403 0.8756409641434263 0.5788862302158274 0.8838457729083665 0.6009656151079137 0.8803208227091633 0.6575493633093525 0.9213739362549801 0.7008126798561152 0.9350527709163348 0.7722279604316546 0.9764936195219124 0.7707241870503597 1 0.7923996582733813 1 1 0.9765543386454183 1 0.84376140438247
0 0.5983066582733813 0.5701757151394422 0.5627948345323741 0.5009583087649402 0.5574778992805756 0.5201236274900398 0.5983066582733813 0.5701757151394422
0 0.6262628129496404 0.6464347091633466 0.6110954604316546 0.6378338565737052 0.623352428057554 0.6178847549800798 0.593017726618705 0.6006830498007968 0.5826076726618705 0.6018587250996016 0.6025323237410072 0.6202361055776893 0.6086049028776979 0.6515230717131474 0.6262628129496404 0.6464347091633466
0 0.4773316690647482 0.5209240219123505 0.5111923920863309 0.560417874501992 0.5404638273381295 0.6581873087649402 0.5332439748201439 0.6734420139442231 0.5900795395683454 0.6886821852589642 0.5622353956834533 0.6577912629482071 0.5316766798561151 0.5498534103585657 0.5120878489208633 0.5396891434262948 0.512983309352518 0.5189604123505976 0.48958864028776977 0.5009749223107569 0.4773316690647482 0.5209240219123505
0 0.6625862877697842 0.7887884322709163 0.6551984244604316 0.7359910278884462 0.6116832913669065 0.7481251374501993 0.5630750431654676 0.7422696015936255 0.436643309352518 0.7833642450199203 0.4654949172661871 0.8388945079681275 0.5935497553956834 0.8161814023904382 0.6625862877697842 0.7887884322709163
0 0.7561925647482014 0.6162901932270917 0.7409972122302158 0.5963473227091634 0.7280686007194245 0.5998701952191235 0.7561925647482014 0.6162901932270917
0 0.30867208633093524 0.5843211932270915 0.2978982086330935 0.565941735059761 0.28088394244604314 0.5761143067729084 0.30867208633093524 0.5843211932270915
0 0.3390627913669065 0.6242069342629482 0.3146886618705036 0.5929241215139442 0.3084202697841727 0.6101341334661354 0.3390627913669065 0.6242069342629482
0 0.6258709856115108 0.6155375577689244 0.5904991690647482 0.6030302470119522 0.5829994964028777 0.632755874501992 0.6060863453237411 0.6538702689243029 0.6262628129496404 0.6464347091633466 0.6132781978417267 0.6272735438247012 0.6258709856115108 0.6155375577689244
0 0.7919004028776978 0.7649017270916334 0.7998198992805755 0.7774152669322709 0.7758655935251798 0.7883716235059761 0.782189989208633 0.7938456474103586 0.8099501330935251 0.7907105139442231 0.818737082733813 0.7711533047808765 0.806731928057554 0.7652894661354582 0.8402008309352518 0.7738861653386454 0.8641551330935252 0.7629298087649402 0.8414041079136692 0.7500285298804781 0.7919004028776978 0.7649017270916334
0 0.5436540287769784 0.6722663386454184 0.5040285431654676 0.5983566175298805 0.4983757877697842 0.6093088207171314 0.5294661366906475 0.6769628107569721 0.5436540287769784 0.6722663386454184