0 0.6800397 0.3322833782287823 0.6216384566666666 0.3318902601476015 0.5572185399999999 0.3452220110701107 0.5329344466666667 0.35761088929889295 0.5038852066666667 0.34401915129151295 0.4505518733333333 0.34281629151291515 0.4437182633333333 0.3676112730627306 0.4610329266666667 0.38186239483394835 0.47395878999999996 0.3876981642066421 0.5008971033333333 0.38460955719557194 0.56940305 0.4064835147601476 0.6122977933333333 0.4360962121771218 0.6452350033333334 0.5329393173431735 0.6553708266666667 0.531319835793358 0.6565932333333333 0.5147146697416974 0.6498529833333333 0.47020869003690036 0.6618903266666666 0.44275895018450184 0.67896446 0.43759978782287823 0.66712518 0.41700386900369 0.6782428833333334 0.3793689391143911 0.6815450966666666 0.40254443726937267 0.6979401166666667 0.4066103671586716 0.6977307133333333 0.36409976383763837 0.6800397 0.3322833782287823
0 0.4810300166666667 0.08754436162361624 0.47333900333333334 0.055953511070110706 0.37071590666666665 0.021297559040590407 0.3465676366666667 0.03184141881918819 0.35217884 0.02365160332103321 0.34098755333333336 0.01693091328413284 0.2273825733333333 0.01806487269372694 0.13201189666666666 0.04363514575645756 0.10579516 0.10495460147601475 0.09825131666666666 0.16207499446494464 0.11009059666666665 0.18267091143911438 0.21298534333333333 0.21363682841328413 0.23101024 0.19556253874538745 0.25713361333333334 0.20354404243542434 0.26740526 0.20007954059040592 0.33842960333333333 0.23309878597785977 0.44761466666666666 0.24664979520295205 0.4783984833333333 0.2593566143911439 0.4764969633333333 0.2851868726937269 0.6497255933333334 0.26784086531365314 0.6661206133333334 0.271906795202952 0.6771024933333334 0.23611688376383763 0.6593803633333334 0.22740081734317344 0.6188370733333333 0.23387874538745387 0.58965201 0.2221320258302583 0.56791743 0.22256587453874538 0.5377080266666667 0.17937866236162361 0.5055970966666666 0.16202170848708486 0.4621901833333334 0.11668876383763838 0.4810300166666667 0.08754436162361624
0 0.41247608 0.4971964114391144 0.40932103333333336 0.5627321549815498 0.42387677333333335 0.5464277047970479 0.41247608 0.4971964114391144
0 0.42603859666666666 0.426351147601476 0.43535948333333335 0.43580177675276754 0.41413707666666666 0.4519558708487085 0.43277884666666666 0.47085712730627305 0.44277884666666667 0.47108266236162366 0.4341370766666666 0.45240694280442806 0.44457566333333337 0.42399710332103324 0.42603859666666666 0.426351147601476
0 0.4966668166666667 0.5554617103321033 0.4861857633333333 0.5164156088560886 0.5095077533333333 0.42638559778597784 0.5237918466666667 0.413771184501845 0.48021798666666665 0.3933835774907749 0.48964357666666664 0.42408950738007384 0.46230913666666673 0.5232694317343174 0.47482753333333333 0.5346402564575645 0.46346930333333336 0.552864905904059 0.47544441 0.5716158044280443 0.4966668166666667 0.5554617103321033
0 0.46568202333333336 0.29603144649446494 0.4454839633333333 0.3436260332103321 0.4909593433333333 0.3381833819188192 0.5318789833333333 0.34927071771217716 0.6669780133333333 0.32829262730627307 0.6691823 0.2756720110701107 0.5419723433333333 0.2801952933579336 0.46568202333333336 0.29603144649446494
0 0.29335326 0.4372192269372694 0.29692711666666666 0.4567046881918819 0.3103962733333333 0.45516038376383766 0.29335326 0.4372192269372694
0 0.6812536733333333 0.5198910553505536 0.6816300233333333 0.5374563210332104 0.7021733166666667 0.530527319188192 0.6812536733333333 0.5198910553505536
0 0.6741059566666666 0.4809201309963099 0.68019821 0.5115508837638376 0.6946181266666667 0.49709145018450185 0.6741059566666666 0.4809201309963099
0 0.41066792 0.4537257103321033 0.43624800333333336 0.46908728782287823 0.45814952333333336 0.44370810147601475 0.44804481999999995 0.42222726383763837 0.42603859666666666 0.426351147601476 0.4280137 0.44487651107011067 0.41066792 0.4537257103321033
0 0.3367374866666667 0.301439647601476 0.33595367 0.28940943911439115 0.36316363 0.28263079520295203 0.36023776333333335 0.27702056088560884 0.3335710966666667 0.27641913099630994 0.31568202333333334 0.2926484040590406 0.3235399766666667 0.29929391512915127 0.29768825000000004 0.2876223745387454 0.27047828999999995 0.29440101845018446 0.28445961999999997 0.30857696125461254 0.3367374866666667 0.301439647601476
0 0.5137918466666667 0.413545647601476 0.51196391 0.4837315276752767 0.5226430233333333 0.47473197232472325 0.52899558 0.4111164243542435 0.5137918466666667 0.413545647601476