0 0.3423695905797101 0.7119807791164658 0.40556385144927537 0.7093428795180723 0.4726037427536232 0.6915206566265061 0.49644886956521744 0.6768254317269076 0.5304776557971015 0.6900258413654619 0.5883515760869564 0.6885310261044176 0.5909331666666666 0.6613113514056225 0.5694589601449275 0.6467810080321286 0.5543584601449275 0.6411370361445783 0.5258428478260869 0.6458962269076305 0.44756592391304345 0.6257933634538153 0.3954693731884058 0.5959632911646586 0.34110892753623184 0.4927780401606426 0.3304682463768116 0.49506420883534136 0.3323643007246377 0.513117232931727 0.3482718188405797 0.5609783534136545 0.3405805579710145 0.5913470060240964 0.323126981884058 0.5978318112449799 0.3399128623188406 0.6195229156626505 0.335188865942029 0.6608772570281124 0.32712977173913044 0.6359437510040161 0.3086228260869565 0.6323990963855421 0.3170854311594203 0.6784411787148594 0.3423695905797101 0.7119807791164658
0 1 0.860522451807229 0.98733825 0.8441606506024096 0.8701335398550725 0.8160122469879518 0.8541546739130434 0.8365382911646586 0.8243750253623189 0.8292621345381526 0.8139450108695652 0.8335541947791164 0.7307869311594203 0.801509407630522 0.6101579420289855 0.7925571124497992 0.5744259275362319 0.7804063634538152 0.5714765 0.7523238795180722 0.3876175760869565 0.7802030662650603 0.3691106304347826 0.7766584136546185 0.36417596376811595 0.8160068654618474 0.38501814855072464 0.8245195341365462 0.42758089130434784 0.8153748594377509 0.4613990108695652 0.826569373493976 0.4848049528985507 0.8249591606425702 0.525821634057971 0.870160407630522 0.5638888913043478 0.8872791746987951 0.6195847246376811 0.934112608433735 0.6048698985507247 0.9666740020080322 0.6188782101449275 0.9994991807228916 0.9920576304347826 0.9898603995983936 1 0.9571304578313252 1 0.860522451807229
0 0.599591981884058 0.5192887248995984 0.5903045181159421 0.44812628714859437 0.5777321014492753 0.46655301606425703 0.599591981884058 0.5192887248995984
0 0.5986601014492754 0.5967491164658635 0.5867553768115942 0.586999937751004 0.6065620326086957 0.5683863554216867 0.5827525833333332 0.5488879939759036 0.5719012246376812 0.5491682730923695 0.5848593152173912 0.5689469116465863 0.5790819528985507 0.600271797188755 0.5986601014492754 0.5967491164658635
0 0.49731277173913047 0.4605848172690763 0.5162053913043478 0.5023348373493975 0.5084427789855073 0.601090656626506 0.4954490108695653 0.6155056004016064 0.5464921992753624 0.6353062128514056 0.530356170289855 0.6025359919678716 0.540682536231884 0.4936572891566265 0.524950018115942 0.48199564457831323 0.5336946449275363 0.4616564497991968 0.5171194311594203 0.4419712389558233 0.49731277173913047 0.4605848172690763
0 0.5810638224637681 0.7400082530120482 0.5936719166666667 0.6873879417670682 0.5455781557971014 0.6956698112449798 0.49920545652173914 0.6858052329317269 0.35725941666666666 0.715618859437751 0.36507216666666664 0.7727400562248996 0.5016800217391304 0.7611663072289157 0.5810638224637681 0.7400082530120482
0 0.7399562826086956 0.5780146064257028 0.7323185326086956 0.5570928815261044 0.7180607282608696 0.5594724799196787 0.7399562826086956 0.5780146064257028
0 0.30470922101449277 0.5088031987951808 0.3008992644927536 0.48979394176706825 0.28003923913043477 0.498378062248996 0.30470922101449277 0.5088031987951808
0 0.31998471739130435 0.5506466445783132 0.30746580797101447 0.5177829979919678 0.29468271739130436 0.5342038333333333 0.31998471739130435 0.5506466445783132
0 0.609968481884058 0.5662870401606426 0.5793461376811594 0.5509873132530121 0.5605928442028986 0.5796303514056225 0.5756755036231884 0.6023711144578313 0.5986601014492754 0.5967491164658635 0.59293625 0.5767836265060241 0.609968481884058 0.5662870401606426
0 0.7193749057971014 0.7273848433734941 0.7225528405797101 0.7403764257028113 0.6944585760869565 0.7491474016064257 0.698707713768116 0.7550716485943776 0.727644670289855 0.7543242429718876 0.7438342101449275 0.7358040883534136 0.7340540579710144 0.729017032128514 0.764255054347826 0.7403049738955824 0.7923493188405797 0.7315339999999999 0.774492231884058 0.7169102309236948 0.7193749057971014 0.7273848433734941
0 0.5063003731884058 0.6152253232931727 0.49467767028985504 0.5390948674698796 0.48487967753623185 0.5494046044176707 0.4903393442028986 0.6186545783132531 0.5063003731884058 0.6152253232931727