0 0.23968557931034484 0.40879076806083653 0.2560612344827586 0.4043847091254753 0.25644723793103447 0.38046689543726236 0.2728135448275862 0.4190885684410646 0.26328873103448275 0.4404623536121673 0.2815663620689655 0.44555041254752853 0.2975541448275862 0.473667716730038 0.2964017482758621 0.5196045247148289 0.2998253 0.5366939353612168 0.31048755862068966 0.5382277148288973 0.3318345103448276 0.43802871292775664 0.3722067931034483 0.4069542395437262 0.4399955172413793 0.38351185741444865 0.46817461724137927 0.38633604942965777 0.48074258965517236 0.3801528498098859 0.49673972068965516 0.36524242205323193 0.4864634586206896 0.3397908288973384 0.4316268379310345 0.3417377433460076 0.403444 0.3561246463878327 0.3767902137931034 0.34368465779467683 0.30862856896551727 0.33080603231939165 0.2484608206896552 0.3319860570342205 0.23436379655172415 0.36499614638783273 0.23968557931034484 0.40879076806083653
0 0.23896216896551725 0.2328821939163498 0.2549480827586207 0.2696050456273764 0.27132374137931037 0.2651989885931559 0.45220365172413796 0.2807688269961977 0.44687812758620693 0.25418529847908744 0.47696480689655174 0.2406869657794677 0.5877829724137932 0.22527851711026617 0.6567166206896552 0.1903215114068441 0.667759275862069 0.1937541121673004 0.6936560103448276 0.18518536121673004 0.7145964 0.2035651844106464 0.8166598827586207 0.17030043536121672 0.8261846965517241 0.1489266482889734 0.810965175862069 0.09018480608365019 0.7759445827586208 0.027365157794676808 0.7316317275862069 0.01643611216730038 0.5484690103448276 0.012321361216730038 0.5531745413793103 0.01806340114068441 0.5382929724137931 0.012092756653992395 0.5157902931034483 0.011587233840304181 0.4255984620689655 0.044584633079847905 0.42178329999999997 0.07722967680608366 0.4450060586206897 0.1070024391634981 0.4061534862068965 0.15427775095057034 0.37530414827586206 0.17258398288973384 0.34978033103448275 0.2174737433460076 0.32731275862068965 0.21731526425855513 0.2987495275862069 0.22980334410646389 0.2561004827586207 0.22366823764258556 0.23896216896551725 0.2328821939163498
0 0.5404925689655172 0.5491849258555133 0.5576252724137931 0.5657876083650191 0.5458349137931034 0.4983185380228137 0.5404925689655172 0.5491849258555133
0 0.5214691034482759 0.47145484980988595 0.5382288931034482 0.45173652281368826 0.5142416068965517 0.4353772053231939 0.5226215000000001 0.42551804182509506 0.5032008206896551 0.4233390589353612 0.5176651586206896 0.45246661596958176 0.5111872379310345 0.4718198954372624 0.5214691034482759 0.47145484980988595
0 0.45674222068965514 0.424032355513308 0.462461224137931 0.3922758821292776 0.4201869689655172 0.41385623574144487 0.4365588827586207 0.4266612718631179 0.47233466206896546 0.5190952072243347 0.4666137931034483 0.5594572281368821 0.49060107586206897 0.5758165437262357 0.5005062862068966 0.5563415817490495 0.48642047586206894 0.5377183954372624 0.49784726206896557 0.5258387262357413 0.45674222068965514 0.424032355513308
0 0.40344586896551726 0.3475190988593156 0.4441948103448276 0.3355545437262357 0.4917945896551724 0.34055771863117873 0.4647678862068966 0.29179672053231936 0.3840401379310345 0.27649574524714826 0.25228158275862067 0.27352437262357415 0.2614091862068965 0.327701680608365 0.40344586896551726 0.3475190988593156
0 0.6456160310344827 0.4536608460076046 0.6597055793103448 0.4550729429657795 0.6608523689655172 0.43495277376425856 0.6456160310344827 0.4536608460076046
0 0.2514628620689655 0.5364986634980989 0.2735481724137931 0.5433638650190115 0.27164806896551724 0.5252641996197719 0.2514628620689655 0.5364986634980989
0 0.25489762413793104 0.5019547946768061 0.2716499344827586 0.5166586539923954 0.2739416482758621 0.48502386311787077 0.25489762413793104 0.5019547946768061
0 0.5229981551724138 0.4446279581749049 0.5226215000000001 0.42551804182509506 0.49939313793103446 0.4215619163498099 0.49177216551724134 0.4438242737642586 0.5176614172413794 0.4696777072243346 0.542036575862069 0.45351366539923954 0.5229981551724138 0.4446279581749049
0 0.6189958862068965 0.2863210247148289 0.5984358896551725 0.26984002471482893 0.5710175793103448 0.27081348288973384 0.5687314724137932 0.2766316349809886 0.5976713620689655 0.2832534714828897 0.5984302827586206 0.2956566634980988 0.6532650379310345 0.30231529657794676 0.665834875862069 0.28752654942965783 0.6368949862068966 0.28090471292775665 0.6117590448275863 0.2932711121673004 0.6189958862068965 0.2863210247148289
0 0.41447544137931036 0.41119052471482886 0.4293127 0.4766390893536122 0.4414965379310345 0.4857681596958175 0.43046883103448275 0.41349119011406843 0.41447544137931036 0.41119052471482886