0 0.5045699771428571 0.23493575199203187 0.49427739285714284 0.2378470358565737 0.5062864885714286 0.24785301195219123 0.5198337342857143 0.2520351743027889 0.5328762085714286 0.24703343426294821 0.5659831885714286 0.24927557270916334 0.5971252457142857 0.22844591334661354 0.58249841 0.21448248705179282 0.5624339014285714 0.20723860856573706 0.5444202557142858 0.1922296434262948 0.5311293685714286 0.18707684561752988 0.47492924999999997 0.12248742131474104 0.4481611671428571 0.10456592330677292 0.44535712 0.09299257071713148 0.4552070357142857 0.08343602091633467 0.4732986728571429 0.07873327490039841 0.5053802257142858 0.0848579561752988 0.5101809771428572 0.07500241235059761 0.48610862285714285 0.04132665039840638 0.4746042971428571 0.04050457470119522 0.45787244000000005 0.020642429282868528 0.4411947428571429 0.0144440906374502 0.40706232857142854 0.01608449701195219 0.4014304 0.02631331374501992 0.3864692157142857 0.03303223705179283 0.36516913285714286 0.055430518924302785 0.31658825 0.06184857569721116 0.29856665857142856 0.05796478386454183 0.28769925571428573 0.06027870418326693 0.27727451999999997 0.06923789243027888 0.2784162142857143 0.08155779083665339 0.3118178242857143 0.11874344721115539 0.34516527428571425 0.14226529681274902 0.3755685814285714 0.17138687151394422 0.4567040085714286 0.22477809262948206 0.4751061642857143 0.23276851792828684 0.4926229828571429 0.2274684093625498 0.5045699771428571 0.23493575199203187
0 0.44638255 0.08911002788844623 0.4458618914285714 0.10217647310756972 0.4751856085714286 0.12151678486055777 0.5270435314285714 0.18035667430278884 0.5565615042857143 0.19618771513944222 0.5778536442857143 0.18491460657370518 0.5953784057142857 0.16848932470119524 0.5952542 0.16341205577689244 0.5309365671428572 0.09904609561752988 0.5182826014285714 0.09702929482071714 0.5071588414285715 0.1003138515936255 0.5065298628571429 0.08605268127490039 0.4710615014285714 0.07888245916334662 0.4612816328571429 0.07985247011952191 0.44638255 0.08911002788844623
0 0.6518507728571429 0.2098577669322709 0.63799301 0.19298243426294823 0.5956347642857143 0.16751868824701194 0.5568799642857143 0.1977557141434263 0.6157216542857142 0.23292706772908367 0.6505689828571428 0.21471094621513945 0.6518507728571429 0.2098577669322709
0 0.771398702857143 0.264819484063745 0.7521032685714286 0.2546636972111554 0.7366373114285715 0.25219871812749006 0.7345322914285713 0.24629999800796815 0.6705475557142857 0.25279171115537846 0.6363530371428572 0.2518934810756972 0.6500865928571429 0.26369154581673304 0.7169916371428571 0.2849756274900398 0.7009970771428571 0.30670226693227093 0.7000958528571428 0.3156620796812749 0.7108152171428571 0.34164641035856574 0.7216125728571429 0.34791902888446213 0.7370243685714286 0.33672019920318724 0.7457325914285715 0.31484375 0.7614628514285714 0.30521291932270916 0.7676074942857143 0.2930428296812749 0.8007303657142857 0.27303462250996013 0.7905699314285715 0.269898 0.7744591100000001 0.27542219820717134 0.771398702857143 0.264819484063745
0 0.6416585614285715 0.2512218396414343 0.6750219000000001 0.2524933416334661 0.7353013642857144 0.24338809063745018 0.7315339885714286 0.23823591733067728 0.70635821 0.22815441135458167 0.6737018414285715 0.22143236752988046 0.6422413242857142 0.24069402888446215 0.6416585614285715 0.2512218396414343
0 0.4483012614285714 0.08739284462151395 0.4461182485714286 0.10120583665338645 0.4774848842857143 0.12390623505976095 0.5129915157142857 0.16699061155378483 0.5407149842857143 0.18961610458167333 0.6086916742857144 0.23180662350597608 0.6140593000000001 0.23367361454183266 0.6262705957142857 0.22904514840637452 0.65082534 0.2137403107569721 0.6416982828571429 0.19559597211155377 0.5941666657142858 0.1647559651394422 0.5346418385714286 0.10165963346613546 0.5120216957142857 0.09299694123505975 0.5175214742857143 0.08881602888446216 0.4665871557142858 0.07918082768924303 0.4483012614285714 0.08739284462151395
0 0.4744136314285714 0.307508734063745 0.4882872814285715 0.3021337211155379 0.5100459214285714 0.264130359561753 0.5011672771428571 0.25614055876494024 0.4839768628571428 0.25188349203187255 0.4727130071428572 0.2723411264940239 0.45218994 0.28070232868525896 0.4247069428571429 0.2793565458167331 0.3980471785714285 0.28876266334661355 0.39900255999999995 0.2934666583665339 0.4744136314285714 0.307508734063745
0 0.5250518685714286 0.373740438247012 0.5180468114285715 0.3267971952191235 0.54466037 0.29259097211155377 0.5198887228571428 0.26435888346613545 0.47874156 0.2537538207171315 0.3887353571428572 0.2839274551792829 0.4740876571428571 0.31574395418326695 0.4576947157142857 0.35562715039840637 0.5250518685714286 0.373740438247012
0 0.5732705957142857 0.42694283665338645 0.5673267014285714 0.39535934760956176 0.49857680857142855 0.37833093525896416 0.48729347285714286 0.4210525059760956 0.5732705957142857 0.42694283665338645
0 0.4878064442857143 0.41911026294820714 0.5844243957142857 0.43046233366533865 0.7381844714285715 0.4127671852589641 0.7289110657142858 0.360404938247012 0.5767855528571428 0.3928199183266932 0.4980638357142857 0.3802731782868526 0.4878064442857143 0.41911026294820714
0 0.73558117 0.4780994113545817 0.789399337142857 0.4752734113545817 0.7738212128571429 0.45660158665338646 0.7262734285714285 0.4591413555776892 0.73558117 0.4780994113545817
0 0.4599939928571428 0.35801660059760954 0.4193598028571429 0.3454692958167331 0.4045709342857143 0.3722392280876494 0.44821537 0.3804232729083666 0.48398759857142853 0.40028965338645417 0.49627753142857145 0.3759414860557769 0.4599939928571428 0.35801660059760954
0 0.6179897285714285 0.33665520119521913 0.5645891471428571 0.30588521912350597 0.5321230499999999 0.3067807201195219 0.6005885257142857 0.3581657420318725 0.6164614700000001 0.3604932868525897 0.6179897285714285 0.33665520119521913
0 0.08187246714285715 0.26264630976095615 0.16531443857142858 0.2867673486055777 0.16687218714285715 0.2586846743027888 0.0978758 0.23150000796812747 0.08187246714285715 0.26264630976095615
0 0.3389884685714286 0.46799355478087645 0.3773599014285714 0.4379321175298805 0.35769785857142855 0.4125384033864542 0.31446114 0.45421420318725103 0.3389884685714286 0.46799355478087645
0 0.40338845 0.23802774003984065 0.4000549528571429 0.19669376792828686 0.3676090942857143 0.175333546812749 0.3647605857142857 0.21939845717131473 0.40338845 0.23802774003984065