0 0.35858789765625 0.24291565610328636 0.32128000624999997 0.24712804812206574 0.30008783906250003 0.23186951643192488 0.2721140484375 0.2273086279342723 0.2678590359375 0.23577885915492958 0.2678965125 0.2595227781690141 0.25243540468750003 0.27769059037558685 0.2521598296875 0.28664569953051644 0.255550640625 0.2812968779342723 0.26098290546874997 0.2844940481220657 0.25455445781249997 0.298691911971831 0.25554799375 0.3163293861502347 0.26091426640625 0.32666336971830984 0.28772241484375 0.33914899882629107 0.30654846796875 0.311480588028169 0.32354000390625004 0.3084803943661972 0.33834649453125 0.2916156948356807 0.35735361640624996 0.29300971830985917 0.402450925 0.28029678873239433 0.41937646953124996 0.28443340962441316 0.44575384140625 0.28096349061032866 0.45917084921875 0.2892821924882629 0.47431625781250003 0.29135807863849766 0.4785712703125 0.28288784741784034 0.4801962046875 0.2600379237089202 0.45869098671874997 0.22999058215962442 0.44139800859375 0.23779410680751176 0.42922424453124997 0.23400599061032865 0.378315628125 0.23586975469483568 0.35858789765625 0.24291565610328636
0 0.27934803828125 0.46650550234741783 0.287815290625 0.49588613849765256 0.314896365625 0.5344491666666666 0.32407261796875 0.535797734741784 0.32636377890625 0.5312368415492957 0.3304609421875 0.5328884589201878 0.331744309375 0.5261304577464788 0.3310379578125 0.5191300176056338 0.3210117625 0.5054624917840376 0.3159210640625 0.4861734002347418 0.31919415 0.479657838028169 0.3221943109375 0.4470648767605634 0.3180712796875 0.4412614812206573 0.30922233671875 0.4392613568075117 0.2957535953125 0.4226391009389671 0.29236278359375 0.4279879237089202 0.28594859296875 0.4267454225352113 0.28228220625 0.44104935446009386 0.2835111921875 0.4610203075117371 0.27934803828125 0.46650550234741783
0 0.37199899765625 0.6757762335680751 0.3873397328125 0.6914741901408451 0.40518121249999994 0.7007929542253521 0.40807790390625 0.6515928884976526 0.40377380546874997 0.6167270575117371 0.39873484062500003 0.6057415187793427 0.3980284890625 0.5987410774647888 0.40207391875000004 0.5920891431924883 0.38671892578125 0.5918315528169014 0.36698854765625 0.6339099636150234 0.37373004765625 0.6345009084507043 0.3751052734375 0.6247578708920188 0.38032795390624996 0.62977333685446 0.38268510624999996 0.6180756314553991 0.385119859375 0.6188332546948357 0.3888068171875 0.6787461150234742 0.38473552031249997 0.6812462734741784 0.3791596640625 0.6727305880281691 0.37199899765625 0.6757762335680751
0 0.44922428984374996 0.6075143485915493 0.4415409890625 0.5975894823943662 0.4274809734375 0.6101660340375586 0.42966601875 0.6240305422535212 0.42496597265625 0.6319855903755869 0.42156090312499994 0.6527747781690142 0.42752741250000004 0.6885346032863849 0.43919015078125 0.6989443474178404 0.44813095234375 0.6979594354460094 0.458119671875 0.6878830422535211 0.447387125 0.6672150762910799 0.45028381640625004 0.6180150082159623 0.44922428984374996 0.6075143485915493
0 0.40342592578124997 0.5431618215962442 0.40368724296874997 0.5496470774647887 0.4101932921875 0.5479045422535211 0.40419826796875 0.5430254483568075 0.43419029218749994 0.51694804342723 0.43411269140625003 0.5044927147887324 0.4221485109375 0.4988863028169014 0.40526044296875 0.5184936009389671 0.38930256640625 0.527842677230047 0.40342592578124997 0.5431618215962442
0 0.45776812578125003 0.48962813849765263 0.46069964609375 0.4992044976525821 0.46898583125000004 0.4995226983568075 0.5025381265625 0.47756676408450704 0.51030167578125 0.4649144518779343 0.509830775 0.4602474906103286 0.50149285625 0.4516257382629108 0.4742771515625 0.46236884272300466 0.46440615703125 0.4736119765258216 0.45776812578125003 0.48962813849765263
0 0.48264725078125004 0.5647995316901409 0.481731315625 0.5596173884976526 0.475762159375 0.5588900704225351 0.47834050390625 0.5649662100938967 0.48264725078125004 0.5647995316901409
0 0.467935265625 0.5436466877934273 0.46644231484375 0.552222985915493 0.47023803593749997 0.5586779366197183 0.47701965937499996 0.5479802922535212 0.4727530375 0.5368583814553991 0.47531977265625003 0.5233423791079812 0.46965205781249997 0.5178117276995305 0.45517287578125 0.5340248720657277 0.456978878125 0.5402373849765258 0.467935265625 0.5436466877934273
0 0.44706776015624994 0.5627691079812207 0.44479085703125004 0.5518896349765259 0.437747915625 0.5561020223004695 0.43946206015625 0.5652995715962441 0.44278688046875 0.5670875622065727 0.44706776015624994 0.5627691079812207
0 0.41745742578125 0.561466 0.40945842578124997 0.5717848333333334 0.41259952968749997 0.579542896713615 0.43628083125000006 0.5688300974178404 0.43632095546875 0.5575415082159625 0.42470995078125 0.5554353157276996 0.41745742578125 0.561466
0 0.22855083281250002 0.37987884624413143 0.2110224046875 0.3853488908450704 0.19574501328125 0.3975466302816901 0.18292824140625 0.41465376995305164 0.181435290625 0.42323006807511737 0.18575364609375 0.4426555316901409 0.19780968515625 0.4452769072769953 0.22658433359375 0.418820691314554 0.22795955937499998 0.4090776537558685 0.22322203593749998 0.39328878169014087 0.22881215078125 0.38636410328638493 0.22855083281250002 0.37987884624413143
0 0.22757257343749998 0.5065231819248827 0.2332402875 0.5120538321596244 0.23974633671875 0.5103112969483569 0.2467634109375 0.501947132629108 0.25266922421875 0.4747787546948357 0.25196287265625 0.4677783133802817 0.23685758828124998 0.45441383920187794 0.22936961406249998 0.45811104342723 0.2233202078125 0.4799609049295775 0.22757257343749998 0.5065231819248827
0 0.16504663749999998 0.4166235950704225 0.15373707421875 0.4097140704225352 0.14959978671875002 0.4193510422535211 0.15529336875 0.42903346830985917 0.15569827890625001 0.44083724178403755 0.15328939296875 0.4442313955399061 0.1490745046875 0.44141303638497653 0.14570955937500002 0.45091363497652587 0.1528818359375 0.46746013028169014 0.16032968593750002 0.475051515258216 0.165408775 0.47474846596244136 0.17492659296875 0.4600051115023474 0.17423450000000001 0.4375643051643192 0.16504663749999998 0.4166235950704225