0 0.1124937879581152 0.20389824817518248 0.1131978717277487 0.1852575109489051 0.09260991361256544 0.17360326642335766 0.08264810471204188 0.20650714598540146 0.09975539005235601 0.21526233576642334 0.1124937879581152 0.20389824817518248
0 0.2612184685863874 0.32639775182481756 0.2676436387434555 0.3056552627737226 0.25212865183246075 0.29547956569343065 0.2441111832460733 0.31764256204379565 0.2612184685863874 0.32639775182481756
0 0.2270598664921466 0.29382693065693427 0.23926209162303663 0.2559222481751825 0.2174338769633508 0.23636814233576642 0.20363935340314138 0.2756933394160584 0.2270598664921466 0.29382693065693427
0 0.17255341361256543 0.2704023795620438 0.18021884031413613 0.25755974817518246 0.16977682984293194 0.24886258759124089 0.16370370157068062 0.26028470802919706 0.17255341361256543 0.2704023795620438
0 0.15511031413612564 0.3520098503649635 0.1627757382198953 0.3391672189781022 0.15551832460732984 0.32762904014598543 0.14690871204188483 0.3383118832116788 0.15511031413612564 0.3520098503649635
0 0.09973186649214659 0.3924073686131387 0.11500674869109948 0.3817825510948905 0.0982515052356021 0.3637069890510949 0.08834566753926701 0.38155042700729924 0.09973186649214659 0.3924073686131387
0 0.1703616727748691 0.5185300620437956 0.1838041544502618 0.4885252372262774 0.15566270942408378 0.45959273722627736 0.14186818586387434 0.49891793065693424 0.1703616727748691 0.5185300620437956
0 0.23146120157068062 0.4760307919708029 0.2372382565445026 0.458868598540146 0.2267962408376963 0.4501714379562044 0.21689040314136127 0.46801487591240876 0.23146120157068062 0.4760307919708029
0 0.2541776335078534 0.5128051204379562 0.2624911727748691 0.49638219708029196 0.25145701308900525 0.4762048868613139 0.2390146884816754 0.49330905109489054 0.2541776335078534 0.5128051204379562
0 0.2052478769633508 0.3553151204379562 0.20819237434554974 0.3316735802919708 0.18182736387434556 0.3371815291970803 0.1833636937172775 0.3508214598540146 0.2052478769633508 0.3553151204379562
0 0.2718446151832461 0.37095587591240875 0.26334694240837697 0.35151783576642337 0.22370736125654447 0.3418492810218978 0.22459557853403142 0.359069503649635 0.2718446151832461 0.37095587591240875
0 0.05578828795811519 0.6867887043795621 0.045938418848167545 0.689571697080292 0.05667650523560209 0.7040089343065693 0.05578828795811519 0.6867887043795621
0 0.2727815 0.6313029817518248 0.2950736963350785 0.6114158248175183 0.2701168534031414 0.579642302919708 0.25637829842931936 0.6039070510948905 0.2727815 0.6313029817518248
0 0.33852976701570686 0.5336207737226277 0.31610941099476436 0.5025865218978103 0.2966497722513089 0.5289530218978102 0.30196284293193715 0.5512320802919708 0.3206624267015707 0.5585667627737226 0.33852976701570686 0.5336207737226277
0 0.44944726701570675 0.6658317299270073 0.4605373952879581 0.670948598540146 0.4523357958115183 0.6572506313868612 0.45722463350785336 0.6228682116788321 0.44070949476439786 0.6255931715328468 0.41545657591623036 0.5880795729927007 0.3655031439790576 0.6206352664233578 0.3545971492146597 0.6513793613138686 0.3595581806282723 0.6829787919708029 0.3775536806282722 0.7089542080291971 0.4070473193717277 0.7156656788321168 0.45157574083769636 0.6909518102189781 0.4433741413612565 0.6772538503649635 0.44944726701570675 0.6658317299270073
0 0.3718958664921466 0.43780818978102193 0.37837700523560214 0.4020052591240876 0.35784501832460736 0.37529057299270074 0.3178533952879581 0.37494238321167883 0.30600321465968583 0.403526697080292 0.3453069790575916 0.5035579160583942 0.39923751047120415 0.5965446094890511 0.42147373298429314 0.591717897810219 0.38259420418848167 0.5483481642335767 0.3337366439790576 0.4568400109489051 0.3429943691099477 0.4425768686131387 0.3718958664921466 0.43780818978102193
0 0.2951531884816754 0.4192103503649635 0.3047069869109948 0.41068728467153287 0.2923766020942408 0.39767056204379564 0.2856553612565445 0.41267297445255474 0.2951531884816754 0.4192103503649635
0 0.30989189528795813 0.38204493795620437 0.31596502356020945 0.3706228211678832 0.276325442408377 0.3609542664233577 0.2778617722513089 0.374594197080292 0.30989189528795813 0.38204493795620437
0 0.47289130628272247 0.5068202919708029 0.47205906020942406 0.47453962043795617 0.45093492931937174 0.43634478102189783 0.4086469214659686 0.45605784306569347 0.4034620104712042 0.48470018978102186 0.418865057591623 0.5249967773722628 0.4480066570680628 0.5410286167883211 0.47726019371727746 0.5269395693430656 0.5902339738219895 0.6182887591240877 0.5482258167539267 0.562699598540146 0.5142351282722513 0.48494744890510944 0.4939432434554974 0.4790332773722628 0.47289130628272247 0.5068202919708029
0 0.3397611047120419 0.20229101459854013 0.35888492408376965 0.2662871715328467 0.39274744764397906 0.29311792335766423 0.421648945026178 0.2883492408759124 0.43981235602094243 0.2691433284671533 0.4539589188481675 0.2204977700729927 0.43801969895287957 0.15366058759124088 0.3917708167539267 0.12887355474452555 0.35390766753926706 0.15364545255474454 0.3397611047120419 0.20229101459854013
0 0.3877539712041885 0.09943390875912408 0.4030848246073298 0.0737486496350365 0.38190472251308905 0.05061425182481752 0.36751805759162304 0.07845929562043796 0.3877539712041885 0.09943390875912408
0 0.5574348717277487 0.3053095802919708 0.5358467617801047 0.30655599635036496 0.5156108481675393 0.2855813832116788 0.4822285261780105 0.30035167518248174 0.4719146727748691 0.3425759197080292 0.4848372015706806 0.36707279562043793 0.5041849031413613 0.37082718248175184 0.5267731675392671 0.356680102189781 0.5400477408376964 0.37185660583941604 0.5582111518324607 0.3526506934306569 0.5646363193717278 0.33190820437956203 0.5574348717277487 0.3053095802919708
0 0.46802598952879587 0.3640576788321168 0.46908211518324605 0.3360965766423358 0.4376441335078534 0.3401259817518248 0.4385323481675393 0.3573462080291971 0.46802598952879587 0.3640576788321168
0 0.6174782801047121 0.2907714160583942 0.623255335078534 0.2736092226277372 0.6153498062827225 0.2656513321167883 0.6086285654450262 0.28065374817518246 0.6174782801047121 0.2907714160583942
0 0.5941137356020942 0.25757738321167883 0.6043716178010471 0.23041358029197082 0.5955219031413612 0.22029590875912408 0.598170327225131 0.19091429197080292 0.5858399424083769 0.1778975693430657 0.5752859869109948 0.19932129562043796 0.5904489319371727 0.2188173686131387 0.5852640235602093 0.24745971532846714 0.5941137356020942 0.25757738321167883
0 0.6545975994764398 0.38074299270073 0.6705927879581152 0.43251973357664236 0.6871079267015707 0.42979477372262775 0.7051034293193718 0.4557701897810219 0.6917169188481676 0.4707145693430657 0.6871801204188482 0.4957766240875912 0.69667795026178 0.502314 0.7190820837696335 0.4523059598540146 0.6982540261780106 0.41985119708029195 0.6929969214659686 0.38251169343065694 0.6613188403141361 0.3657405802919708 0.6545975994764398 0.38074299270073
0 0.6289764188481676 0.2715074708029197 0.6109411727748691 0.34163479197080293 0.6235676308900523 0.36039159124087594 0.6607266963350785 0.3542604306569343 0.678890107329843 0.3350545182481752 0.6892039554973822 0.2928302700729927 0.702534497382199 0.29294633211678833 0.6820584816753926 0.251171200729927 0.6503244293193717 0.24946053284671535 0.6289764188481676 0.2715074708029197
0 0.8946122356020942 0.7070012846715329 0.8990930628272251 0.6969996788321168 0.8723597853403142 0.630785704379562 0.8482911570680628 0.6162324051094891 0.8311279031413613 0.6225376605839417 0.8268149869109948 0.5873579379562044 0.8042267198952879 0.6015050182481751 0.8461789083769633 0.6721546167883212 0.8946122356020942 0.7070012846715329
0 0.757329722513089 0.5802982773722628 0.768235717277487 0.5495541824817518 0.7445191335078535 0.5256805182481752 0.7544249712041885 0.5078370875912408 0.7420945890052356 0.49482036131386864 0.7346692643979058 0.5284635109489051 0.7447592356020942 0.5464810401459854 0.7402224371727749 0.5715430875912408 0.757329722513089 0.5802982773722628
0 0.7033359188481676 0.7605593540145985 0.7085768010471204 0.7168565656934307 0.690525329842932 0.705941594890511 0.6786751492146598 0.734525905109489 0.7033359188481676 0.7605593540145985
0 0.6533102931937174 0.727133197080292 0.6578470890052356 0.7020711459854014 0.6474610471204189 0.6783135401459854 0.6234086413612565 0.7448025364963504 0.6297218717277486 0.7541809379562044 0.6533102931937174 0.727133197080292
0 0.8809207303664922 0.3769759744525547 0.8539635732984293 0.3710037737226277 0.8799205732984293 0.3898766350364964 0.8809207303664922 0.3769759744525547
0 0.9151352984293194 0.3944863576642336 0.8856416596858638 0.3877748868613139 0.9109505445026178 0.4102280401459854 0.9151352984293194 0.3944863576642336
0 0.9976712565445025 0.47696429562043796 0.9556630968586388 0.4213751386861314 0.9147272853403141 0.41886716788321166 0.9244652146596859 0.44620506569343066 0.9976712565445025 0.47696429562043796
0 0.763706219895288 0.3164289160583941 0.7341566125654451 0.32477788686131387 0.7334525287958116 0.3434186240875913 0.7495596570680628 0.36507447445255475 0.7920877643979057 0.3661619306569343 0.8329116387434554 0.3987907883211679 0.7661867382198952 0.3322286277372263 0.763706219895288 0.3164289160583941
0 0.3468942591623037 0 0.35028260994764393 0.018782700729927007 0.37659165183246074 0.028335193430656932 0.38679356282722516 0.01623183576642336 0.38161883769633503 0 0.3468942591623037 0