0 0.39169313852813853 0.5233037520661157 0.3620040497835498 0.5247973016528925 0.35887458225108226 0.5621607107438016 0.3774212142857143 0.5779477933884298 0.39438455411255413 0.5540478140495867 0.4094973095238095 0.6136907768595041 0.44290055194805195 0.6064370165289256 0.47968940476190475 0.6445036487603306 0.4836838354978355 0.6768391074380166 0.4954109805194805 0.6911616776859504 0.5156986796536797 0.6404326818181818 0.5348541298701299 0.6432348305785124 0.535743222943723 0.6683455619834711 0.5510750064935065 0.6939347892561983 0.5632160714285714 0.6847380206611571 0.5626313831168831 0.6531348223140496 0.5828095714285714 0.619432694214876 0.5748207121212121 0.5547617809917356 0.6279269675324676 0.465175826446281 0.6117914740259741 0.4420371363636364 0.6451575952380952 0.31804583471074377 0.6350620064935064 0.25423405785123965 0.6029617813852814 0.2630792148760331 0.6159306904761904 0.2068437768595041 0.6113274437229438 0.18749325206611572 0.5942787207792207 0.18383196694214876 0.5836355692640692 0.20515453305785122 0.5470416103896104 0.17762229752066117 0.5281051883116883 0.14076641322314049 0.5238675995670995 0.1870728305785124 0.5005840779220779 0.21355022727272727 0.4828411558441558 0.19531261157024796 0.46487920995670995 0.21112872727272727 0.4145367640692641 0.1976943305785124 0.4001794545454545 0.22477710743801652 0.3761163506493506 0.20911690495867769 0.3602611341991342 0.22407388429752065 0.34288387445887447 0.2714932024793389 0.3473776082251082 0.3078705909090909 0.3666184372294372 0.3382340082644628 0.35215161904761905 0.3823436487603306 0.35725416883116884 0.40573610330578513 0.3465015021645022 0.44408553719008265 0.3548189025974026 0.457675847107438 0.3531019632034632 0.47960378925619834 0.3628318917748918 0.4777586280991735 0.39169313852813853 0.5233037520661157
0 0.6058351017316018 0.143032 0.5983214134199134 0.126991152892562 0.58909079004329 0.1328782438016529 0.5933896277056276 0.1587212355371901 0.6058351017316018 0.143032
0 0.5671102813852814 0.16094704132231405 0.5764504220779221 0.13803307851239668 0.564418867965368 0.13020297933884298 0.5590972922077923 0.14086426033057853 0.5671102813852814 0.16094704132231405
0 0.668745525974026 0.28507596694214876 0.669658751082251 0.26559856611570243 0.6539130476190476 0.263528673553719 0.6526954134199134 0.28949854545454545 0.668745525974026 0.28507596694214876
0 0.6686248701298702 0.5080166528925619 0.6606118787878789 0.4879338719008265 0.6513812554112554 0.49382096280991733 0.6556800952380952 0.5196639545454546 0.6686248701298702 0.5080166528925619
0 0.3348114805194805 0.5465005082644627 0.32779709523809525 0.5345015950413223 0.31435301298701296 0.5421069669421488 0.3165451233766233 0.5688090950413224 0.3348114805194805 0.5465005082644627
0 0.3211966341991342 0.4989833429752066 0.32843004329004327 0.47692852479338843 0.3216105562770563 0.47546400826446283 0.3104680974025974 0.49274464049586775 0.3211966341991342 0.4989833429752066
0 0.3264810909090909 0.37158452066115705 0.32318085930735935 0.3538253966942149 0.3092374761904762 0.3573888347107438 0.3119288874458874 0.3881328966942149 0.3264810909090909 0.37158452066115705
0 0.41156507142857146 0.12885460330578513 0.40305277705627707 0.10472989256198346 0.3896086948051948 0.11233526033057852 0.39540544372294373 0.15030404958677684 0.41156507142857146 0.12885460330578513
0 0.5035910411255411 0.03188800826446281 0.5078898787878788 0.05773099586776859 0.5130165606060606 0.03653531404958677 0.5035910411255411 0.03188800826446281
0 0.5198973008658009 0.11014923553719008 0.52791029004329 0.1302320123966942 0.5309302445887446 0.10989547107438016 0.5198973008658009 0.11014923553719008
0 0.7089552683982684 0.11796104545454544 0.7164689545454546 0.13400189256198347 0.7178814848484849 0.1185664214876033 0.7089552683982684 0.11796104545454544
0 0.6894471471861472 0.21082764049586777 0.6856476125541126 0.1890265826446281 0.6695975 0.1934491611570248 0.6717896103896104 0.22015128925619834 0.6894471471861472 0.21082764049586777
0 0.7976364372294372 0.8268905826446281 0.7919492012987014 0.7718949297520661 0.7619557034632034 0.7798809462809917 0.7668392272727272 0.8373271363636363 0.7976364372294372 0.8268905826446281
0 0.8427055714285714 0.7618099876033058 0.845725525974026 0.7414734462809918 0.8326953658008658 0.725559479338843 0.8277635800865801 0.7572895619834711 0.8427055714285714 0.7618099876033058
0 0.8100318008658008 0.5331381280991736 0.8135510606060606 0.5168435165289257 0.803626235930736 0.5081542768595042 0.7983046601731602 0.518815561983471 0.8100318008658008 0.5331381280991736
0 0.5034740800865801 0.989307673553719 0.503888 0.9657883388429752 0.49706851082251086 0.9643238223140496 0.49485227056277054 0.9822098305785124 0.5034740800865801 0.989307673553719
0 0.6496049134199134 0.8108389917355372 0.6484114090909091 0.7922207272727272 0.6420912272727273 0.7947981446280992 0.6393756796536797 0.8086422190082645 0.6496049134199134 0.8108389917355372
0 0.23250801515151515 0.7304466074380165 0.23142402380952382 0.6948014710743802 0.2182843528138528 0.6959143760330578 0.2201720541125541 0.7291089752066116 0.23250801515151515 0.7304466074380165
0 0.2583957207792208 0.3399125082644628 0.26119664935064935 0.35362969834710745 0.2699279718614718 0.34370067355371897 0.2583957207792208 0.3399125082644628
0 0.2978630021645022 0.24739752479338845 0.29725418614718613 0.26038246280991734 0.3048773852813853 0.25939643801652895 0.2978630021645022 0.24739752479338845