0 0.7926637212230215 0.5547278333333333 0.8408763345323741 0.5752043626126127 0.8486072014388489 0.5714351193693694 0.7333968471223021 0.4862330427927928 0.7245739352517986 0.4133027725225225 0.690106131294964 0.353661268018018 0.7059844622302158 0.31607411036036037 0.697505595323741 0.31549558333333333 0.674852690647482 0.3461754144144144 0.6361304730215827 0.32133357882882885 0.6274180305755396 0.2598687882882883 0.6665189244604316 0.14079604504504503 0.6676835161870504 0.11509513288288288 0.6839484856115108 0.1176371554054054 0.690183357913669 0.10517238288288287 0.686817368705036 0.08560743468468468 0.6685719370503598 0.06073051576576576 0.652153904676259 0.07894557207207208 0.6480226025179856 0.1631660247747748 0.6146168812949641 0.2504018918918919 0.5996948435251799 0.2773124797297297 0.5834298758992805 0.2747704572072072 0.5828775359712229 0.2174430518018018 0.5708796169064748 0.21805665765765764 0.562689559352518 0.2840971373873874 0.5233124964028777 0.37450618243243244 0.4712747068345323 0.3967359459459459 0.4469048705035971 0.3957892837837838 0.43410371942446047 0.38632238513513517 0.39603166906474824 0.3923181373873874 0.39011556115107915 0.4012240518018018 0.3345034856115108 0.4189132094594595 0.3434668183453237 0.4331310968468468 0.412946809352518 0.4256977432432432 0.42724395503597123 0.44386017567567565 0.4454767464028777 0.4307817927927928 0.4624897140287769 0.43767158108108106 0.46809969604316554 0.4702798243243243 0.48213331115107916 0.4977338536036036 0.5245402823741008 0.538581777027027 0.5253987482014388 0.5543950247747748 0.5370779028776979 0.5573402725225225 0.5551150377697841 0.5972415315315315 0.5984736258992805 0.7735013468468468 0.6252105629496403 0.8369120900900902 0.6244499262589929 0.7946090247747747 0.6179388830935252 0.7784100945945945 0.6063149622302157 0.7811975855855855 0.6012446798561151 0.7679614481981981 0.5541461043165468 0.5699628018018018 0.5882272715827338 0.5894751216216215 0.6498233309352518 0.6065680900900902 0.6251473669064748 0.6471355833333333 0.6249643489208634 0.738070527027027 0.6361889928057554 0.6571985472972973 0.6451949190647482 0.6391938761261261 0.6560156097122303 0.6263258783783784 0.6670572320143885 0.6363888423423424 0.6633724784172662 0.6203827522522523 0.6703553489208633 0.6122657477477478 0.6920093651079137 0.6244850518018018 0.7449135827338129 0.8021122995495495 0.7493589730215827 0.8604214549549549 0.7721197733812949 0.8906704662162163 0.7854419010791367 0.8861573896396397 0.780018917266187 0.8546360878378378 0.752436154676259 0.8133673963963964 0.7173481348920864 0.652710445945946 0.7248580683453237 0.626010240990991 0.7491174370503597 0.6154914256756756 0.7803723165467625 0.6348109031531531 0.7898627104316547 0.6304455945945946 0.7428146906474821 0.5842681576576576 0.732410595323741 0.5670874774774775 0.7304301330935251 0.544752581081081 0.746848165467626 0.5265375247747748 0.7926637212230215 0.5547278333333333
0 0.25030507913669064 0.5843212747747748 0.2605860665467626 0.5520811711711712 0.2522050287769784 0.5250128265765766 0.22489843525179856 0.5124078400900901 0.19322696223021582 0.5231370382882883 0.18081244964028778 0.5537993265765766 0.19810158633093525 0.5893528198198199 0.22044836510791369 0.6001871486486486 0.25030507913669064 0.5843212747747748
0 0.08272552877697842 0.48695251801801803 0.0663074964028777 0.5051675720720721 0.07105901258992806 0.5219625698198198 0.08273816726618705 0.5249078198198198 0.0980894370503597 0.5059038558558558 0.09371191906474821 0.491282740990991 0.08272552877697842 0.48695251801801803
0 0 0.5391683175675676 0.01176218345323741 0.5236456396396396 0.012552775179856115 0.4957708445945946 0.0000703884892086331 0.4827450878378378 0 0.4827528220720721 0 0.5391683175675676
0 0.1446450287769784 0.35439816441441446 0.14127903956834534 0.3348332184684685 0.12991864928057553 0.3283291126126126 0.11408291366906476 0.33369371171171175 0.10369145863309352 0.35446833333333333 0.12262965287769784 0.377960277027027 0.13739862769784172 0.3718067702702703 0.1446450287769784 0.35439816441441446
0 0.14416056115107914 0.3407587995495496 0.13594522661870503 0.3308886779279279 0.11584243884892086 0.3330976441441441 0.10657298021582734 0.3603939166666667 0.13291064028776978 0.34572017342342337 0.14283026978417265 0.349261490990991 0.14416056115107914 0.3407587995495496
0 0.11018986151079137 0.3327119617117117 0.11919579136690646 0.3147072905405406 0.11972285071942446 0.2961240923423423 0.10937399100719425 0.2846761554054054 0.08927120323741007 0.2868851216216216 0.07322717266187051 0.3072740608108108 0.07445963669064748 0.32526118918918917 0.09542088848920864 0.33886546846846843 0.11018986151079137 0.3327119617117117
0 0.2808639082733813 0.27489349774774774 0.2612455899280575 0.2907418288288288 0.2595412967625899 0.29707063738738737 0.278369023381295 0.3090970990990991 0.3011876330935252 0.295615490990991 0.3031554550359712 0.2799950855855856 0.2808639082733813 0.27489349774774774
0 0.29553037589928055 0.44131827477477475 0.3124328758992806 0.4367425833333333 0.3249026223021583 0.41181303603603603 0.35193304676258996 0.3957543220720721 0.35944297841726613 0.3690541171171171 0.35255793525179857 0.350681304054054 0.3150681834532374 0.3438265990990991 0.2817476528776978 0.3666173468468468 0.27808817625899285 0.4265218626126126 0.29553037589928055 0.44131827477477475
0 0.2831710989208633 0.47771329954954955 0.29065107553956837 0.5211909594594595 0.2988664118705036 0.5310610810810811 0.341524273381295 0.5246621058558558 0.35805277338129493 0.5179125315315315 0.3736123417266187 0.4838842297297297 0.36661683093525177 0.4540459346846847 0.35173738669064747 0.44873395945945943 0.32886354676258994 0.4564828265765766 0.3135548723021583 0.44326422972972973 0.2994786618705036 0.4480327635135135 0.2922874946043165 0.47117411036036033 0.2831710989208633 0.47771329954954955
0 0.2544789784172662 0.46787826351351347 0.24157999820143886 0.4849011846846846 0.24382399100719424 0.49794448423423426 0.25587714388489213 0.5030636148648648 0.27021688489208634 0.48900348423423423 0.2675988938848921 0.4737863018018018 0.2544789784172662 0.46787826351351347
0 0.22126095323741007 0.31809072522522525 0.22034725359712232 0.2965447364864865 0.1974181762589928 0.2985608626126126 0.2008394010791367 0.3238585518018018 0.22126095323741007 0.31809072522522525
0 0.7024747643884892 0.02508931306306306 0.697668012589928 0.0025615765765765767 0.6855170323741007 0.023932263513513515 0.6947991294964029 0.034591295045045045 0.7024747643884892 0.02508931306306306
0 0.4729017715827338 0.638896027027027 0.49738207553956837 0.6513081734234235 0.5135365773381295 0.6423847162162163 0.5347487212230216 0.6087420968468469 0.5195931079136691 0.5747664211711712 0.5274770395683454 0.5502400990990991 0.5146332949640289 0.5729957612612613 0.4788052392086331 0.5920348108108108 0.46905131474820144 0.6056917184684685 0.480577404676259 0.629394045045045 0.4729017715827338 0.638896027027027