0 0.409028582278481 1 0.4169858375527426 0.9757158157894738 0.4031487805907173 0.9111581428571428 0.43350749789029536 0.8360679548872181 0.4305614936708861 0.7764542556390978 0.43769086286919834 0.7483670676691729 0.4279837426160338 0.7242922706766918 0.42998336075949367 0.6785788984962406 0.408424970464135 0.6516738308270676 0.3864191434599156 0.658803015037594 0.40954355274261606 0.5665881954887217 0.4047820569620253 0.5564137255639098 0.3575076687763713 0.6770022631578948 0.3557317658227848 0.7056985075187969 0.3404474641350211 0.6980317819548872 0.3298850675105485 0.7212825037593985 0.35377173839662446 0.730668894736842 0.36119017299578055 0.7515193872180451 0.35638908227848104 0.7620878984962406 0.23263976160337554 0.972526552631579 0.20944030801687763 1 0.409028582278481 1
0 0 0.47176575563909773 0.01003332700421941 0.47519554887218046 0.08387707805907173 0.4613672105263158 0.15937795991561182 0.48107157518796995 0.19249855907172994 0.4618692330827067 0.24082427215189875 0.49181958646616536 0.2794428670886076 0.4976951390977444 0.30267222151898737 0.45069213909774436 0.33150451265822783 0.47397885714285715 0.385670717299578 0.449761030075188 0.41196484810126577 0.4001427781954887 0.4114916561181435 0.3474792443609023 0.39871975738396626 0.3260196954887218 0.4423235675105485 0.3250525902255639 0.39285350843881855 0.2934900864661654 0.3804102700421941 0.30022523308270677 0.377385082278481 0.2820975 0.36091684810126584 0.2935616015037594 0.36058818987341773 0.26536690225563914 0.3504732257383966 0.25458337593984964 0.3431993270042194 0.2582017218045113 0.34179167510548525 0.29434967669172935 0.30838201054852316 0.2646143421052632 0.2339601223628692 0.18056732706766918 0.1690331371308017 0.07917858646616541 0 0.11946172180451127 0 0.47176575563909773
0 0.5743189303797468 0.30302045488721807 0.5835132658227848 0.2951746992481203 0.5805672616033755 0.235561 0.5926818438818565 0.20063116165413533 0.6080057362869199 0.1875549022556391 0.6004031772151899 0.16297855639097744 0.6177662827004219 0.08344594736842106 0.6435699156118143 0.006671958646616541 0.49943146202531646 0.005177661654135339 0.49896449156118144 0.00620559022556391 0.5010948122362869 0.09240183082706768 0.511985864978903 0.0973458007518797 0.5176679894514769 0.12614955639097744 0.5053296919831224 0.17809652255639097 0.5333462995780591 0.22796578571428572 0.5325306160337553 0.2545483308270677 0.5475912004219409 0.2792321842105263 0.5738061476793248 0.2710998984962406 0.5743189303797468 0.30302045488721807
0 0.6251689746835443 0.5133165526315789 0.6226565696202532 0.5271093721804512 0.6630510675105485 0.5042886766917293 0.6852014282700423 0.5216283308270677 0.6995651012658228 0.5106657781954888 0.819261759493671 0.5198376240601503 0.8739011582278481 0.5482833345864662 0.9289879894514768 0.5426947857142856 0.9837931075949367 0.5614293684210526 0.9871272194092827 0.44806388721804513 0.9743462721518987 0.18943572556390975 0.9007099810126582 0.2290062969924812 0.869614759493671 0.2891930639097744 0.8168166160337553 0.2980059172932331 0.7476551772151899 0.3634946917293233 0.7113252658227849 0.36084345112781957 0.6913052257383966 0.429700037593985 0.6564483185654009 0.45685564285714286 0.6500554514767932 0.49984625563909774 0.6251689746835443 0.5133165526315789
0 0.5376307869198312 0.7886353984962406 0.5577161772151898 0.785733612781955 0.5745130717299578 0.8024642067669173 0.5599652721518987 0.8097009060150375 0.5735132637130801 0.8253208947368421 0.5640952088607595 0.8501837744360903 0.5726579873417722 0.8726464210526317 0.5855090675105485 0.8526200037593985 0.6112915232067511 0.9765315488721804 0.749703447257384 0.9435459097744361 0.7488748839662448 0.926779552631579 0.7309336476793249 0.9084368082706767 0.7195298080168776 0.8715722819548872 0.6881851139240507 0.8620783834586466 0.6612079071729958 0.7686094511278196 0.6290871202531646 0.7649551127819549 0.5773679683544304 0.7094253120300752 0.561820358649789 0.7395186954887218 0.5236887869198312 0.678865902255639 0.5158229198312236 0.6920496691729324 0.5508897109704641 0.7553177067669173 0.5376307869198312 0.7886353984962406
0 0.49682844725738395 0.8247473571428572 0.5132570907172996 0.8340262406015038 0.5157694957805907 0.8202334210526315 0.5046943143459915 0.8115635939849624 0.49682844725738395 0.8247473571428572
0 0.5409450400843882 0.8557008082706766 0.5319744219409283 0.8465294323308271 0.5078640358649789 0.8541601691729324 0.5076403185654008 0.8711772969924811 0.5284622088607595 0.8831789360902256 0.5409450400843882 0.8557008082706766
0 0.3270974324894515 0.5786968721804512 0.33410802320675104 0.6128386353383458 0.34119779746835444 0.6054944285714285 0.3353315485232068 0.5729648233082707 0.3270974324894515 0.5786968721804512
0 0.3455118628691983 0.6497031578947369 0.35197007805907177 0.6726673533834586 0.36290072573839666 0.6568683383458647 0.36161184810126584 0.6307873458646617 0.3455118628691983 0.6497031578947369
0 0.3077089493670886 0.6172450639097744 0.3093660759493671 0.6507777706766917 0.32789928270042196 0.6595551015037594 0.3199680654008439 0.606784060150376 0.3077089493670886 0.6172450639097744
0 0.7052868164556962 0.5187265488721804 0.697052700421941 0.5244585977443609 0.7009985126582279 0.5612156127819549 0.6847144029535864 0.576405567669173 0.6840828438818566 0.6067139661654136 0.7215570949367088 0.6109773684210527 0.7340399261603376 0.5834992330827067 0.7306464894514768 0.5579197894736843 0.72533261814346 0.5365677481203008 0.7052868164556962 0.5187265488721804
0 0.5694901751054852 0.5284705112781956 0.5635447426160337 0.5374268684210526 0.5715551434599156 0.5487119473684211 0.5694901751054852 0.5284705112781956
0 0.47909900210970463 0.595248917293233 0.48271615611814345 0.6038112368421052 0.49209461603375526 0.5996913421052632 0.49117399156118147 0.5810620563909775 0.47909900210970463 0.595248917293233
0 0.6308925970464135 0.2197979812030075 0.6429279957805907 0.22635410526315788 0.6454403966244725 0.21256128571428573 0.6364697805907172 0.2033899097744361 0.6308925970464135 0.2197979812030075
0 0.6539378248945147 0.1690691278195489 0.6421261455696202 0.14549587593984964 0.6241453143459915 0.1478961090225564 0.6216329113924051 0.16168892857142858 0.6496891097046413 0.1908152067669173 0.6539378248945147 0.1690691278195489
0 0.39899690084388184 0.1808188082706767 0.3888423459915612 0.19077826691729324 0.4008777447257384 0.19733439097744362 0.39899690084388184 0.1808188082706767
0 0.4190426983122363 0.1986600112781955 0.40541552320675106 0.22452598872180451 0.41689854641350216 0.21990454511278196 0.4190426983122363 0.1986600112781955
0 0.3762149810126582 0.19378755639097744 0.37462320464135024 0.22620965789473682 0.3899470970464135 0.21313340225563912 0.38444910126582277 0.188055507518797 0.3762149810126582 0.19378755639097744
0 0.37760879957805904 0.26508037218045116 0.3796737679324894 0.2853218082706767 0.39270897679324895 0.26902124436090225 0.3877633523206751 0.2551209172932331 0.37760879957805904 0.26508037218045116
0 0.4895445316455696 0.33264780451127823 0.4813104135021097 0.3383798571428571 0.48547994303797465 0.35811974060150376 0.4895445316455696 0.33264780451127823
0 0.572647970464135 0.376928522556391 0.5605729831223628 0.39111537969924814 0.577554 0.4115718345864662 0.572647970464135 0.376928522556391