0 0.9022381502590674 0.6833681815384616 0.8971646183074266 0.6799709846153846 0.8760626373056996 0.6778867784615384 0.8745933540587219 0.683187576923077 0.9022381502590674 0.6833681815384616
0 0.8262927400690846 0.33661493076923077 0.8241875423143351 0.41428675692307687 0.8290559214162349 0.4107382492307693 0.8301693773747841 0.4031043184615385 0.831717848013817 0.32924945846153847 0.8262927400690846 0.33661493076923077
0 0.8140532357512953 0.4467797692307693 0.8128980604490501 0.4821428292307692 0.816351633851468 0.49545339846153846 0.8292321113989637 0.4847004923076923 0.828101645941278 0.43995121230769224 0.8140532357512953 0.4467797692307693
0 0.8521294352331606 0.3921464123076923 0.8486298894645941 0.39346917076923077 0.8455908730569948 0.4071458153846154 0.8406015863557859 0.5069775153846154 0.8468430509499136 0.5142990615384616 0.8515565025906736 0.5022673246153847 0.8553659041450777 0.5179110246153846 0.8585598480138169 0.5127176107692308 0.8614396848013817 0.4774619338461538 0.8559600993091536 0.47326912769230767 0.8518536010362694 0.4799463753846154 0.8521294352331606 0.3921464123076923
0 0.8888325500863558 0.32664300307692307 0.8896616649395509 0.38061742923076924 0.8728925984455959 0.44428069538461534 0.8705737426597583 0.4888152107692308 0.8653078160621761 0.5177597153846154 0.8666349283246978 0.543263096923077 0.8725665379965458 0.533618183076923 0.8815661269430052 0.44328008769230764 0.9001603048359241 0.3766491553846154 0.8968446485319516 0.31943860461538465 0.8888325500863558 0.32664300307692307
0 0.8930222037996545 1 0.9081671165803109 0.9780017799999999 0.9138935734024178 0.9614111615384615 0.9166644550949914 0.9030389276923078 0.90944745164076 0.8594513307692307 0.9177651528497409 0.8561175892307693 0.9244628963730569 0.8626972184615385 0.9286196200345422 0.8544824476923076 0.928468139896373 0.700407863076923 0.925721968911917 0.6786677553846154 0.8886962417962003 0.6879172984615385 0.8665855077720208 0.7034877784615385 0.8719144179620035 0.7122931569230769 0.8617213816925734 0.7201320876923076 0.8556893212435234 0.7328520492307693 0.8443538670120898 0.8153414492307692 0.8229505354058722 0.8224823907692308 0.7971393557858376 0.8455257261538461 0.7818812918825562 0.8761590646153845 0.8084168851468049 0.8970694030769231 0.8168307832469776 0.8775648092307693 0.8192296321243523 0.9231633892307692 0.8167013704663212 0.947656396923077 0.8317670388601036 0.9493647599999999 0.8353755405872193 0.9711585584615384 0.8601814723661485 1 0.8930222037996545 1
0 0.7805382029360968 0.1766196476923077 0.7834767694300518 0.16601805076923076 0.7800231951640759 0.15270748307692306 0.7625714360967185 0.14468794615384617 0.7465932124352331 0.14446341538461538 0.7442615993091537 0.14971052153846154 0.7694241062176166 0.15975080615384615 0.7805382029360968 0.1766196476923077
0 0.7407620526770293 0.15103328 0.7324903238341969 0.13973369384615386 0.7224479628670121 0.14296005230769232 0.7191033436960277 0.15276604000000002 0.7368649585492228 0.17775203538461537 0.7412225829015544 0.16338716615384616 0.7407620526770293 0.15103328
0 0.9471348385146804 0.07606559384615384 0.9518023186528498 0.07866718461538462 0.9591511234887737 0.028283244615384614 0.944227737478411 0.02735406461538462 0.9475281338514682 0.03757379384615384 0.9471348385146804 0.07606559384615384
0 0.025126482728842832 0.5663599276923077 0.02035855354058722 0.5668333861538462 0.020563705526770296 0.5737790907692307 0.02243904231433506 0.5692739015384615 0.02619396632124352 0.5733593246153846 0.02402153195164076 0.600185463076923 0.021886566493955095 0.5861866692307692 0.011387927461139896 0.5901549446153845 0.009006088946459411 0.5969395753846154 0.022456051813471503 0.6216571123076923 0.042038524179620035 0.63057964 0.057313597582037995 0.6523295107692307 0.05595752245250432 0.6938426692307692 0.041863139032815196 0.7153045538461539 0.060834406735751294 0.7164857676923078 0.0675321493955095 0.7230653969230769 0.06977181778929188 0.7470849446153845 0.07586260794473229 0.7590190630769231 0.08584198618307426 0.7180428215384616 0.10639574438687392 0.750135596923077 0.10963991364421416 0.7434046569230769 0.1115569689119171 0.7111703384615384 0.09838709412780657 0.61174864 0.10292435578583765 0.5257546599999999 0.10199479015544041 0.47485528153846157 0.11055085924006909 0.4245465107692308 0.10207397841105353 0.40630122 0.07538345768566494 0.3769076523076923 0.06434510103626943 0.4370761030769231 0.05390093955094991 0.4526026553846154 0.04355297495682211 0.45195835692307695 0.03695143005181347 0.42920787692307694 0.032564038860103624 0.35190212615384614 0.022676604490500865 0.3636117138461538 0.009876119170984457 0.46449771384615385 0.013133045768566495 0.49705418307692306 0.019835040587219344 0.5167296153846154 0.026733683937823834 0.5171591476923076 0.029772700345423144 0.5034825030769231 0.03530250949913644 0.5061377846153846 0.035369744386873916 0.5569834723076923 0.033950686528497406 0.5607467446153847 0.029839934369602767 0.5543281907692308 0.025126482728842832 0.5663599276923077
0 0.827981543177893 0.6949215615384615 0.8316819896373058 0.6874487061538461 0.838174579447323 0.6870826307692307 0.8394387107081174 0.6748361261538461 0.845826597582038 0.664449296923077 0.8366423143350605 0.6546335446153846 0.8381490647668395 0.6085078138461538 0.8284455207253886 0.5616840938461538 0.8145980103626943 0.5623625538461539 0.810554493955095 0.6067896846153846 0.8132461873920553 0.6169715138461538 0.8160340785837651 0.6109824907692307 0.8206011079447323 0.6166591292307693 0.8182737469775475 0.6350020384615385 0.8207100630397236 0.6397756861538462 0.8167584913644214 0.654936163076923 0.8197557875647669 0.6689886492307693 0.818340981865285 0.6858477246153846 0.827981543177893 0.6949215615384615