0 0.41420811290322584 0.5150849541547278 0.39652562661290325 0.5610199441260745 0.3813378 0.6565513424068767 0.3856834032258064 0.676699558739255 0.4245269370967742 0.7202337363896848 0.423773975 0.7103600014326648 0.42937174677419354 0.6993476103151862 0.4323476370967742 0.6769768037249284 0.4269586741935484 0.6615650816618911 0.4343527677419355 0.6556899312320917 0.4498538072580645 0.5205223667621777 0.44360747903225806 0.5084489670487106 0.43762873225806453 0.506791270773639 0.42324433790322585 0.506185723495702 0.41420811290322584 0.5150849541547278
0 0.4542851491935484 0.6239097106017192 0.4576917983870968 0.6355823667621776 0.45426233306451613 0.6489356461318052 0.4445547346774194 0.6597750229226361 0.45398092419354835 0.6790123151862465 0.46377011209677416 0.679986818051576 0.47029784919354845 0.6619835501432665 0.4930063008064516 0.6497230702005731 0.484033685483871 0.6395033080229227 0.4854490322580646 0.6319704598853868 0.49385467741935485 0.6309183123209169 0.5120315338709677 0.5999077908309456 0.49999245161290323 0.5847785200573066 0.5066653879032258 0.5594701361031519 0.5148034532258065 0.548002282234957 0.5128937387096775 0.5406106604584527 0.5052728588709677 0.5419770472779369 0.4996024870967742 0.5566419957020057 0.4897814951612904 0.5652269899713467 0.4869010209677419 0.5589193051575931 0.4905164782258065 0.5441678510028654 0.48812138387096776 0.5373181962750716 0.4939459435483871 0.5308145702005731 0.49390514919354833 0.5249076303724929 0.4823196419354839 0.5187958868194842 0.4693277774193549 0.5356834283667622 0.4747983274193548 0.5629090300859599 0.46979034032258066 0.560167393982808 0.46619769919354836 0.5498929154727794 0.4565945056451613 0.5475202363896848 0.45286565322580646 0.5600173094555874 0.4472270870967742 0.5651227607449857 0.45037514354838715 0.5818461489971346 0.45688006451612906 0.5888688151862465 0.46685524435483866 0.5884451432664757 0.4697765129032258 0.6006597679083094 0.46417874193548386 0.611672159025788 0.46956770403225806 0.6270838796561604 0.4659840516129033 0.6322758366762178 0.45906634999999996 0.6221425802292263 0.4542851491935484 0.6239097106017192
0 0.4638807306451613 0.3560478338108883 0.4612180540322581 0.3387824770773639 0.45434114758064514 0.3345561604584527 0.44906557822580645 0.3213988223495702 0.45290782419354836 0.3111561318051576 0.46090069032258063 0.306993393982808 0.463772175 0.2978346404011461 0.4599935403225806 0.28895833667621773 0.4412497169354838 0.3086969455587393 0.4339600282258065 0.30136004154727797 0.42959160967741933 0.3062377607449857 0.4355793451612903 0.323361893982808 0.42164852580645157 0.3317738753581662 0.41302508145161293 0.3437836962750716 0.40829366451612903 0.36692420487106014 0.4135692330645161 0.3800815429799427 0.4271370548387097 0.38993235100286533 0.439570939516129 0.3772393366762178 0.4414080548387097 0.388283517191977 0.44768618870967736 0.3907974197707736 0.45249919435483876 0.37947079083094554 0.46740077258064516 0.3699748710601719 0.4693014983870968 0.36190005730659025 0.4638807306451613 0.3560478338108883
0 0.5771312169354839 0.564123782234957 0.5778751887096775 0.5585310787965616 0.5706988951612904 0.5534485558739255 0.5654551314516129 0.5307317206303724 0.5535702370967742 0.523763770773639 0.5413223451612903 0.5350586103151862 0.5406191661290323 0.5465582521489971 0.5451099685483871 0.5594013524355301 0.5533704161290323 0.5656543194842406 0.5656591024193548 0.5602664197707736 0.5771312169354839 0.564123782234957
0 0.532799154032258 0.4624311275071633 0.5244750959677419 0.4752971561604584 0.5224381604838709 0.5061435243553009 0.5275595411290323 0.5111395401146132 0.5345408532258065 0.5021538008595988 0.5514655403225807 0.5023038868194842 0.5527674927419355 0.49251665759312324 0.5425157419354839 0.46705818767908314 0.532799154032258 0.4624311275071633
0 0.4981650129032258 0.461816717765043 0.49782483225806445 0.4550535716332378 0.4720001298387097 0.44103116475644694 0.4607229983870968 0.4512420659025788 0.46484181290322585 0.4668815186246419 0.4823334693548387 0.4783035143266476 0.4981650129032258 0.461816717765043
0 0.5170222306451613 0.44433248997134667 0.5176120161290322 0.4305784670487106 0.4998209741935484 0.4183002636103152 0.48423903306451616 0.41426988825214905 0.47949862741935484 0.4219439598853868 0.5000975443548387 0.4441824040114613 0.5170222306451613 0.44433248997134667
0 0.5335396637096774 0.25802911747851004 0.5327459080645162 0.24224844269340975 0.5241860741935483 0.23513926790830944 0.5137345024193549 0.2515713481375358 0.5171093451612904 0.2728035 0.5229746991935483 0.27220681518624645 0.5335396637096774 0.25802911747851004
0 0.588877814516129 0.1402858581661891 0.5968796701612904 0.15158956017191977 0.6056980959677419 0.15364799999999998 0.6102525096774194 0.14737210458452724 0.6117632701612903 0.11116076504297995 0.6058571225806452 0.10585051146131805 0.589766985483871 0.12738804154727795 0.588877814516129 0.1402858581661891
0 0.40502045161290323 0.006286628939828081 0.3887353322580645 0.013755896848137536 0.38089665403225803 0.02607995558739255 0.3784787427419355 0.044256237822349574 0.3831555379032258 0.05570116189111748 0.39944964596774196 0.06369833381088824 0.40982861774193546 0.050918812320916905 0.41548999999999997 0.02078742406876791 0.40502045161290323 0.006286628939828081
0 0.24716204274193548 0.37898142979942695 0.2549779048387097 0.39168330659025785 0.2691037064516129 0.39733958739255015 0.28142419758064513 0.3823921891117478 0.28092982903225805 0.36746772063037253 0.28510326612903225 0.3485217392550143 0.27287819032258065 0.33479064183381085 0.26495792419354836 0.3353008223495702 0.26148766451612904 0.3427471618911175 0.25050093064516127 0.33834783237822347 0.24710327096774193 0.3421416146131805 0.24716204274193548 0.37898142979942695
0 0.10448107338709678 0.05971690974212034 0.10381868951612903 0.07712348997134671 0.11122177016129033 0.08671477793696275 0.11932803064516129 0.08480642406876791 0.12414103548387098 0.07347979512893983 0.12443143387096774 0.05886956446991404 0.12850046612903226 0.05313563753581662 0.12774750483870967 0.043261902578796564 0.12135597661290323 0.03849361604584527 0.11608939677419354 0.040802716332378225 0.1154588185483871 0.04864980085959885 0.10716656532258063 0.05195633094555874 0.10448107338709678 0.05971690974212034
0 0.027554580645161288 0.25275684383954156 0.02366255161290323 0.24162615616045846 0.022468990322580644 0.2412781676217765 0.018584440322580647 0.2704796919770774 0.023939122580645164 0.2675082994269341 0.027554580645161288 0.25275684383954156
0 0.24315939516129031 0.6917897263610315 0.232875839516129 0.6758907550143266 0.2146402120967742 0.6700614598853868 0.20887926370967744 0.6574460902578797 0.19796512822580645 0.6493942034383954 0.1794301137096774 0.6427087020057307 0.17487570161290322 0.6489845974212034 0.17659942258064515 0.6577743954154728 0.18347633064516128 0.6620007120343839 0.18927807258064516 0.6805230214899713 0.20460142096774192 0.689604128939828 0.21025796532258065 0.715431553008596 0.23743440322580645 0.7410401088825215 0.24016967822580645 0.7546529083094556 0.23775176693548386 0.7728291905444126 0.2416030016129032 0.7780529369627508 0.2466745991935484 0.761675575931232 0.25053966129032257 0.7264069498567336 0.2504400943548387 0.6836601948424069 0.2450193266129032 0.6778079713467049 0.24315939516129031 0.6917897263610315
0 0.34553239032258065 0.8262954785100286 0.34561397903225805 0.838109358166189 0.3579524483870968 0.8540948381088825 0.35771667258064516 0.8341196361031519 0.35001420322580645 0.8236721418338108 0.34553239032258065 0.8262954785100286
0 0.6687477040322581 0.06181867191977078 0.6701222556451613 0.04837888681948423 0.6605916612903225 0.042353648997134674 0.6490877419354838 0.04805578653295128 0.648311964516129 0.06320798710601719 0.6614670056451613 0.06994820487106017 0.6687477040322581 0.06181867191977078
0 0.5336751862903226 0.36264162320916904 0.5316838830645161 0.3434361217765043 0.5257051362903226 0.34177842550143267 0.5099461911290322 0.354612664756447 0.5090162258064516 0.3616035429799427 0.5141058008064516 0.3761590544412607 0.5227382346774194 0.3796156719197708 0.5390233540322581 0.3721464040114613 0.5388691661290322 0.36398508309455585 0.5336751862903226 0.36264162320916904
0 0.49547122016129036 0.32672679799426935 0.4994766427419355 0.3401118667621777 0.508263264516129 0.3517298065902579 0.5152763814516129 0.3331845687679083 0.49935425967741937 0.3223910487106017 0.49547122016129036 0.32672679799426935
0 0.6117024346774194 0.45647312750716335 0.6177447927419355 0.4390118280802292 0.6061592846774194 0.4329000845272207 0.5973816516129032 0.4367485845272206 0.5958937064516129 0.44793398853868194 0.6001577217741935 0.45626832521489974 0.6117024346774194 0.45647312750716335
0 0.6883689596774193 0.5232520429799427 0.6951732669354839 0.5311309183381089 0.7061192072580645 0.5296233080229227 0.7133591112903226 0.515586835243553 0.7148878516129031 0.5103083710601719 0.7125335516129032 0.5093656575931232 0.6938533370967742 0.5099852722063037 0.6883689596774193 0.5232520429799427
0 0.7165749290322581 0.5846164785100286 0.7226352637096775 0.5980880544412608 0.7312676983870967 0.6015446690544413 0.7350373443548387 0.5949545372492837 0.7364844951612903 0.5778621919770773 0.7266545137096775 0.5709807492836676 0.7176908879032258 0.5762274240687679 0.7165749290322581 0.5846164785100286
0 0.7432314064516129 0.2941331318051576 0.7504713112903226 0.2800966604584527 0.736903489516129 0.27024585100286536 0.7316369096774193 0.2725549512893983 0.728765425 0.2817137034383954 0.7336282129032258 0.2917604541547278 0.7432314064516129 0.2941331318051576
0 0.7709160403225807 0.29417378366762176 0.7693375185483871 0.27807886962750716 0.763358770967742 0.2764211747851003 0.7557378911290323 0.27778756017191975 0.7543633403225806 0.29122734670487105 0.764193320967742 0.29810878939828084 0.7709160403225807 0.29417378366762176
0 0.6151415766129033 0.3312022263610315 0.6210477241935485 0.3365124799426934 0.6330370225806452 0.3302683739255014 0.6364664879032258 0.3169150945558739 0.6309641314516129 0.2992489928366762 0.6228170774193549 0.2952504068767908 0.6089996524193548 0.305916770773639 0.6151415766129033 0.3312022263610315
0 0.20358362983870967 0.15977845128939827 0.20811522580645161 0.17852849140401147 0.2179452072580645 0.1854099340974212 0.22910894516129035 0.17294465042979942 0.23642145 0.15525562177650432 0.21888900000000003 0.1379266848137536 0.20701309516129032 0.14642517191977078 0.20358362983870967 0.15977845128939827
0 0.45071807580645157 0.07907305873925502 0.45160724758064513 0.06617524068767908 0.4443175596774193 0.05883833667621776 0.43188367499999997 0.07153135100286533 0.433235410483871 0.08311750000000001 0.44343737741935485 0.08720259169054441 0.45071807580645157 0.07907305873925502
0 0.45460526612903224 0.1461625558739255 0.4588105080645161 0.11765707736389684 0.45170681451612904 0.10892199713467048 0.44255719435483876 0.11556684670487107 0.44047047580645166 0.12503983810888253 0.45049543951612897 0.14598954297994268 0.45460526612903224 0.1461625558739255
0 0.4568136790322581 0.2817944441260745 0.4581882314516129 0.2683546575931232 0.4431642693548387 0.26012975787965614 0.43521219758064517 0.2701994340974212 0.43753469193548383 0.28070164613180515 0.4440396129032258 0.2877243123209169 0.4568136790322581 0.2817944441260745
0 0.24877720887096774 0.32955803438395415 0.2515263120967742 0.3026784613180516 0.24756168387096775 0.2952003323782235 0.2296752266129032 0.31160062177650427 0.2285274620967742 0.3295491733524355 0.24362402258064517 0.3341215157593123 0.24877720887096774 0.32955803438395415
0 0.2299379693548387 0.3779751375358166 0.2385385983870968 0.3909912507163324 0.24679005725806452 0.38177778080229224 0.24809200887096775 0.37199055157593125 0.2434152137096774 0.3605456275071633 0.23743646612903227 0.3588879312320917 0.2317979008064516 0.36399338108882523 0.2299379693548387 0.3779751375358166
0 0.46002743225806453 0.73297626504298 0.4661603669354839 0.7427952836676217 0.4762489411290322 0.7446259928366763 0.47773688629032257 0.7334405888252149 0.47403085080645163 0.7209117263610315 0.4645002564516129 0.714886488538682 0.45983245 0.7189080028653295 0.46002743225806453 0.73297626504298
0 0.5261490338709678 0.46271357593123214 0.5220710129032258 0.45298106446991404 0.5176617991935484 0.4519518438395415 0.5099773080645161 0.47243722492836676 0.52070545 0.4818872893982808 0.5256318491935484 0.47281504154727794 0.5261490338709678 0.46271357593123214
0 0.5189997064516129 0.504030365329513 0.5168632048387097 0.4921299799426934 0.5102856846774193 0.4887598710601719 0.5001653056451613 0.496488659025788 0.5007322733870967 0.5077605687679083 0.5120909943548387 0.509363547277937 0.5189997064516129 0.504030365329513
0 0.45785013709677413 0.7151689383954155 0.459524075 0.7025853581661892 0.4512636274193549 0.6963323911174785 0.4411840427419355 0.7099681174785101 0.4458608370967742 0.7214130429799427 0.45135420403225807 0.7236127077363896 0.45785013709677413 0.7151689383954155
0 0.46409369032258063 0.40104897134670486 0.45978888145161284 0.3868076948424069 0.4545949016129032 0.38546423782234956 0.4491423282258065 0.3891715128939828 0.4482123629032258 0.3961623911174785 0.46096361209677417 0.41525845702005726 0.46409369032258063 0.40104897134670486
0 0.5637424629032258 0.15525618338108882 0.5639374451612903 0.16932444555873924 0.5783218387096775 0.16992999283667623 0.5798823830645161 0.15509203151862463 0.5695670217741935 0.14875255730659026 0.5637424629032258 0.15525618338108882
0 0.5199766806451612 0.19221949856733522 0.5166834258064517 0.18280122492836676 0.5101059048387098 0.17943111604584527 0.5027118129032259 0.18530626790830945 0.5021946274193548 0.1954077335243553 0.5170325959677419 0.20503081088825215 0.5199766806451612 0.19221949856733522
0 0.4366413701612903 0.22217421489971348 0.443259685483871 0.23145126361031518 0.44938363145161286 0.22580384383954155 0.4495288298387097 0.21849872922636104 0.44145437499999995 0.21084758739255013 0.4366413701612903 0.22217421489971348
0 0.6016415161290323 0.3736576704871061 0.6050709806451613 0.3603043925501433 0.5960257661290322 0.3537371876790831 0.5835918806451613 0.3664302020057307 0.5843448419354839 0.3763039369627507 0.59122175 0.38053025214899716 0.6016415161290323 0.3736576704871061
0 0.5280221048387096 0.535623505730659 0.5309025790322581 0.5419311919770774 0.539907 0.5425914555873925 0.5399885879032259 0.5544053366762177 0.5484758225806451 0.5651670673352435 0.5646883427419355 0.5613503581661891 0.5769452233870968 0.5655219570200574 0.5780611822580646 0.5571329040114613 0.5710708814516129 0.5506522063037249 0.5648563580645161 0.5290193080229226 0.5527854701612903 0.5234495329512894 0.543336464516129 0.5292381776504298 0.5305942032258065 0.525608547277937 0.5280221048387096 0.535623505730659
0 0.4264165862903226 0.243115058739255 0.4281403080645162 0.25190485673352436 0.4395716282258064 0.24985527793696277 0.4416583467741935 0.24038228653295127 0.437507725 0.23430233237822348 0.4264165862903226 0.243115058739255
0 0.4652787862903226 0.190198053008596 0.45979440806451616 0.20346482521489972 0.468726229032258 0.20777764899713466 0.4800759604838709 0.19391418911174785 0.47458259354838706 0.19171452435530084 0.4652787862903226 0.190198053008596
0 0.46600893145161293 0.225097723495702 0.4675466588709677 0.23528569627507162 0.47740844596774196 0.23260764183381086 0.47725425806451616 0.2244463194842407 0.4706767379032258 0.2210762106017192 0.46600893145161293 0.225097723495702
0 0.48459372903225806 0.25315660315186245 0.4844395411290322 0.24499527936962753 0.4786467870967742 0.2419394083094556 0.4718514685483871 0.24952697277936964 0.4716336701612903 0.26048464613180516 0.47906855645161295 0.26051643553008597 0.48459372903225806 0.25315660315186245
0 0.46053769274193546 0.3252561819484241 0.4668158266129032 0.3277700859598854 0.4719690120967742 0.32320660315186245 0.47005929838709676 0.3158149813753582 0.46209823709677417 0.3104182206303725 0.46053769274193546 0.3252561819484241
0 0.5084354298387097 0.3908240042979943 0.507496475 0.38234844269340973 0.4940420475806451 0.37475201862464186 0.4890022548387097 0.38156988252149 0.49031319516129035 0.3872490902578797 0.5018987032258064 0.3933608338108882 0.5084354298387097 0.3908240042979943
0 0.6044189838709678 0.9741388954154727 0.606198170967742 0.975205388252149 0.6158670274193548 0.9748055945558739 0.6164808822580645 0.9642422335243552 0.6195791556451613 0.9595922449856734 0.6127022475806451 0.9553659283667622 0.6044189838709678 0.9741388954154727
0 0.48018866612903227 0.3235526318051576 0.48015686048387096 0.3331121289398281 0.49098940645161293 0.32935013610315184 0.4928901322580645 0.3212753209169054 0.4875827580645161 0.3176774813753582 0.48018866612903227 0.3235526318051576
0 0.5313665185483871 0.31164704011461314 0.5316251112903226 0.3065963065902579 0.5266171241935483 0.3038546719197708 0.5190370387096773 0.31112799856733525 0.5207607588709677 0.31991779656160463 0.5256553532258065 0.32040504727793695 0.5313665185483871 0.31164704011461314
0 0.5832883435483871 0.29414874498567334 0.5813876177419355 0.3022235616045845 0.5881919258064516 0.310102435530086 0.5966293782258064 0.2994907893982808 0.5887409161290322 0.2904414713467049 0.5832883435483871 0.29414874498567334
0 0.5713080330645162 0.3158592893982808 0.5676109870967742 0.31879686389684814 0.5675791814516129 0.32835636246418337 0.5768421943548387 0.32396589541547277 0.5713080330645162 0.3158592893982808
0 0.3514841709677419 0.7815538624641833 0.3547774258064516 0.790972136103152 0.3588872524193548 0.7911451489971347 0.3619765362903226 0.7710287220630372 0.35946804758064516 0.7619246862464184 0.35247774758064515 0.7554439885386819 0.3496062620967742 0.7646027421203438 0.3514841709677419 0.7815538624641833
0 0.37272265564516127 0.8114116604584527 0.37862880322580644 0.8167219154727794 0.3843807629032258 0.8138708467048711 0.38344180887096774 0.8053952865329513 0.3746959806451613 0.799684287965616 0.37272265564516127 0.8114116604584527
0 0.0898463879032258 0.2070125916905444 0.08673912661290323 0.1961961418338109 0.08094637258064516 0.193140270773639 0.07627856612903225 0.197161782234957 0.07538939516129033 0.2100596017191977 0.08454800322580645 0.21888118911174784 0.0898463879032258 0.2070125916905444
0 0.2212730419354839 0.5114620773638969 0.22034307661290323 0.5184529555873926 0.22931569193548385 0.528672717765043 0.23304454274193548 0.5161756461318051 0.22732438870967744 0.5094672148997135 0.2212730419354839 0.5114620773638969
0 0.24158224919354837 0.42092669484240686 0.23635646370967742 0.42914273495702004 0.24551507177419354 0.43796432234957017 0.24831395725806452 0.43245812750716334 0.24158224919354837 0.42092669484240686
0 0.5217598620967742 0.11046505444126074 0.5188385935483871 0.09825042836676218 0.5159989137096774 0.09784968481375358 0.5088316080645161 0.10823359885386818 0.5105553298387097 0.11702339684813755 0.5160486967741936 0.11922306160458453 0.5217598620967742 0.11046505444126074
0 0.5241044854838709 0.223325388252149 0.5250434403225807 0.2318009484240688 0.5345332403225806 0.23191924498567337 0.5345650459677419 0.22235974641833808 0.5287722919354839 0.2193038753581662 0.5241044854838709 0.223325388252149
0 0.5362299951612903 0.194309729226361 0.536756168548387 0.1996747005730659 0.542435529032258 0.20047618911174783 0.5483326879032259 0.19032000573065905 0.5432113072580645 0.18532399140401146 0.5362299951612903 0.194309729226361
0 0.5122970556451613 0 0.5092948596774194 0.005333507163323782 0.5137448677419355 0.012269666189111749 0.5188170491935483 0 0.5122970556451613 0