0 0.9137758502747253 0.7067366453744492 0.9034172815934065 0.7039122114537445 0.8876237348901098 0.7057513193832599 0.8734609093406593 0.7251546167400881 0.8709354065934066 0.7407076189427312 0.878321081043956 0.7756436497797358 0.8985588337912088 0.7956475748898678 0.9273324464285715 0.7876905154185022 0.9359962994505494 0.7685436850220264 0.93136010989011 0.7334794207048458 0.9137758502747253 0.7067366453744492
0 0.8801391923076923 0.4271640110132158 0.8678624972527472 0.4343516718061674 0.8667757307692308 0.4542476343612335 0.876592065934066 0.5618363149779736 0.8816116524725274 0.5759349052863436 0.888517364010989 0.5778178634361234 0.8944637280219779 0.5610027995594713 0.895134526098901 0.5124608414096916 0.8886756277472528 0.4466111563876652 0.8801391923076923 0.4271640110132158
0 0.8736465728021978 0.2168863898678414 0.8915182335164835 0.21605287665198236 0.9013648447802198 0.1836206982378855 0.8888001703296703 0.17097651321585905 0.8676036428571429 0.1796827026431718 0.8603465315934066 0.20096895814977975 0.8736465728021978 0.2168863898678414
0 0.7595120439560439 0.3148207797356828 0.7539170782967033 0.3084666299559471 0.7452212293956044 0.325409922907489 0.7297482307692308 0.3966925462555066 0.7299727898351649 0.459525449339207 0.7413541304945056 0.438046845814978 0.7423768997252748 0.41374380616740086 0.7765203461538462 0.30189986343612335 0.7595120439560439 0.3148207797356828
0 0.5673428777472528 0.912526513215859 0.5647853763736264 0.9258759779735682 0.5632506456043956 0.9149224008810573 0.5481604670329671 0.9178312202643172 0.5486724285714286 0.9530878348017622 0.5610131195054945 0.9503072488986783 0.568078820054945 0.9632078964757709 0.598323168956044 0.9617973348017621 0.6519375769230769 0.9118886607929516 0.668337353021978 0.8096923832599119 0.6673774285714286 0.7435862334801762 0.6632531991758241 0.7437785837004405 0.6635411758241758 0.7636104273127753 0.6516484491758242 0.7972405506607929 0.6355035041208791 0.8222488700440529 0.6345127321428572 0.8487554471365638 0.6201259258241758 0.8527339779735683 0.6136041813186813 0.8772934801762114 0.5824650521978022 0.9118212334801762 0.5673428777472528 0.912526513215859
0 0.5368641332417582 1 0.5408393626373627 0.9347103986784141 0.5350512623626373 0.8203187533039648 0.5189051675824176 0.750510808370044 0.5092819656593407 0.7509596211453745 0.4988279793956044 0.7889327070484582 0.4966544478021978 0.8287246277533039 0.4831955686813187 0.8966057709251101 0.4129236799450549 0.8888580154185022 0.3960747898351648 0.8653884911894273 0.3929739052197802 0.888685936123348 0.39604336675824175 0.9105930837004406 0.40924741483516486 0.9198999008810572 0.41289225824175824 0.9340626101321586 0.4331940041208791 0.9584736123348018 0.4592501291208791 0.9528483237885462 0.49662417445054946 0.968745486784141 0.5004591662087912 1 0.5368641332417582 1
0 0.5140089766483517 0.36596130837004404 0.5451801030219781 0.3336370925110132 0.5549312939560439 0.34200243171806166 0.5596309052197802 0.3340656387665198 0.567175418956044 0.2852030969162995 0.5427814395604396 0.2631879823788546 0.5102669917582418 0.2503717202643172 0.4699840480769231 0.2709932290748899 0.4422657774725275 0.30425892070484584 0.44987486126373627 0.3072115881057269 0.45658858928571433 0.29587331497797353 0.4614801840659341 0.3011577533039647 0.4698252101648352 0.35479180176211456 0.49178910164835166 0.35156240308370046 0.49888680082417586 0.3666665881057269 0.5140089766483517 0.36596130837004404
0 0.4413732953296703 0.5270086431718062 0.4093702335164835 0.5020408612334801 0.3819073667582418 0.5055267290748898 0.37324409065934067 0.5720816938325992 0.3864161414835165 0.5791849713656387 0.3974140879120879 0.5786720418502203 0.4000355837912088 0.569729654185022 0.40288106181318684 0.5762120374449339 0.4482155892857143 0.5718926563876653 0.4528512032967033 0.5595487885462554 0.4413732953296703 0.5270086431718062
0 0.5924350535714286 0.5089381475770925 0.5942257651098901 0.5375200286343612 0.6283069395604395 0.5634934052863436 0.658487293956044 0.5576757665198238 0.6540425151098901 0.4884246013215859 0.6386963571428572 0.4737051123348017 0.603720401098901 0.4808489273127753 0.5924350535714286 0.5089381475770925
0 0.3869629725274725 0.8536857863436124 0.3848522870879121 0.8030685198237885 0.3777225906593407 0.7857607973568282 0.37737061950549455 0.7615218744493392 0.37251159615384616 0.8058491057268723 0.3825513406593406 0.881454422907489 0.3869629725274725 0.8536857863436124
0 0.6616533241758242 0.6336016651982378 0.6585518653846153 0.6094909779735683 0.6427903145604396 0.6135336233480176 0.6410001785714285 0.6323598722466961 0.6569537129120879 0.6415384581497797 0.6616533241758242 0.6336016651982378
0 0.6483230096153846 0.7577050925110131 0.6560920796703297 0.7716754515418502 0.6673774285714286 0.7435862334801762 0.6617824629120879 0.7372320837004406 0.6656187142857143 0.7172078898678415 0.6569862857142857 0.691150129955947 0.6476190631868132 0.7092272488986784 0.6483230096153846 0.7577050925110131
0 0.37420448626373626 0.14426095154185023 0.36800214285714283 0.14344770704845816 0.37017625000000004 0.15106391629955945 0.39364287500000006 0.15658455066079296 0.43306246153846156 0.12387563876651982 0.4397121950549451 0.10813028854625552 0.46682308791208793 0.0804055 0.4707233351648351 0.06478838105726872 0.5007117032967033 0.04574951321585903 0.5312120329670329 0.0619672577092511 0.5348888722527472 0.07833350660792951 0.5302212596153846 0.08847383700440528 0.5691620329670329 0.11752811233480176 0.6020918736263736 0.1115822422907489 0.6587123228021978 0.12658177533039647 0.6591173585164836 0.043065808370044055 0.48911124313186816 0.03195784581497797 0.33313791758241756 0.039232259911894274 0.3036348956043956 0.06864300660792952 0.26593169642857145 0.04362575330396476 0.2650656291208791 0.11926782599118943 0.29881702197802196 0.11580399118942732 0.3161772967032967 0.12712199559471365 0.36432530357142856 0.1270814603524229 0.36864151785714283 0.14011033920704846 0.37477986675824176 0.1365165088105727 0.37420448626373626 0.14426095154185023
0 0.17389219093406594 1 0.1727601703296703 0.9761325198237886 0.15878760714285714 0.8665326497797357 0.12748734203296702 0.7952264449339207 0.11652139423076922 0.7979429162995594 0.11684136813186814 0.8199782995594713 0.09935367719780219 0.8472542709251101 0.0834647129120879 0.8898908986784141 0.08870885576923077 0.9668223898678414 0.09817966071428572 1 0.17389219093406594 1
0 0 0.6509595308370043 0.002110013736263736 0.643947821585903 0.0052603763736263735 0.6197947246696035 0.005579203296703296 0.5470138436123348 0.010214817307692307 0.5346699735682819 0.02447667582417582 0.4773708105726872 0.030419423076923077 0.45765409691629955 0.0284687239010989 0.41805452422907485 0.008455528846153845 0.4608834977973568 0 0.5151554185022027 0 0.6509595308370043