0 0.9465476054216867 0.9052326350364963 0.9419469397590361 0.8884571861313868 0.931404969879518 0.8893870729927007 0.9299766415662651 0.9056530401459854 0.9465476054216867 0.9052326350364963
0 0.8941865060240963 0.35640630291970804 0.9304306174698795 0.37403504744525545 0.9498757740963856 0.3447256715328467 0.9361263915662651 0.3053282189781022 0.9104768614457832 0.29769847445255476 0.8850202500000001 0.33014133576642335 0.8503973825301204 0.33631922627737226 0.8626307500000001 0.3737678284671533 0.8476108795180723 0.38342301459854017 0.8733656355421686 0.41291054014598544 0.901941969879518 0.40258020437956205 0.8941865060240963 0.35640630291970804
0 0.14484934638554217 0.8702582408759124 0.16152553614457832 0.8916956167883212 0.19470253915662653 0.8981407299270073 0.21721480421686745 0.88001498540146 0.22001884638554217 0.8365541569343066 0.19121452108433734 0.7995259635036496 0.15957107530120482 0.7986726678832117 0.13855728614457832 0.815104299270073 0.14484934638554217 0.8702582408759124
0 0.30975223192771084 0.6984778284671533 0.29776439759036144 0.7120307189781022 0.3070534156626506 0.7637964379562044 0.33892485240963854 0.8120082627737226 0.3720843162650602 0.8148104160583941 0.38703403614457826 0.7905833722627738 0.40660195481927713 0.7867747408759124 0.3973480120481928 0.7422949525547445 0.3745726777108434 0.7057762408759124 0.30975223192771084 0.6984778284671533
0 0.3026885090361446 0.48303347445255473 0.30260081626506025 0.4648186569343065 0.2919536204819277 0.44389076277372264 0.27386664156626506 0.44236231751824817 0.27228047289156626 0.4258416094890511 0.3022675963855422 0.3956023430656934 0.308173828313253 0.3706110802919708 0.291427484939759 0.3346018430656934 0.2612123704819277 0.3174825802919708 0.22821074698795182 0.34746710583941604 0.18149481927710842 0.34534010583941604 0.2162229126506024 0.36101999635036497 0.25119653313253015 0.42770138686131387 0.2211918704819277 0.45429768978102186 0.21246406325301204 0.5191068175182482 0.2518454337349398 0.5624910510948905 0.24586905421686744 0.5729104598540146 0.26108184036144577 0.6033278759124088 0.3050463373493976 0.659844594890511 0.35327828614457835 0.6639204489051095 0.3684910722891566 0.6943378649635036 0.38934701506024094 0.6451195583941606 0.3985308102409639 0.6750274890510949 0.4255911265060241 0.662748302919708 0.43627340060240966 0.6909621277372263 0.4741212168674699 0.7287545401459854 0.528382156626506 0.7333398759124088 0.5646788825301204 0.7618975145985402 0.560008063253012 0.7305502116788322 0.5387662831325302 0.6996233138686131 0.5673075421686747 0.6820070510948906 0.6125074548192772 0.682185200729927 0.6319701506024096 0.6565187846715328 0.6252396445783133 0.5102907481751824 0.6041206295180723 0.504864598540146 0.6073280421686748 0.5451919416058394 0.590879843373494 0.571113098540146 0.5471959487951806 0.5728837992700729 0.5786289397590361 0.5300215328467153 0.5951999036144578 0.5296011204379562 0.5889078463855422 0.4744471824817518 0.5977408795180723 0.43149583576642336 0.5840616475903615 0.4066702372262774 0.5433396385542169 0.39776679197080295 0.5369248102409638 0.31711210583941607 0.49897176807228916 0.25746190145985404 0.47032528313253014 0.25322038321167883 0.45683896987951805 0.2684673868613139 0.4326703825301205 0.2555005693430657 0.40256049096385543 0.26023908759124087 0.3890917138554217 0.2791290547445256 0.38924955421686747 0.31191572992700733 0.41500431024096385 0.34140325547445255 0.44213477710843374 0.34369592335766425 0.4680298373493976 0.4023271605839416 0.510373093373494 0.43503724817518247 0.49094547289156626 0.46798958759124093 0.44867236746987954 0.44985135766423356 0.4277111957831325 0.4772118868613139 0.3433052891566265 0.4700791423357664 0.3313349939759036 0.487274996350365 0.307201484939759 0.48159410583941603 0.2893074186746988 0.5201382627737227 0.2786777620481928 0.5028533321167883 0.3026885090361446 0.48303347445255473
0 0.6891656596385543 0.331798 0.7055963222891567 0.3022338795620438 0.6784132379518072 0.2890123211678832 0.6694925120481927 0.31374884306569345 0.6891656596385543 0.331798
0 0.6622982560240964 0.3841497919708029 0.6667235451807229 0.36449559854014596 0.6516159879518073 0.3559359671532847 0.6456746837349397 0.37364130291970804 0.6622982560240964 0.3841497919708029
0 0.6504331897590361 0.42320343065693433 0.6608699277108434 0.4004157591240876 0.6427478734939759 0.3916013832116788 0.6337920722891567 0.4090519817518248 0.6504331897590361 0.42320343065693433
0 0.640013984939759 0.4496340656934307 0.6354308584337349 0.4365015839416058 0.6188598915662651 0.43692198905109486 0.6204811385542169 0.46072862408759124 0.640013984939759 0.4496340656934307
0 0.689621641566265 0.4265150583941606 0.6970789638554217 0.41075857299270074 0.6849859036144579 0.4024536861313869 0.6790270602409638 0.41651605839416056 0.689621641566265 0.4265150583941606
0 0.6927764427710843 0.45591351094890514 0.7002513042168674 0.4437999890510949 0.6881582379518072 0.43549510218978105 0.6821993975903614 0.44955747445255473 0.6927764427710843 0.45591351094890514
0 0.7496835813253012 0.38425134671532846 0.7511119126506024 0.3679853795620438 0.7390539246987952 0.3669664160583942 0.7360920421686746 0.3776405656934307 0.7496835813253012 0.38425134671532846
0 0.7677004096385541 0.37120793430656934 0.8143812650602409 0.36604900729927003 0.8127249427710843 0.3349564452554744 0.7916059307228916 0.32953029562043795 0.7796707078313254 0.3540120802919708 0.765921328313253 0.31461462773722626 0.7508313072289157 0.30969795620437957 0.7449426174698796 0.3383321861313868 0.7677004096385541 0.37120793430656934
0 0.8399606415662652 0.359106897810219 0.8413889698795181 0.34284093065693433 0.8293309849397591 0.34182196715328467 0.8263866385542169 0.35613908394160587 0.8399606415662652 0.359106897810219
0 0.8977972891566265 0.4805218175182482 0.9052370722891566 0.46112236861313866 0.8870799397590361 0.4450220693430657 0.8751447168674699 0.46950385036496356 0.8977972891566265 0.4805218175182482
0 0.9426289036144577 0.4041977262773722 0.9500862259036145 0.3884412408759124 0.9349611295180724 0.3762386423357664 0.9290022861445784 0.3903010145985401 0.9426289036144577 0.4041977262773722
0 0.8011755572289155 0.4395834343065693 0.8056183825301205 0.4235722080291971 0.7935253162650602 0.41526731751824814 0.7875840150602409 0.43297265328467155 0.8011755572289155 0.4395834343065693
0 0.6448601777108434 0.51741100729927 0.6915234909638555 0.5086091204379563 0.6582237289156627 0.4766632591240875 0.6613259126506024 0.49513281751824817 0.6402770512048193 0.5042785218978102 0.6448601777108434 0.51741100729927
0 0.28260422590361445 0.692542197080292 0.278056171686747 0.6866956386861314 0.2720271777108434 0.6861861569343065 0.2659631114457831 0.6783907518248175 0.25240664457831324 0.679065897810219 0.24639518975903613 0.6821993795620438 0.24646534036144577 0.6967712335766424 0.25101339156626506 0.702617791970803 0.2570423855421687 0.7031272737226277 0.260074421686747 0.7070249781021898 0.2720622530120482 0.6934720875912408 0.28260422590361445 0.692542197080292
0 0.6682668734939758 0.6850764233576642 0.6592584608433735 0.6915981277372263 0.6593110722891566 0.7025270218978102 0.6563316506024096 0.7095582080291971 0.6669788463855422 0.7304861021897809 0.6820513313253013 0.731759806569343 0.6895437289156626 0.7232892481751825 0.6954674939759036 0.7019409452554745 0.6848378373493976 0.6846560145985401 0.6682668734939758 0.6850764233576642
0 0.7009528162650602 0.5895185474452556 0.7115649337349397 0.6031605109489051 0.7206084246987952 0.6039247372262774 0.7250863253012048 0.5951994379562043 0.7250337108433735 0.5842705474452554 0.7174536265060241 0.5745262846715328 0.706911656626506 0.5754561715328468 0.7009177409638554 0.5822326204379562 0.7009528162650602 0.5895185474452556
0 0.7352775361445784 0.5214102700729927 0.7427699337349397 0.5129397116788321 0.7351898493975904 0.5031954489051095 0.7306768734939759 0.5046348211678832 0.7276799156626506 0.5080230474452555 0.7277149909638555 0.5153089708029197 0.7322630421686748 0.5211555291970803 0.7352775361445784 0.5214102700729927
0 0.7315011536144579 0.6758541240875913 0.7299325180722891 0.6629763832116788 0.7193905512048192 0.6639062700729926 0.7164111295180723 0.6709374562043795 0.7239912168674699 0.6806817189781021 0.7315011536144579 0.6758541240875913
0 0.7405095662650603 0.6693324197080293 0.7375126084337349 0.6727206423357664 0.7375476837349397 0.6800065693430657 0.7420957349397591 0.6858531313868613 0.7481247259036145 0.6863626131386861 0.7495530572289157 0.6700966459854014 0.7405095662650603 0.6693324197080293
0 0.776823828313253 0.7015330218978102 0.7738268704819278 0.7049212445255475 0.7738619457831325 0.7122071751824818 0.7784099969879518 0.7180537299270073 0.7949809578313253 0.7176333211678833 0.7873657981927711 0.7006031350364964 0.776823828313253 0.7015330218978102
0 0.8491717469879518 0.707646802919708 0.8537197981927711 0.7134933576642335 0.8567342951807229 0.713748102189781 0.8642266897590363 0.7052775401459854 0.8641916144578312 0.6979916167883212 0.8566290692771084 0.6918903175182481 0.8521160903614458 0.6933296897810218 0.846122171686747 0.7001061313868613 0.8491717469879518 0.707646802919708
0 0.8794219367469879 0.732051996350365 0.8839699909638553 0.7378985510948906 0.8930134819277109 0.7386627773722627 0.8975089186746988 0.7335804416058394 0.897473843373494 0.7262945109489051 0.8929257891566266 0.7204479525547445 0.8853983162650603 0.7216325839416058 0.8794044006024097 0.7284090328467153 0.8794219367469879 0.732051996350365
0 0.843388280120482 0.758138813868613 0.8373943644578313 0.7649152627737226 0.8419424186746988 0.7707618175182481 0.8479714096385541 0.771271299270073 0.8524668493975904 0.7661889635036496 0.8448867590361446 0.756444704379562 0.843388280120482 0.758138813868613
0 0.8576462620481928 0.9031822262773722 0.8621416987951808 0.898099890510949 0.8621066234939759 0.8908139598540146 0.8711150391566265 0.8842922554744526 0.8770738765060242 0.8702298795620438 0.8770388012048193 0.8629439562043796 0.867995313253012 0.8621797299270073 0.8544914608433736 0.8737837700729927 0.84846246686747 0.8732742883211678 0.84095253313253 0.8781018832116788 0.8380081867469881 0.892419 0.8455882771084337 0.9021632627737226 0.8576462620481928 0.9031822262773722
0 0.877319406626506 0.9212313759124088 0.8697393222891565 0.9114871131386861 0.8622118493975903 0.9126717445255474 0.8592324307228916 0.9197029306569343 0.8668125150602409 0.929447193430657 0.877319406626506 0.9212313759124088
0 0.9162974096385542 0.8808274416058395 0.916279873493976 0.8771844781021898 0.9117142831325301 0.8676949525547445 0.9011723162650602 0.8686248467153285 0.898227969879518 0.8829419562043795 0.9027760210843373 0.8887885182481752 0.9088050120481926 0.889298 0.9162974096385542 0.8808274416058395
0 0.7204428222891566 0.882484102189781 0.7340694367469879 0.8963808102189781 0.7431129277108434 0.8971450364963504 0.7506053253012048 0.8886744744525548 0.7475031385542169 0.8702049197080292 0.7369085542168674 0.8602059124087591 0.7233520903614458 0.8608810620437957 0.7173932469879518 0.8749434343065693 0.7204428222891566 0.882484102189781
0 0.6733585993975904 0.8038548613138686 0.6898594096385542 0.788862598540146 0.6883083162650603 0.7796278175182482 0.6747518493975904 0.7803029671532846 0.6702388734939759 0.7817423394160584 0.6657609728915663 0.7904676386861313 0.6673296054216867 0.8033453795620438 0.6733585993975904 0.8038548613138686
0 0.6626587891566265 0.7719980766423357 0.66264125 0.7683551094890512 0.6580931987951807 0.7625085547445256 0.6505657259036145 0.7636931824817519 0.6475863072289156 0.7707243722627738 0.652134358433735 0.7765709270072993 0.6581633493975904 0.7770804087591241 0.6626587891566265 0.7719980766423357
0 0.6037796475903615 0.7469943248175183 0.5977155783132531 0.7391989197080292 0.5901881054216868 0.7403835474452555 0.5842117259036145 0.7508029598540146 0.5918093493975903 0.7641901824817519 0.6068818313253012 0.765463886861314 0.6129459006024096 0.7732592992700731 0.6204558343373494 0.768431704379562 0.6204207590361446 0.7611457737226277 0.6128406746987951 0.7514015145985402 0.6037796475903615 0.7469943248175183
0 0.6142690030120482 0.7351355474452556 0.6142163885542168 0.7242066532846716 0.6111843554216868 0.7203089489051095 0.611114201807229 0.705737094890511 0.6141111596385542 0.7023488722627738 0.6140760843373494 0.6950629452554745 0.6080470933734939 0.6945534635036497 0.6050501325301205 0.6979416861313869 0.6052430512048194 0.7380142883211679 0.6097911024096385 0.7438608430656934 0.6128055993975904 0.744115587591241 0.6173010361445783 0.7390332518248175 0.6142690030120482 0.7351355474452556
0 0.6340298403614458 0.7713995182481752 0.6354757048192772 0.7587765145985401 0.6264322138554217 0.7580122956204379 0.6234527921686747 0.7650434817518248 0.6280008463855422 0.7708900364963504 0.6340298403614458 0.7713995182481752
0 0.6236106355421687 0.7978301532846714 0.6235755602409638 0.7905442299270072 0.6190275090361446 0.7846976715328466 0.6084855391566265 0.7856275583941607 0.6054885813253013 0.7890157846715329 0.6070396746987952 0.7982505620437956 0.616100701807229 0.8026577518248175 0.6236106355421687 0.7978301532846714
0 0.26169566566265057 0.7308316131386862 0.2557017469879518 0.7376080620437957 0.25721776506024097 0.7395569124087592 0.26626125301204817 0.7403211350364963 0.27075669277108433 0.735238802919708 0.26922313554216865 0.7296469854014598 0.26169566566265057 0.7308316131386862
0 0.1762199518072289 0.5014780729927008 0.17322299096385543 0.5048662956204379 0.17325806626506024 0.5121522226277373 0.180803078313253 0.5146105583941606 0.18529851506024095 0.5095282226277372 0.18526343975903614 0.5022422919708028 0.1762199518072289 0.5014780729927008
0 0.4364740813253012 0.4196886861313868 0.44396647891566265 0.41121812773722627 0.4424153825301205 0.4019833467153285 0.4348879096385542 0.40316797445255476 0.4288939939759036 0.40994442335766423 0.42891153012048194 0.4135873868613139 0.4334595843373494 0.4194339416058394 0.4364740813253012 0.4196886861313868
0 0.7109608855421687 0.7906457846715328 0.7110134969879518 0.8015746788321167 0.7185935843373494 0.8113189379562044 0.7321500512048192 0.8106437919708029 0.7321149728915662 0.8033578613138687 0.7215028554216868 0.789715894160584 0.7109608855421687 0.7906457846715328
0 0.7773324246987952 0.8071789744525547 0.7773148855421687 0.8035360109489051 0.7727668343373494 0.7976894525547445 0.768253858433735 0.7991288248175182 0.7652744367469879 0.8061600109489051 0.7698224879518072 0.8120065693430657 0.772836984939759 0.8122613102189781 0.7773324246987952 0.8071789744525547
0 0.8346429337349397 0.8193049781021898 0.8330918433734941 0.8100702007299271 0.822549873493976 0.8110000875912409 0.8241185030120483 0.8238778321167883 0.8301474969879518 0.8243873138686132 0.8346429337349397 0.8193049781021898
0 0.861773406626506 0.8215976459854014 0.860222310240964 0.8123628649635036 0.8526948373493977 0.8135474963503649 0.8542459307228916 0.8227822773722627 0.861773406626506 0.8215976459854014
0 0.4458605632530121 0.8046582299270073 0.44587810240963854 0.8083011934306569 0.4534581867469879 0.8180454525547445 0.46400015662650607 0.8171155656934307 0.4639826174698795 0.813472598540146 0.45640253313253015 0.8037283394160584 0.4458605632530121 0.8046582299270073