0 0.30703125 0.43680555555555556 0.3140625 0.4284722222222222 0.31640625 0.4173611111111111 0.30546875 0.38680555555555557 0.30390625 0.36736111111111114 0.276171875 0.3347222222222222 0.26328125 0.3034722222222222 0.252734375 0.2916666666666667 0.235546875 0.25833333333333336 0.201171875 0.24305555555555555 0.167578125 0.21388888888888888 0.154296875 0.19027777777777777 0.073046875 0.11527777777777778 0.031640625 0.06944444444444445 0 0.04513888888888889 0 0.059027777777777776 0.012109375 0.08333333333333333 0.026171875 0.09444444444444444 0.083984375 0.175 0.105078125 0.19027777777777777 0.123046875 0.21805555555555556 0.146484375 0.23194444444444445 0.156640625 0.25277777777777777 0.174609375 0.26944444444444443 0.17734375 0.29375 0.1703125 0.3145833333333333 0.171484375 0.32916666666666666 0.181640625 0.3333333333333333 0.191015625 0.3194444444444444 0.196484375 0.31805555555555554 0.20546875 0.3298611111111111 0.212890625 0.35138888888888886 0.235546875 0.36944444444444446 0.266796875 0.4125 0.289453125 0.4361111111111111
0 0.31328125 0.8451388888888889 0.344921875 0.8236111111111111 0.34609375 0.8118055555555556 0.341015625 0.8027777777777778 0.316015625 0.7888888888888889 0.30546875 0.7604166666666666 0.294921875 0.7472222222222222 0.29296875 0.75625 0.2984375 0.7784722222222222 0.30078125 0.83125 0.306640625 0.8444444444444444
0 0.07421875 0.9215277777777777 0.08359375 0.9048611111111111 0.09140625 0.8548611111111111 0.083203125 0.8236111111111111 0.069921875 0.8194444444444444 0.0625 0.8298611111111112 0.0625 0.8520833333333333 0.06640625 0.8756944444444444 0.0671875 0.9145833333333333 0.070703125 0.9222222222222223
0 0.10703125 0.7659722222222223 0.116015625 0.7611111111111111 0.12578125 0.7465277777777778 0.13046875 0.7326388888888888 0.128515625 0.725 0.070703125 0.7263888888888889 0.0625 0.7381944444444445 0.0625 0.7465277777777778 0.066796875 0.7541666666666667
0 0.11015625 0.70625 0.123828125 0.6972222222222222 0.12421875 0.6840277777777778 0.097265625 0.6819444444444445 0.0890625 0.69375 0.093359375 0.7069444444444445
0 0.040625 0.7340277777777777 0.04453125 0.7243055555555555 0.0453125 0.7090277777777778 0.035546875 0.6930555555555555 0 0.6854166666666667 0.000390625 0.7125 0.019921875 0.7138888888888889 0.032421875 0.7319444444444444
0 0.06015625 0.6076388888888888 0.06875 0.59375 0.0625 0.5729166666666666 0.027734375 0.525 0.018359375 0.5236111111111111 0.01953125 0.5590277777777778 0.034765625 0.575 0.051953125 0.6055555555555555
0 0.3984375 0.9215277777777777 0.40859375 0.9104166666666667 0.41015625 0.8923611111111112 0.40703125 0.8756944444444444 0.396484375 0.8666666666666667 0.38828125 0.8798611111111111 0.3859375 0.9118055555555555 0.390234375 0.9222222222222223
0 0.346875 0.9465277777777777 0.361328125 0.9236111111111112 0.366796875 0.9222222222222223 0.37265625 0.9090277777777778 0.37421875 0.8909722222222223 0.369140625 0.8736111111111111 0.356640625 0.8736111111111111 0.3484375 0.8909722222222223 0.33984375 0.9409722222222222 0.341796875 0.9472222222222222
0 0.30234375 1 0.30078125 0.9784722222222222 0.293359375 0.9611111111111111 0.272265625 0.9611111111111111 0.26640625 0.9715277777777778 0.268359375 1
0 0.24296875 0.8548611111111111 0.25078125 0.8368055555555556 0.25859375 0.7951388888888888 0.25859375 0.7784722222222222 0.255078125 0.7680555555555556 0.25078125 0.7715277777777778 0.248828125 0.8041666666666667 0.219921875 0.8027777777777778 0.20390625 0.8340277777777778 0.207421875 0.8430555555555556 0.221484375 0.8347222222222223 0.230859375 0.8527777777777777
0 0.2890625 0.7215277777777778 0.270703125 0.6680555555555555 0.258984375 0.6652777777777777 0.25390625 0.6701388888888888 0.25234375 0.6909722222222222 0.255859375 0.7
0 0.6046875 0.1451388888888889 0.61796875 0.11736111111111111 0.61953125 0.09791666666666667 0.616796875 0.09166666666666666 0.604296875 0.09444444444444444 0.590625 0.12013888888888889 0.59140625 0.13541666666666666 0.596484375 0.14305555555555555
0 0.565625 0.11041666666666666 0.573828125 0.10555555555555556 0.5828125 0.08402777777777778 0.58359375 0.06041666666666667 0.578515625 0.05 0.569921875 0.05138888888888889 0.553125 0.09097222222222222 0.557421875 0.10694444444444444
0 0.52265625 0.03263888888888889 0.52890625 0.021527777777777778 0.5265625 0.0006944444444444445 0.509765625 0.001388888888888889 0.509375 0.021527777777777778 0.517578125 0.03333333333333333
0 0.79296875 0.05625 0.810546875 0.044444444444444446 0.81796875 0.025694444444444443 0.81796875 0.017361111111111112 0.804296875 0.002777777777777778 0.793359375 0.002777777777777778 0.7828125 0.03958333333333333 0.786328125 0.05694444444444444
0 0.76640625 0.3451388888888889 0.77109375 0.34097222222222223 0.7953125 0.2590277777777778 0.79296875 0.19652777777777777 0.773828125 0.18472222222222223 0.7703125 0.18819444444444444 0.76953125 0.19791666666666666 0.7765625 0.2423611111111111 0.7765625 0.2701388888888889 0.75625 0.32430555555555557 0.75703125 0.34097222222222223
0 0.75 0.26180555555555557 0.7546875 0.2548611111111111 0.7546875 0.21458333333333332 0.752734375 0.20694444444444443 0.746484375 0.20555555555555555 0.730859375 0.22083333333333333 0.72890625 0.23125 0.739453125 0.25833333333333336
0 0.87265625 0.13819444444444445 0.889453125 0.12916666666666668 0.89375 0.11458333333333333 0.890625 0.09930555555555555 0.879296875 0.07777777777777778 0.8734375 0.08263888888888889 0.8703125 0.10625 0.8625 0.11597222222222223 0.8671875 0.13541666666666666
0 0.5734375 0.70625 0.57734375 0.7048611111111112 0.58203125 0.6409722222222223 0.56171875 0.53125 0.55546875 0.48125 0.5578125 0.45625 0.565625 0.42986111111111114 0.560546875 0.41388888888888886 0.5515625 0.4326388888888889 0.54296875 0.4673611111111111 0.52890625 0.48541666666666666 0.528125 0.4979166666666667 0.540625 0.51875 0.540625 0.5354166666666667 0.5328125 0.5645833333333333 0.534375 0.6090277777777777 0.5453125 0.6298611111111111 0.55 0.6618055555555555 0.56015625 0.68125 0.5640625 0.7034722222222223
0 0.49921875 0.41875 0.522265625 0.4097222222222222 0.528125 0.39791666666666664 0.52890625 0.3659722222222222 0.52265625 0.3215277777777778 0.514453125 0.30972222222222223 0.476953125 0.30972222222222223 0.4625 0.34791666666666665 0.4609375 0.38819444444444445 0.478515625 0.4125 0.489453125 0.41944444444444445
0 0.39296875 0.7590277777777777 0.4015625 0.7465277777777778 0.40390625 0.7298611111111111 0.394921875 0.7097222222222223 0.386328125 0.7083333333333334 0.37890625 0.7215277777777778 0.37890625 0.7409722222222223 0.385546875 0.7555555555555555