0 0.37269011333333335 0.4953097881355932 0.34231238666666663 0.49176686440677964 0.3360920111111111 0.5293227330508474 0.3537124177777778 0.5485811398305085 0.37293886888888894 0.5271107669491525 0.38350197555555554 0.5904917923728814 0.4181321422222223 0.588796220338983 0.45253603111111107 0.6338797838983051 0.45398360666666665 0.6675254152542374 0.46477298888888885 0.6841273050847458 0.4895638377777778 0.6358735169491525 0.5088580955555555 0.6419984152542373 0.5077270866666667 0.6677490338983051 0.5212760022222221 0.6964516398305084 0.5343952155555556 0.689147563559322 0.5363631511111111 0.6568301906779661 0.5596610933333334 0.6259156144067797 0.55676594 0.5586243516949153 0.6181548911111111 0.47635761440677965 0.6035881 0.45001605932203387 0.647650728888889 0.3293070550847458 0.64253888 0.262532186440678 0.6091075377777777 0.2660724152542373 0.6268864111111111 0.21095640677966102 0.6237649822222222 0.19044427966101696 0.6066874155555556 0.1838029872881356 0.5941110444444444 0.2037241779661017 0.5590511733333333 0.16941306779661017 0.5427427244444445 0.12860975 0.5346675511111112 0.1750934194915254 0.5087910177777778 0.19811298305084746 0.4921884844444444 0.17649352542372881 0.47260013777777776 0.18955249576271185 0.4223853111111111 0.167267563559322 0.4055565022222222 0.19242725 0.38230388666666665 0.1723569788135593 0.36493223555555554 0.18489955084745763 0.3433759533333334 0.2302758940677966 0.34500447777777776 0.2681272288135593 0.3621498533333333 0.3023637966101695 0.34382814 0.34486269491525423 0.34713051333333333 0.36958052118644064 0.33306124 0.4068409237288136 0.34043510666666665 0.42211455084745764 0.33690645555555554 0.44417586440677964 0.3469720488888889 0.44395493644067796 0.37269011333333335 0.4953097881355932
0 0.6217745622222223 0.14418153813559323 0.6154185688888889 0.12654685593220338 0.6055339222222222 0.13097349152542373 0.6078184266666666 0.1580523686440678 0.6217745622222223 0.14418153813559323
0 0.5808562133333333 0.15583770762711863 0.5922337644444445 0.13407186440677965 0.5806074555555555 0.12403672881355932 0.5743192688888888 0.1339973220338983 0.5808562133333333 0.15583770762711863
0 0.6743641844444445 0.2997207372881356 0.6768749622222222 0.2800204745762712 0.6609962155555557 0.27522383898305086 0.6576485133333333 0.3014908516949153 0.6743641844444445 0.2997207372881356
0 0.65615524 0.5269751440677967 0.6496182977777778 0.5051347584745763 0.6397336533333333 0.5095613940677967 0.6420181555555555 0.5366402711864406 0.65615524 0.5269751440677967
0 0.31283939555555557 0.509252466101695 0.3066643488888889 0.4958234915254237 0.2923463177777778 0.5012829152542373 0.2924141244444444 0.528878186440678 0.31283939555555557 0.509252466101695
0 0.3028191311111111 0.45848855084745765 0.3119799888888889 0.43723910169491526 0.30514896222222226 0.4345825847457627 0.2923916444444445 0.45029806779661014 0.3028191311111111 0.45848855084745765
0 0.31853977777777776 0.32951452542372883 0.31661716888888886 0.31084705508474575 0.3021181911111111 0.3121007711864407 0.30236694666666664 0.34390175 0.31853977777777776 0.32951452542372883
0 0.4249414177777778 0.09658245762711865 0.4182235288888889 0.07053637288135593 0.40390549555555555 0.07599579237288136 0.40673284 0.11569178389830508 0.4249414177777778 0.09658245762711865
0 0.52659274 0.013432012711864406 0.5288772444444445 0.040510889830508476 0.5358214066666667 0.019777838983050848 0.52659274 0.013432012711864406
0 0.53686176 0.09599690677966102 0.5433987044444444 0.11783728813559322 0.5481261733333334 0.0976206313559322 0.53686176 0.09599690677966102
0 0.7288996266666667 0.13621736864406778 0.73525562 0.1538520466101695 0.7379473466666666 0.13835749152542373 0.7288996266666667 0.13621736864406778
0 0.7014848644444444 0.22756098728813562 0.6993813066666666 0.20468781355932203 0.6826656333333334 0.2064579279661017 0.6827334444444445 0.23405319915254238 0.7014848644444444 0.22756098728813562
0 0.7617641866666667 0.8740602288135593 0.7604297466666666 0.8170250254237288 0.7292150933333333 0.8200488601694915 0.72953166 0.8794451101694916 0.7617641866666667 0.8740602288135593
0 0.8129744066666666 0.8154039915254236 0.8177018755555555 0.7951873347457626 0.8057136733333333 0.7767407923728813 0.7981135311111112 0.8082463008474576 0.8129744066666666 0.8154039915254236
0 0.7982270355555555 0.5767116525423729 0.8031354533333334 0.5607006991525424 0.79372584 0.5501491694915255 0.7874376533333334 0.5601097627118644 0.7982270355555555 0.5767116525423729
0 0.44880321999999995 0.9894454322033898 0.4511330488888889 0.9655394661016948 0.44430202444444444 0.9628829491525424 0.44059242666666665 0.9807385550847457 0.44880321999999995 0.9894454322033898
0 0.6122053866666667 0.8324396610169491 0.612499471111111 0.8132557923728814 0.6058493911111111 0.8148049788135593 0.6019588466666667 0.8284548855932203 0.6122053866666667 0.8324396610169491
0 0.19365795555555554 0.6793198983050847 0.19544494666666667 0.6427968220338983 0.18196384000000002 0.6416894915254236 0.18119472444444445 0.6758515169491526 0.19365795555555554 0.6793198983050847
0 0.2517224155555556 0.28561013559322035 0.2534640777777778 0.30007190254237287 0.26316777555555554 0.2914395677966101 0.2517224155555556 0.28561013559322035
0 0.29944931333333336 0.19803036864406778 0.29777546 0.21116387711864407 0.30562436 0.21145934322033896 0.29944931333333336 0.19803036864406778