0 0.9030394020618556 0 0.8856418118556701 0.02805148201438849 0.896271487113402 0.07522366546762589 0.9217755927835052 0.08296873741007194 0.9478090798969073 0.06191136330935253 0.9426773273195876 0.03142607194244604 0.9344295798969072 0 0.9030394020618556 0
0 0.9343435128865979 0.22152326978417267 0.9698437242268042 0.19280867266187052 0.9558875721649486 0.1099018237410072 0.9424502293814433 0.10195832374100719 0.9053554046391753 0.12120008992805754 0.8951182293814434 0.1642144892086331 0.8972454561855671 0.19282496043165467 0.9343435128865979 0.22152326978417267
0 0.9415037242268042 0.391847690647482 0.9426618273195877 0.3747669856115108 0.9347408556701031 0.3836199748201439 0.9415037242268042 0.391847690647482
0 0.8203632603092784 0.41498370863309353 0.8215213634020618 0.39790300359712233 0.7925397190721649 0.3934599748201439 0.7937010515463917 0.42431934532374105 0.8203632603092784 0.41498370863309353
0 0.7861596546391753 0.3315986115107914 0.7757238067010309 0.29356466187050356 0.7500274922680412 0.3006513956834532 0.7374708788659794 0.3298871366906475 0.7415298917525773 0.3539997985611511 0.7589192036082474 0.3614596223021583 0.7730231804123712 0.35738968705035973 0.7861596546391753 0.3315986115107914
0 0.8640206675257732 0.29895126978417264 0.8576438350515464 0.2850299820143885 0.8472112164948454 0.29493611151079135 0.8545539458762886 0.3066084928057554 0.8640206675257732 0.29895126978417264
0 0.7886551443298969 0.09084508273381295 0.7735836546391753 0.07319388489208632 0.7523323891752577 0.09869970863309352 0.7714612731958763 0.11649353237410072 0.7886551443298969 0.09084508273381295
0 0.6538112731958763 0.32808782014388493 0.6683012912371135 0.31832431294964025 0.6607631211340206 0.2735436582733813 0.6829802835051546 0.24578892446043163 0.6785352345360826 0.2273698309352518 0.6557365979381443 0.2277098561151079 0.6574729432989691 0.19010377697841727 0.6313905953608248 0.20288408273381295 0.6304263195876288 0.22910302517985612 0.6169021984536083 0.2366176258992806 0.6437582293814432 0.23642022302158275 0.6485909304123711 0.2731157877697841 0.6302341082474227 0.24393482733812952 0.6012540798969073 0.2634618417266187 0.5662832525773196 0.263374 0.5431001958762887 0.2933776294964029 0.5498646804123711 0.32557538848920864 0.5380785231958762 0.3194539496402878 0.5353746675257732 0.33533889568345326 0.5002116288659794 0.3500828561151079 0.5007931030927836 0.37749756115107913 0.5322863943298969 0.38088744604316543 0.531708149484536 0.4014128165467626 0.5597239020618557 0.4081047482014388 0.5666789768041237 0.4015006618705036 0.5570151984536083 0.35207957553956837 0.5744045103092784 0.35953939928057554 0.5745967190721649 0.3447075935251798 0.6029985051546393 0.3457059532374101 0.5836790231958763 0.36671397841726616 0.6400949458762887 0.35043422661870505 0.6634718221649485 0.3295688273381295 0.6538112731958763 0.32808782014388493
0 0.5910007474226804 0.0667758561151079 0.5815324097938145 0.05046304316546763 0.5666563608247424 0.06592011870503597 0.5776704536082474 0.08342869064748201 0.5910007474226804 0.0667758561151079
0 0.4592354587628866 0.11464980575539568 0.45169890721649486 0.09383919064748202 0.4343112139175258 0.11034940287769784 0.4453253041237113 0.1278579820143885 0.4592354587628866 0.11464980575539568
0 0.43934096649484533 0.20412328057553955 0.4312245541237113 0.17986799280575538 0.4124849329896907 0.20432067985611513 0.42794245618556703 0.21627830935251796 0.43934096649484533 0.20412328057553955
0 0.466965837628866 0.1445986618705036 0.5009723865979382 0.17090544604316546 0.5409648917525773 0.14491696762589928 0.5457911262886598 0.08573237769784173 0.5233769097938145 0.05640879496402878 0.491497587628866 0.058712478417266185 0.4743004871134021 0.03642084892086331 0.465027587628866 0.05321631294964029 0.4760416778350516 0.07072488848920863 0.46116724742268045 0.110152 0.466965837628866 0.1445986618705036
0 0.16169198969072165 0.09005462230215827 0.17019431443298969 0.10677248561151079 0.181399 0.08547921942446043 0.19067351288659795 0.09265379856115108 0.2130844974226804 0.07403729856115109 0.18132146907216493 0.08182392446043166 0.16169198969072165 0.09005462230215827
0 0.14469667268041236 0.19490757194244604 0.1719403530927835 0.21298664028776979 0.18295121134020617 0.1825551366906475 0.14314768556701032 0.14577173021582734 0.13638643298969072 0.16151405395683452 0.14469667268041236 0.19490757194244604
0 0.12266848969072165 0.15989042086330935 0.09716276804123711 0.1281753129496403 0.08460453865979381 0.13344101079136692 0.0759115 0.15368114028776977 0.0859613118556701 0.1974086582733813 0.10702198711340206 0.2107046726618705 0.1234437886597938 0.19644336330935253 0.12266848969072165 0.15989042086330935
0 0.2646725670103093 0.09297210431654676 0.25520422938144327 0.07665929136690647 0.24283982731958761 0.09106322661870504 0.2507624149484536 0.10618027697841727 0.2646725670103093 0.09297210431654676
0 0.2544418556701031 0.2318666654676259 0.25502009793814434 0.21134129136690646 0.23782461340206185 0.2130197014388489 0.24033787371134022 0.23593660071942443 0.2544418556701031 0.2318666654676259
0 0.27898006701030925 0.24186063669064747 0.2720233737113402 0.22449468345323742 0.2590791108247423 0.23545395323741006 0.2586946932989691 0.2651175611510791 0.27898006701030925 0.24186063669064747
0 0.19225965463917524 0.6931005287769785 0.20983955927835052 0.6617585107913668 0.2104161855670103 0.6172630971223022 0.18491046649484535 0.5855479928057554 0.14549620360824744 0.5910110935251799 0.12598451288659793 0.6268509208633094 0.1211598943298969 0.7100055503597122 0.14473221391752578 0.7222484244604317 0.19225965463917524 0.6931005287769785
0 0.09447345360824744 0.35979060431654675 0.09544419329896908 0.4294518201438849 0.11631265721649485 0.45757964028776976 0.07999151546391753 0.48940430935251794 0.06801476288659794 0.5220847122302159 0.09023838402061855 0.5902101402877697 0.12888057731958763 0.5961341690647483 0.16848381701030926 0.5278991870503598 0.14896728092783504 0.4918288956834532 0.1787161469072165 0.41297466906474817 0.17485095876288662 0.3980002410071943 0.16016711855670102 0.3986255143884892 0.16499496907216493 0.36341096043165466 0.14142103608247422 0.32719804316546763 0.10818978350515462 0.33744419784172663 0.09447345360824744 0.35979060431654675
0 0 0.46656615827338127 0.011014136597938144 0.4630096798561151 0.021059103092783506 0.43482708273381293 0.01178458762886598 0.4276525035971223 0.014488443298969072 0.41176755755395683 0 0.4032026942446043 0 0.46656615827338127
0 0 0.3663576474820144 0.025114884020618556 0.4109996654676259 0.03767311082474227 0.405733964028777 0.04520481701030928 0.35463446402877696 0.026461966494845363 0.33114707553956835 0.008880448453608247 0.3385190539568345 0 0.35919552158273377 0 0.3663576474820144
0 0 0.3391303633093525 0.005788940721649485 0.3361275323741007 0.0320602706185567 0.26057534532374105 0 0.25791476258992807 0 0.3391303633093525
0 0.01176423969072165 0.699083298561151 0.020883048969072164 0.6893592733812949 0.011414708762886597 0.6730464604316547 0.010256605670103093 0.6901271690647482 0.01176423969072165 0.699083298561151
0 0 0.6167323741007195 0.006966432989690722 0.6066872913669065 0 0.5972975 0 0.6167323741007195
0 0.040699208762886595 0.8709721330935252 0.04562478092783505 0.8523117122302158 0.03287111082474226 0.8244691402877697 0.040699208762886595 0.8709721330935252
0 0.02475308505154639 0.7762438165467626 0.027455324742268042 0.7363888309352518 0.019341067010309278 0.7440936007194245 0.02475308505154639 0.7762438165467626
0 0.030261744845360827 0.8089681438848921 0.04137032731958763 0.7950907769784172 0.02475308505154639 0.7762438165467626 0.030261744845360827 0.8089681438848921
0 0.04252035051546392 0.6581598776978417 0.0344039381443299 0.6339045935251799 0.01450459793814433 0.6514679460431655 0.023586904639175257 0.6734743273381295 0.04252035051546392 0.6581598776978417
0 0.18357630927835053 0.857160892086331 0.17410796907216497 0.8408480791366906 0.16425521391752576 0.8541988741007194 0.16908629381443296 0.8669243992805756 0.18357630927835053 0.857160892086331
0 0.11344567268041238 0.9197570863309352 0.13894977835051547 0.9275021582733812 0.14474513917525772 0.9140087374100719 0.13431090721649483 0.8999448273381295 0.1165355618556701 0.8981785755395684 0.11344567268041238 0.9197570863309352
0 0.1862866262886598 0.9371561007194246 0.19846043556701032 0.9615540071942446 0.21430237628865978 0.9438480323741006 0.2114030824742268 0.926624701438849 0.19555952577319585 0.9203606402877698 0.1862866262886598 0.9371561007194246
0 0.12600551546391753 0.9384614244604316 0.09470605154639175 0.944209773381295 0.08794479896907217 0.9599520971223022 0.09798049226804123 0.9919184676258993 0.13269005412371135 0.9893796474820145 0.1401127268041237 0.9823315647482014 0.14107700773195875 0.9561126223021582 0.12600551546391753 0.9384614244604316
0 0.4689444768041237 0.8352319820143885 0.4641133917525773 0.8225064568345324 0.40904940206185564 0.8308437374100719 0.39455938659793816 0.8406072410071943 0.39301525 0.8633815179856115 0.3800693711340206 0.8503707482014388 0.33118838659793814 0.8634910755395684 0.30278821649484533 0.8864627553956834 0.30008436082474227 0.902347701438849 0.2805694407216495 0.8902474496402878 0.2786360386597938 0.8707752122302158 0.26974917525773195 0.8818771043165468 0.25816007216494846 0.9328339820143886 0.2815752989690722 0.9784894856115108 0.29264015721649483 0.9776801510791366 0.2979635979381443 0.9696173884892086 0.30103769587628865 0.9770659172661871 0.33676925 0.9744523417266188 0.35360744845360825 0.964724773381295 0.36586364175257735 0.9723242446043167 0.3830607706185567 0.9710663633093526 0.43069639432989687 0.9434645719424459 0.5077853402061856 0.9222043669064749 0.506045762886598 0.9118703705035972 0.4662454664948454 0.9230270431654676 0.46991521649484536 0.9048931942446042 0.47976959020618554 0.9155124352517986 0.4855633324742268 0.8780489784172661 0.49947348711340206 0.8648408093525181 0.49174311082474226 0.8348919568345323 0.4689444768041237 0.8352319820143885
0 0.550465543814433 0.6406305575539568 0.5379056984536082 0.6219262230215827 0.5381011417525773 0.6550344964028777 0.5297925206185566 0.6456110143884892 0.5284373608247422 0.6056134100719424 0.5203225644329896 0.6053281618705035 0.5135580824742269 0.5731304028776979 0.514333381443299 0.609683345323741 0.4973284896907217 0.5725599136690648 0.47742753350515466 0.5661532338129497 0.48071447938144335 0.6016530323741007 0.4623576597938144 0.572472071942446 0.46390502835051545 0.5976378741007194 0.4455482087628866 0.5684569136690648 0.4213976469072165 0.5767394100719424 0.42294178350515466 0.5539651366906475 0.4096098737113402 0.5466479352517986 0.4080657371134021 0.5694222122302158 0.39627957474226805 0.5633007733812949 0.3935757216494845 0.5791857194244604 0.37541434278350516 0.5831130287769785 0.3732903453608248 0.602442643884892 0.36227787113402066 0.6089041043165467 0.37522536340206186 0.6458849136690648 0.3589957731958763 0.6453144208633094 0.3607353505154639 0.6556484172661871 0.34817712113402066 0.660914118705036 0.33600331185567006 0.6365162122302158 0.3390964329896907 0.6628777769784173 0.3560997087628866 0.6760311690647482 0.3618950695876289 0.6625377517985611 0.3771587654639175 0.6653571474820145 0.36228433247422676 0.7047842589928057 0.37329680927835046 0.6983227949640287 0.372138706185567 0.7154035035971222 0.38527679381443297 0.7135824712230215 0.3848923737113402 0.7432460791366906 0.39861032216494846 0.7448697122302158 0.4100120618556701 0.7806547553956834 0.42913933505154633 0.7744785359712231 0.42856109020618555 0.7950039100719425 0.4438247886597938 0.7978233057553957 0.4496201469072165 0.7843298884892087 0.45792876804123717 0.7937533669064748 0.4440186134020619 0.8069615395683453 0.48691202835051545 0.8221664316546762 0.5149261649484536 0.8048883237410072 0.5145385154639175 0.7866118525179857 0.5269045335051546 0.79617795323741 0.5361774329896907 0.7793824964028776 0.5408130721649484 0.7589997410071943 0.5284470541237113 0.7494336402877698 0.5274795463917525 0.7277125071942446 0.5527882113402062 0.7023492985611511 0.550465543814433 0.6406305575539568
0 0.5636100927835052 0.7346896798561151 0.5601309381443299 0.7140216834532375 0.5467990257731958 0.7067044856115108 0.5280594046391752 0.7311571726618705 0.543324719072165 0.7579466043165468 0.5367572912371135 0.7828271618705035 0.5458379819587629 0.7808635035971223 0.5636100927835052 0.7346896798561151
0 0.5976101829896907 0.665116309352518 0.6242723891752577 0.6557806690647482 0.6501592989690722 0.6098920935251799 0.6343141262886598 0.5796579964028777 0.641461412371134 0.5582221043165467 0.6146037628865979 0.5344494676258993 0.5719057886597938 0.5523528489208633 0.5496902448453609 0.604077618705036 0.5628315618556701 0.6501966618705036 0.5976101829896907 0.665116309352518
0 0.6942205103092783 0.7518365107913669 0.7145042680412371 0.7046095503597122 0.7092855360824742 0.6736075575539568 0.6714137963917526 0.632326345323741 0.6482291262886598 0.638359938848921 0.6223422190721649 0.6842485143884892 0.6236973762886598 0.7242461223021582 0.6455333505154639 0.7740950755395684 0.6942205103092783 0.7518365107913669
0 0.7332390438144331 0.6082467446043165 0.7231908479381444 0.5884892697841727 0.7102465850515464 0.599448535971223 0.7162373840206185 0.619063392086331 0.7332390438144331 0.6082467446043165
0 0.8074351546391751 0.6656433669064749 0.8035699664948454 0.6506689388489209 0.7925574922680413 0.6571304028776979 0.7979684329896908 0.6733005899280575 0.8074351546391751 0.6656433669064749
0 0.842601425257732 0.6988394856115108 0.8526480077319588 0.6946269244604317 0.8487828170103093 0.6796524964028777 0.842601425257732 0.6988394856115108
0 0.26179750773195876 0.4352993561151079 0.2517525412371134 0.46348195683453236 0.25774334020618556 0.4830968129496403 0.27513265206185566 0.4905566366906475 0.2979296701030928 0.466246571942446 0.2743557345360825 0.4300336582733813 0.26179750773195876 0.4352993561151079
0 0.2761001597938144 0.5122777697841726 0.2565852396907216 0.5001775179856115 0.23900371649484536 0.5075495 0.2258672474226804 0.533340571942446 0.22992626030927835 0.5574532338129496 0.24905514948453608 0.5752470575539568 0.27938710309278353 0.547777571942446 0.2761001597938144 0.5122777697841726
0 0.2948413969072165 0.5117951258992806 0.3145501443298969 0.5330336115107914 0.3356091984536082 0.5223595863309353 0.34797198711340205 0.4839856115107914 0.3717349020618556 0.4574266474820144 0.3707673917525773 0.4357055071942446 0.35569590206185564 0.4180543129496403 0.3330910927835051 0.42753257194244604 0.3251717371134021 0.4603556007194245 0.2977374613402062 0.48107837410071946 0.2948413969072165 0.5117951258992806
0 0.27237418041237116 0.6392253705035972 0.2629685360824742 0.6099789604316547 0.24596526030927837 0.5968255683453237 0.22838373969072165 0.6041975503597122 0.22027055927835051 0.627882345323741 0.23920723711340208 0.6605079676258993 0.25833451030927834 0.6543317517985611 0.27237418041237116 0.6392253705035972
0 0.3234467010309278 0.6657519496402877 0.33600492783505154 0.6604862517985611 0.3135907139175258 0.6311626690647482 0.29214561855670107 0.6475302625899281 0.2869317345360825 0.6884383848920863 0.31726692010309276 0.7089089784172662 0.33562050773195873 0.6901498561151079 0.3234467010309278 0.6657519496402877
0 0.2857752474226804 0.7294891294964029 0.2819100592783505 0.7145147050359713 0.2714774407216495 0.7244208309352518 0.2757286649484536 0.7337016906474819 0.2857752474226804 0.7294891294964029
0 0.06532383247422681 0.7297299676258994 0.10918152577319587 0.718715917266187 0.1257955360824742 0.6896228021582733 0.11072243041237115 0.6480015647482014 0.0898555824742268 0.6438437841726619 0.06589884278350515 0.6612645179856115 0.05199030670103093 0.6984427302158274 0.058947 0.7158086798561151 0.061070994845360826 0.6964790719424461 0.0682198969072165 0.6990132194244604 0.06532383247422681 0.7297299676258994
0 0.08713557216494845 0.4200283381294964 0.09080531958762887 0.4018944928057554 0.0873229355670103 0.333286417266187 0.07708252835051546 0.3283607446043166 0.06780962886597938 0.3451562050359712 0.07225467525773197 0.36357529856115106 0.05757083762886598 0.36420057194244604 0.06858815979381444 0.4296492230215827 0.08713557216494845 0.4200283381294964
0 0.29367521391752577 0.40902563669064745 0.28420687886597934 0.3927128237410072 0.2704905463917526 0.41505923021582736 0.2803449201030928 0.42567847482014387 0.29367521391752577 0.40902563669064745
0 0.18471340721649485 0.5284696762589928 0.1966917783505155 0.5197593129496403 0.18645136855670102 0.5148336366906475 0.18471340721649485 0.5284696762589928
0 0.17698626288659794 0.5464609028776979 0.17543889690721648 0.5212951007194245 0.1613349149484536 0.525365035971223 0.17698626288659794 0.5464609028776979
0 0.3835178298969072 0.4156080071942446 0.3765611365979381 0.3982420503597123 0.3661285180412371 0.4081481798561151 0.3715394587628866 0.42431837050359716 0.3835178298969072 0.4156080071942446
0 0.38468401030927835 0.5183774928057554 0.37772731701030926 0.5010115395683453 0.36671484020618555 0.5074730035971223 0.36961413402061855 0.5246963345323741 0.38468401030927835 0.5183774928057554
0 0.32595188402061853 0.568818654676259 0.32015490979381445 0.558342035971223 0.30972229123711337 0.5682481654676259 0.3164851597938145 0.5764758848920863 0.32595188402061853 0.568818654676259
0 0.2822863994845361 0.5650009028776979 0.2892414768041237 0.5583968165467627 0.2815127164948454 0.552418 0.2822863994845361 0.5650009028776979
0 0.46273400000000003 0.42295826978417267 0.4563571675257732 0.4090369820143885 0.447856337628866 0.4144453057553957 0.45326727835051545 0.4306154928057554 0.46273400000000003 0.42295826978417267
0 0.4505569613402062 0.35062028417266183 0.46388725773195877 0.3339674460431655 0.44920341752577325 0.3345927158273381 0.4505569613402062 0.35062028417266183
0 0.6526402474226803 0.15340821582733813 0.6607534278350515 0.12972342086330935 0.6197934149484536 0.13399076618705036 0.6284896855670102 0.16169071223021583 0.6526402474226803 0.15340821582733813