0 0.6203503260869565 0 0.6087747826086957 0.023144624031007754 0.614795447826087 0.09420700775193798 0.5754973152173913 0.1591166472868217 0.5712577347826087 0.2209810426356589 0.5607707695652173 0.24687476356589147 0.5675481043478261 0.2751123875968992 0.5600523456521739 0.3209247093023256 0.5783014260869566 0.3565735503875969 0.6010933086956523 0.3577166589147287 0.5669444239130436 0.4428378875968992 0.5704655782608696 0.4550234379844961 0.6321007586956522 0.35021891472868216 0.6373251173913044 0.3216594612403101 0.6516364608695652 0.3353099496124031 0.6649630239130435 0.315655496124031 0.6422845021739131 0.29696653100775194 0.6374002326086957 0.2728884186046512 0.6434577608695652 0.2639545813953489 0.7921328760869565 0.09681962015503877 0.8920201652173912 0.024525918604651163 0.7113714347826087 0 0.6203503260869565 0
0 0.5766761 0.5709903333333334 0.5444953913043479 0.611500034883721 0.5386277217391304 0.6653383914728682 0.5487746 0.6920822325581396 0.5051972608695652 0.6764096744186047 0.5507059108695652 0.7274669302325582 0.5639191108695651 0.7253583333333333 0.5647522826086956 0.7449839457364341 0.5825465304347827 0.7395947984496124 0.5794802065217391 0.7684472403100775 0.5882639695652174 0.783298515503876 0.5959495891304348 0.7823907131782946 0.601703895652174 0.7460982131782945 0.6314247239130435 0.7891582751937984 0.6954856782608695 0.9032230348837209 0.7196426565217391 0.9621581821705426 0.9634892413043479 0.9495078062015504 0.9800156347826087 0.708352945736434 0.9541442173913044 0.6885800813953489 0.8788778717391305 0.6744589883720931 0.8059962913043478 0.6255391666666666 0.7706727652173914 0.632450937984496 0.7261106456521739 0.5834734379844961 0.6883258630434783 0.5627335620155038 0.6595147 0.601749476744186 0.63358 0.5670084418604651 0.5766761 0.5709903333333334
0 0.34035460869565215 0.7457384069767442 0.32350688913043474 0.7532073062015504 0.3281261891304348 0.7811519457364341 0.30124633695652175 0.8555525620155039 0.2555269239130435 0.9449566550387597 0.4116169130434783 0.9661483372093023 0.41861354347826085 0.8909995077519379 0.40835330000000003 0.881801519379845 0.4061570152173913 0.8502833488372094 0.42470793695652176 0.8020694418604651 0.4027860891304348 0.7405557209302326 0.4067989456521739 0.713783034883721 0.3947590021739131 0.6828796821705427 0.3676510434782609 0.6811505968992247 0.37098233913043477 0.6484316279069767 0.36087370869565216 0.652912972868217 0.3566341282608696 0.7147773643410853 0.34035460869565215 0.7457384069767442
0 0 0.6048822325581396 0.036751467391304346 0.599152007751938 0.07498970434782608 0.549708465116279 0.12867567173913044 0.5608996860465116 0.20549361304347827 0.5205964457364342 0.24138533260869566 0.5371768100775194 0.2696283 0.4746687558139535 0.3076398108695652 0.46031692635658916 0.31918667173913046 0.4189571046511628 0.3456130717391304 0.41473990697674423 0.34977753478260865 0.4016465503875969 0.30676839347826085 0.4094661279069768 0.28677785869565214 0.3833371046511628 0.27114164782608696 0.3890192403100775 0.15294127173913044 0.33394668217054263 0.10190504130434783 0.2840902131782946 0.04632600652173913 0.26873948449612406 0.010106028260869565 0.24105747674418607 0 0.38852571317829454 0 0.6048822325581396
0 0.2924258304347826 0 0.2946860608695652 0.013673356589147286 0.3247852239130435 0.03532104263565891 0.3404228173913043 0.14086031782945738 0.37199846086956523 0.15685470542635657 0.41686380217391306 0.23319086821705426 0.4359829195652174 0.2084690968992248 0.4666885282608696 0.28483410077519383 0.47611559999999997 0.27440647674418606 0.4487795347826087 0.19654768992248065 0.4660055869565218 0.1676664069767442 0.44563671739130434 0.16294976356589147 0.4309087891304348 0.13948646899224806 0.4462800282608696 0.13767086046511626 0.4346566695652174 0.11658031007751937 0.4470367 0.0948461007751938 0.44120589782608693 0.06868823255813954 0.42598627173913045 0.08418317441860465 0.4193170239130435 0 0.2924258304347826 0
0 0.5110211565217391 0.14646048837209302 0.49576328478260867 0.1307302441860465 0.49159881739130434 0.14382360077519382 0.5015940847826087 0.15688811240310077 0.5110211565217391 0.14646048837209302
0 0.47077511521739135 0.09806896511627906 0.4786123456521739 0.11084049224806201 0.5035622652173913 0.11227658527131783 0.5058336652173913 0.09502372093023256 0.4865246891304348 0.07484097674418605 0.47077511521739135 0.09806896511627906
0 0.6505779478260869 0.4619974573643411 0.647700102173913 0.424533003875969 0.6397495108695652 0.4293073333333333 0.6416808217391304 0.46469203100775197 0.6505779478260869 0.4619974573643411
0 0.6407711586956522 0.3826160503875969 0.6370983913043479 0.35675117054263566 0.6243017760869565 0.3686725736434109 0.6224469586956521 0.3957382480620155 0.6407711586956522 0.3826160503875969
0 0.6745430869565218 0.43012861240310074 0.67692785 0.3953298875968992 0.6595119369565218 0.3793066589147287 0.6610649130434783 0.43610373255813956 0.6745430869565218 0.43012861240310074
0 0.26640898695652176 0.37862046124031007 0.2753061108695652 0.3759258875968992 0.27579781086956523 0.3369676472868217 0.29385703260869567 0.32771197674418606 0.2981348608695652 0.29707277131782944 0.2612966086956522 0.2784126472868217 0.24554703478260867 0.30164063565891475 0.2458502565217391 0.3289992984496124 0.24857649130434784 0.35278441860465115 0.26640898695652176 0.37862046124031007
0 0.4029335565217391 0.42057082170542637 0.40993761739130435 0.4137167325581395 0.40331189347826085 0.3991584418604651 0.4029335565217391 0.42057082170542637
0 0.5010669 0.387063980620155 0.49849228043478255 0.3769581899224806 0.48864862173913043 0.377573007751938 0.4873237543478261 0.39690563178294574 0.5010669 0.387063980620155
0 0.30457625 0.7116121860465117 0.29336947826086957 0.7003344418604651 0.28920501304347823 0.7134277984496123 0.29704224347826086 0.7261993217054263 0.30457625 0.7116121860465117
0 0.2755001152173913 0.7544946279069767 0.28443548695652177 0.7830252403100775 0.3026463195652174 0.7874488992248061 0.30681078260869565 0.7743555465116279 0.2823525630434783 0.7339612131782947 0.2755001152173913 0.7544946279069767
0 0.5310199804347826 0.839917976744186 0.5423401173913043 0.8336498643410852 0.5311333413043479 0.8223721240310078 0.5310199804347826 0.839917976744186
0 0.5131874826086956 0.8140819379844961 0.5298835891304348 0.7929337054263567 0.5178818934782609 0.7932555348837209 0.5131874826086956 0.8140819379844961
0 0.5552883413043478 0.8354077945736434 0.5607776760869566 0.8029818139534883 0.5439299565217391 0.8104507170542635 0.5463912173913044 0.8381023682170543 0.5552883413043478 0.8354077945736434
0 0.5624808804347826 0.7622368100775193 0.5628592173913043 0.7408244302325581 0.5479045630434782 0.7524528488372093 0.5511607434782608 0.7685049224806202 0.5624808804347826 0.7622368100775193
0 0.45904530217391304 0.6506313217054263 0.4679424260869565 0.6479367480620155 0.4661627239130435 0.6262313798449612 0.45904530217391304 0.6506313217054263
0 0.3815444195652174 0.5737668682170542 0.39528756739130433 0.5639252209302326 0.3808246152173913 0.5365954031007751 0.3815444195652174 0.5737668682170542