0 0.9735876957671957 0.36897073703703703 0.9924130396825397 0.39114737777777775 0.9937937275132275 0.30809945925925925 0.979556447089947 0.3171485481481482 0.9735876957671957 0.36897073703703703
0 0.9360351428571428 0.481837862962963 0.959610701058201 0.5329571925925926 0.9868852513227513 0.5298237111111112 0.9904642433862434 0.5083669148148148 0.991898201058201 0.42211478148148146 0.9666366296296296 0.4186629555555556 0.9434921137566138 0.45317009999999996 0.9360351428571428 0.481837862962963
0 0.9103293571428571 0.7001025222222222 0.9169378624338624 0.6845406333333334 0.9070103571428572 0.687924 0.9103293571428571 0.7001025222222222
0 0.7951739232804232 0.6447018444444444 0.8017824285714286 0.6291399592592593 0.7774922566137565 0.6063623481481482 0.768442708994709 0.636558774074074 0.7951739232804232 0.6447018444444444
0 0.7920341428571429 0.5432382111111111 0.795189798941799 0.5002619518518518 0.7700511587301587 0.49059021851851853 0.7493476825396825 0.5104628222222222 0.7450758624338624 0.536073262962963 0.7580841613756614 0.554315662962963 0.771940925925926 0.5594521851851851 0.7920341428571429 0.5432382111111111
0 0.8718557301587302 0.5618788259259259 0.8707395661375662 0.5445130074074074 0.858237171957672 0.5472950629629629 0.86094591005291 0.5631322185185186 0.8718557301587302 0.5618788259259259
0 0.8728992883597884 0.3150479481481481 0.8652789761904761 0.28856092962962965 0.8380713492063493 0.299312337037037 0.8492488703703703 0.32853064074074073 0.8728992883597884 0.3150479481481481
0 0.6756286957671958 0.4552358703703704 0.6916882962962962 0.4551850925925926 0.6996216798941799 0.4076228481481482 0.7284218783068783 0.39534277777777777 0.730490865079365 0.374919637037037 0.7101299497354497 0.3606619148148148 0.7239572222222221 0.3258795 0.6966157460317461 0.321395062962963 0.6871941455026455 0.34580288148148147 0.6727271216931217 0.3443249962962963 0.6966452407407407 0.36131399999999997 0.6889500634920634 0.39942900000000003 0.6821782142857142 0.3598361111111111 0.6500590132275132 0.35993765555555557 0.6190264867724867 0.3374860888888889 0.5886337116402116 0.35129482222222225 0.5841236851851852 0.3863525 0.5756549074074074 0.37297135555555555 0.5680640873015873 0.3864032740740741 0.5320156243386244 0.37798492962962965 0.5235763386243386 0.40452272222222224 0.5504414047619048 0.42790164444444445 0.5432226375661375 0.44712216666666665 0.5659202380952381 0.47142844074074075 0.5742551666666666 0.46957373333333335 0.5818164947089948 0.4162228851851852 0.5948247936507937 0.4344652814814815 0.5998407222222222 0.4204320555555556 0.6247411587301587 0.4395510296296296 0.6007186825396825 0.4472451185185185 0.6561457407407407 0.4677912074074074 0.6837254206349207 0.4628284037037037 0.6756286957671958 0.4552358703703704
0 0.7052047566137567 0.16565322592592593 0.7021239629629629 0.14402746296296295 0.6838615291005291 0.1492655333333333 0.6879246349206348 0.17302127037037038 0.7052047566137567 0.16565322592592593
0 0.572531 0.12706783333333332 0.5726353571428572 0.10238474444444444 0.5517980317460317 0.10702150370370371 0.5558611402116402 0.13077724074074074 0.572531 0.12706783333333332
0 0.5256317063492063 0.19974075185185186 0.5263463227513228 0.1713990333333333 0.5017135873015873 0.18275174814814815 0.511536738095238 0.20405147037037036 0.5256317063492063 0.19974075185185186
0 0.5696135502645503 0.16059684814814815 0.5912244788359788 0.20745623703703706 0.6352358095238095 0.20823127037037037 0.658856738095238 0.15482964444444444 0.6485276851851851 0.11250547037037037 0.6194597830687831 0.09431384444444445 0.611467417989418 0.062038218518518526 0.5977445026455026 0.07213754444444444 0.601807611111111 0.09589328148148149 0.5757161481481481 0.12401050740740742 0.5696135502645503 0.16059684814814815
0 0.6764527486772487 0 0.7286328492063493 0.017177885185185187 0.693700552910053 0.026125362962962966 0.698135716931217 0.05566970370370371 0.7515981455026456 0.07195585185185185 0.7688782671957672 0.06458781111111112 0.7706046904761904 0.07829499629629628 0.7973359047619047 0.08643807037037037 0.8166850079365079 0.05864688148148148 0.7878553174603175 0.03100801851851852 0.8306461296296297 0.03910031851851852 0.6785339947089948 0 0.6764527486772487 0
0 0.2671740026455026 0 0.2669380687830688 0.002487114814814815 0.2852299947089947 0.037167981481481475 0.30495115608465606 0.015165403703703704 0.299107664021164 0 0.2671740026455026 0
0 0.35234047619047615 0.10795682592592593 0.3595592433862434 0.0887363037037037 0.3437378492063492 0.07933983703703704 0.3384837116402116 0.10282030370370371 0.35234047619047615 0.10795682592592593
0 0.3708706111111111 0.13319045185185185 0.3703647063492064 0.1121659962962963 0.35528742328042323 0.11434674444444444 0.34525556084656084 0.1424132 0.3708706111111111 0.13319045185185185
0 0.14643550264550265 0.5084075407407408 0.17228875925925927 0.48973755185185186 0.18733655026455026 0.4476378740740741 0.1750428703703704 0.4010537518518519 0.1382503015873016 0.38105819999999996 0.10921189417989419 0.4027855111111111 0.07776193915343915 0.47906629259259265 0.09469949999999999 0.5058285777777778 0.14643550264550265 0.5084075407407408
0 0.16846611375661374 0.12773585925925926 0.1465716111111111 0.19484466666666667 0.1559183492063492 0.23503887037037038 0.11326138359788361 0.24218241851851852 0.09194764814814815 0.26571365925925927 0.08943174603174603 0.34495021851851854 0.12181864550264551 0.3753203666666667 0.17928519576719576 0.3355243814814815 0.17373386507936509 0.2886142185185185 0.22591678835978837 0.23237976296296298 0.22737551322751323 0.21561525185185185 0.21412901058201056 0.2068201 0.2299209126984127 0.17629762962962964 0.22081237566137565 0.12665618518518518 0.18794906878306877 0.11518051851851852 0.16846611375661374 0.12773585925925926
0 0.07285262433862433 0.1396177111111111 0.08044344444444444 0.1261857962962963 0.06902771957671958 0.10641473333333334 0.04517359259259259 0.11309954074074074 0.038292383597883596 0.1543537962962963 0.0416113835978836 0.16653231851851852 0.06061792857142857 0.17287146296296296 0.07874651322751323 0.15239754814814813 0.07285262433862433 0.1396177111111111
0 0.11741523280423281 0.05689624074074074 0.09939100264550266 0.052687066666666664 0.0818726746031746 0.06950235185185186 0.09013274603174602 0.13224967037037036 0.10300719576719577 0.13525622222222222 0.12638991534391533 0.09130183703703704 0.11741523280423281 0.05689624074074074
0 0.06403859259259259 0 0.061204878306878305 0.01698870740740741 0.07780956878306879 0.04574661481481481 0.09742637301587301 0.04842712592592593 0.13946890211640212 0 0.06403859259259259 0
0 0.024850785714285714 0.3792836407407407 0.025565402116402115 0.3509419185185185 0.004907563492063492 0.3545026074074074 0.0025921666666666667 0.3683839 0.0030311455026455023 0.3817904296296296 0.024850785714285714 0.3792836407407407
0 0.0851281746031746 0.6594404407407408 0.08204738095238095 0.6378146777777778 0.06893472486772487 0.6442553703703704 0.06906857407407407 0.6594912185185184 0.0851281746031746 0.6594404407407408
0 0 0.8053683259259259 0.009964079365079365 0.8053368222222222 0.009458174603174604 0.7843123703703704 0 0.7856803777777778 0 0.8053683259259259
0 0.0023891349206349205 0.6743288481481482 0.022511843915343915 0.6980338111111112 0.03206729365079365 0.6888618370370371 0.027393923280423282 0.6687647333333333 0.01218278835978836 0.6557096333333334 0.0023891349206349205 0.6743288481481482
0 0.06918654761904762 0.8191669555555556 0.0653616455026455 0.7859639777777778 0.04391406084656085 0.7942593740740741 0.04933153968253968 0.8259336888888889 0.06918654761904762 0.8191669555555556
0 0.06140289153439153 0.7375251555555555 0.06424548148148149 0.7685981592592592 0.08410048941798942 0.7618314296296297 0.087151791005291 0.7435382592592592 0.07512580687830687 0.7274258333333333 0.06140289153439153 0.7375251555555555
0 0 0.7523629185185186 0.005633272486772486 0.7511093925925926 0.015054873015873016 0.7267015740740741 0.007434560846560847 0.7002145555555556 0 0.6965739518518518 0 0.7523629185185186
0 0.36611786507936506 0.8352928111111111 0.34575695238095233 0.8210350888888889 0.34562310317460315 0.8057992407407407 0.2939914523809524 0.7785371925925926 0.27793185449735447 0.7785879666666666 0.26912051322751324 0.7993371518518518 0.261872253968254 0.778638737037037 0.21416986507936508 0.7598965777777777 0.18144040476190476 0.7636567592592592 0.17384958465608466 0.7770886740740741 0.16046923015873016 0.7530576740740741 0.16511310582010583 0.7332358407407408 0.15359302645502645 0.7381478666666667 0.12665310052910053 0.7793709666666666 0.13369264814814816 0.8494355555555556 0.14999045238095238 0.8399375407407408 0.1508684126984127 0.8667506 0.20101184126984128 0.8708582259259259 0.21439219576719576 0.8948892296296296 0.2764277592592593 0.8998734333333333 0.35184367724867727 0.9288886370370371 0.35367445767195765 0.9179127370370371 0.31467905291005294 0.9031044777777778 0.32386244973544975 0.8881439 0.3291460793650794 0.9045823629629629 0.3465305529100529 0.872531237037037 0.36320041269841274 0.8688218296296296 0.36611786507936506 0.8352928111111111
0 0.48173608994708994 0.6874401814814814 0.47669066402116406 0.6615544703703704 0.466048544973545 0.6932795592592593 0.4617472301587302 0.6789710629629631 0.473609873015873 0.6399287074074075 0.46649546296296296 0.6344661444444445 0.4710054894179894 0.5994084629629629 0.45975310846560846 0.6347921851851852 0.45677666931216937 0.5884833333333334 0.4411934788359788 0.5696396259259259 0.4325159894179894 0.6056246592592592 0.4257441402116402 0.5660317666666667 0.4188974285714286 0.5910408925925926 0.4121255793650794 0.5514480037037037 0.3879692566137566 0.5439062407407407 0.3967805952380953 0.5231570555555556 0.38732950264550264 0.5076459370370371 0.3785181613756614 0.528395125925926 0.370049380952381 0.5150139814814815 0.3624585608465608 0.5284458962962963 0.34504459259259257 0.5205780925925926 0.33684351058201056 0.5376686407407407 0.32495137566137566 0.5367920666666666 0.32437061111111115 0.5803696333333334 0.310141791005291 0.5694445037037037 0.3083110105820106 0.5804204074074074 0.29543656084656084 0.5774138555555555 0.2925939708994709 0.5463408518518519 0.28672957407407407 0.5734799518518519 0.2975350396825397 0.5969096481481482 0.30709048941798944 0.5877376740740742 0.3197267328042328 0.6001914666666667 0.2936352724867725 0.6283086925925926 0.3055274074074074 0.6291852740740741 0.2989189021164021 0.644747162962963 0.3111830925925926 0.6514123481481482 0.3011512328042328 0.6794787999999999 0.3128051613756614 0.6898026185185184 0.31124207936507936 0.7312502185185185 0.33024862433862434 0.7375893592592593 0.3230298597883598 0.7568098814814815 0.33566610317460316 0.769263674074074 0.34522155291005296 0.7600917 0.34952286772486774 0.7744001962962963 0.33285300793650796 0.7781096037037037 0.3659840158730159 0.8200569666666666 0.39651064021164023 0.8214840814814814 0.4021368306878307 0.8037922148148148 0.4099953518518518 0.8208319925925927 0.42371826719576716 0.810732674074074 0.4344942354497355 0.7942434333333334 0.42663571693121694 0.7772036518518519 0.43287216666666667 0.7558531555555555 0.46363699999999997 0.7478330333333333 0.48173608994708994 0.6874401814814814
0 0.4626841772486773 0.7856219925925926 0.46634573809523816 0.7636701888888889 0.4568946428571429 0.7481590740740741 0.43226190740740744 0.7595117925925926 0.437069126984127 0.7948447407407407 0.42310800529100523 0.8143913037037037 0.4318149894179894 0.8183252074074074 0.4626841772486773 0.7856219925925926
0 0.5156112063492063 0.7409647518518518 0.5423424206349207 0.749107825925926 0.5803260158730159 0.7218671777777778 0.5761290582010582 0.6828755962962962 0.5894799206349206 0.666987662962963 0.5733908253968254 0.6271195037037037 0.5296176957671958 0.6168972296296297 0.49298847089947084 0.6520564592592593 0.4895946084656085 0.7044799592592592 0.5156112063492063 0.7409647518518518
0 0.5730913756613756 0.8855275925925926 0.6065354523809524 0.8534256925925926 0.6120277936507936 0.8204979814814816 0.5918755899470899 0.7568740851851852 0.5693118412698412 0.7478036592592593 0.531328246031746 0.7750443074074075 0.5194656058201058 0.8140866629629631 0.5225758915343915 0.8756313592592593 0.5730913756613756 0.8855275925925926
0 0.6546552645502646 0.7734354999999999 0.6521847301587301 0.7481511000000001 0.6371074470899472 0.7503318481481481 0.6360207751322752 0.772884962962963 0.6546552645502646 0.7734354999999999
0 0.7018063809523809 0.875674162962963 0.7032651084656084 0.8589096555555555 0.6913729708994708 0.858033074074074 0.6908965608465609 0.8769275592592592 0.7018063809523809 0.875674162962963
0 0.7221967883597884 0.9298508222222222 0.7324963492063492 0.9322560592592593 0.7339550740740741 0.9154915518518518 0.7221967883597884 0.9298508222222222
0 0.2924170105820106 0.3068272444444444 0.27428842592592595 0.3273011592592593 0.27320175396825397 0.3498542777777778 0.2862100529100529 0.36809667407407404 0.3143999947089947 0.3594752407407407 0.3052914603174603 0.3098337962962963 0.2924170105820106 0.3068272444444444
0 0.2799736031746032 0.38944717037037035 0.2665932486772487 0.365416162962963 0.24856901851851854 0.3612069925925926 0.22847580423280425 0.3774209666666667 0.2242039814814815 0.4030314037037037 0.23538150000000002 0.43224970740740737 0.2712961111111111 0.4254322 0.2799736031746032 0.38944717037037035
0 0.2967773121693122 0.4009736074074074 0.3073445714285714 0.43385054444444443 0.3295362671957672 0.437132362962963 0.35305283597883597 0.4084138259259259 0.3828353492063492 0.39826372962962964 0.3890718015873016 0.3769132333333333 0.3814514894179894 0.3504262148148148 0.3582774788359788 0.3450144222222222 0.34052094708994707 0.37127694814814816 0.30938406084656084 0.373508462962963 0.2967773121693122 0.4009736074074074
0 0.2351933095238095 0.5082287074074074 0.23639330952380955 0.47429861111111105 0.22558784656084654 0.4508689185185185 0.2075636164021164 0.4466597481481482 0.1926201798941799 0.4640763407407407 0.19878176984126986 0.5073278703703703 0.2177883148148148 0.5136670111111111 0.2351933095238095 0.5082287074074074
0 0.27189049735449733 0.5662134592592593 0.2847649470899471 0.5692200074074074 0.2744358915343915 0.5268958333333333 0.25004136243386244 0.5288013111111111 0.23204662698412698 0.5645110777777778 0.2523031851851852 0.6034518851851851 0.27473308465608465 0.597286462962963 0.27189049735449733 0.5662134592592593
0 0.21760909523809524 0.6029521222222223 0.21906782275132275 0.5861876111111112 0.20656542592592594 0.5889696703703704 0.2073095343915344 0.6005468814814815 0.21760909523809524 0.6029521222222223
0 0.021724621693121695 0.4621788333333333 0.0642772328042328 0.47971837407407414 0.0885379126984127 0.46257705185185183 0.08874662433862435 0.4132108740740741 0.0715708597883598 0.39589582962962966 0.04460143915343916 0.3971999962962963 0.02010255291005291 0.42378856296296297 0.02060845767195767 0.4448130185185185 0.028809539682539683 0.42772246296296296 0.03433137301587302 0.4347136925925926 0.021724621693121695 0.4621788333333333
0 0.14227029894179896 0.18053617037037037 0.15145369047619048 0.1655755925925926 0.1707733042328042 0.09786547407407407 0.16328684126984128 0.0866143037037037 0.14956392592592593 0.09671362592592593 0.14749493915343914 0.11713677037037037 0.13424843386243387 0.10834161481481482 0.12265349206349206 0.1778556666666667 0.14227029894179896 0.18053617037037037
0 0.3293139365079365 0.3021397074074074 0.3262331402116402 0.28051394444444444 0.3067501851851852 0.2930692851851852 0.3120338148148148 0.30950775185185186 0.3293139365079365 0.3021397074074074
0 0.19351401322751322 0.3464495074074074 0.2069987248677249 0.34579742592592594 0.1995122619047619 0.3345462518518519 0.19351401322751322 0.3464495074074074
0 0.18077341534391536 0.3586788074074074 0.18762012698412697 0.33366967407407405 0.17376336243386245 0.3285331518518519 0.18077341534391536 0.3586788074074074
0 0.4069621825396825 0.36588655555555555 0.40645627777777776 0.3448621 0.3939538835978836 0.34764415925925923 0.3934774735449736 0.36653863703703704 0.4069621825396825 0.36588655555555555
0 0.3744255608465608 0.46472045185185185 0.37391965343915345 0.44369600000000003 0.36202751851851855 0.4428194222222222 0.3589762195767196 0.4611125925925926 0.3744255608465608 0.46472045185185185
0 0.30578148941798944 0.4752981407407408 0.30405506349206346 0.46159095555555557 0.2915526719576719 0.4643730111111111 0.2948716693121693 0.47655153333333333 0.30578148941798944 0.4752981407407408
0 0.2682448095238095 0.4437253703703704 0.2765797407407407 0.44187067037037037 0.27166816666666666 0.4312208074074074 0.2682448095238095 0.4437253703703704
0 0.4749211296296296 0.4235695259259259 0.4738049656084656 0.4062037037037037 0.4644877195767196 0.40592843703703707 0.46401130952380953 0.42482291851851856 0.4749211296296296 0.4235695259259259
0 0.48773659259259255 0.34673820370370373 0.5050167142857143 0.3393701666666667 0.4917702063492064 0.3305750074074074 0.48773659259259255 0.34673820370370373
0 0.7316523968253968 0.2877644962962963 0.7465958333333333 0.2703479037037037 0.7088209497354497 0.24822237777777778 0.7074960714285714 0.28022273703703704 0.7316523968253968 0.2877644962962963