0 0.11978321365638767 0 0.13915942290748898 0.00977953515625 0.15619446255506605 0.000004078125 0.1619181321585903 0.01616256640625 0.14024901982378854 0.12858975 0.15744457488986785 0.2192196875 0.23242255066079293 0.3572410234375 0.2510306123348018 0.42029473828125 0.28461727092511013 0.4467248671875 0.30430359030837006 0.43391295703125 0.313669936123348 0.3972273515625 0.30420538986784146 0.2652951015625 0.3174617907488987 0.25011280859375 0.32203354845814974 0.21567354296875 0.3102519669603524 0.13506715625 0.3223810066079295 0.1114415625 0.32650710572687225 0.012616421875 0.33103996475770925 0 0.2926005726872247 0 0.2892154559471366 0.10724283984375 0.2764670308370044 0.118598546875 0.24182666079295154 0.21018850390625 0.22183064537444933 0.21686548046875 0.19445107929515418 0.1606127890625 0.1815421387665198 0.07156310546875 0.18752640088105726 0.00954761328125 0.1919214383259912 0 0.11978321365638767 0
0 0.40847200881057266 0 0.40439695594713654 0.0694273203125 0.40727106607929514 0.098583796875 0.4174796255506608 0.10636101171875 0.42878487444933916 0 0.40847200881057266 0
0 0.46334450440528635 0.0148951015625 0.45068294052863433 0.00019281640625 0.4377362356828194 0.0215100546875 0.4424439581497797 0.04532171875 0.4523428259911894 0.04696399609375 0.46334450440528635 0.0148951015625
0 0.761065885462555 0.13468419140625 0.7824989537444934 0.142585453125 0.8033371872246696 0.180371296875 0.8480123876651982 0.148674546875 0.8528938370044052 0.12037021875 0.8210539295154186 0.114653265625 0.8318573281938326 0.09254590234375 0.848440103524229 0.094645265625 0.7854421894273128 0.0714211953125 0.7558501916299559 0.11469911328125 0.761065885462555 0.13468419140625
0 0.8791460440528633 0.16817961328125 0.882503577092511 0.1513550390625 0.8699534295154185 0.15274922265625 0.8692471784140969 0.1665373359375 0.8791460440528633 0.16817961328125
0 0.9346491938325991 0.1565299609375 0.9436189823788546 0.1397674140625 0.9352440330396476 0.1266453828125 0.9270919140969163 0.14571628125 0.9346491938325991 0.1565299609375
0 0.9936458414096916 0.18630666796875 0.9992698370044052 0.18129707421875 0.9993715704845815 0.1502858828125 0.998352513215859 0.1499102109375 0.9774039185022027 0.156236015625 0.979968334801762 0.17925755078125 0.9936458414096916 0.18630666796875
0 0.9991965440528634 0.20363878515625 0.9795717753303965 0.199180609375 0.9704037114537445 0.22590468359375 0.9843909118942732 0.239088734375 0.9990948149779736 0.23464862890625 0.9991965440528634 0.20363878515625
0 0.5487916365638766 0.08251967578125 0.5556181145374449 0.06496700390625 0.5461158061674009 0.04340167578125 0.5348044339207049 0.069335625 0.5487916365638766 0.08251967578125
0 0.6548296211453745 0.11358269921875 0.6579020110132159 0.1327776484375 0.6737228259911894 0.140616890625 0.6843279449339207 0.1284710546875 0.6883917312775331 0.0978583671875 0.6698082202643172 0.07695912109375 0.6548296211453745 0.11358269921875
0 0.765996436123348 0.19068878515625 0.7771095308370044 0.17471636328125 0.7670992466960352 0.15697762109375 0.7546605154185022 0.1744682734375 0.765996436123348 0.19068878515625
0 0.8934674911894273 0.2296530703125 0.9062159185022026 0.218297359375 0.9052868348017621 0.1998925390625 0.8852908215859031 0.20656951171875 0.8934674911894273 0.2296530703125
0 0.8467358480176211 0.23450169921875 0.8532526321585903 0.21081408203125 0.8427343766519824 0.19690192578125 0.8362175903083701 0.22058954296875 0.8148959383259912 0.22878474609375 0.812975460352423 0.2601875546875 0.8213504074889868 0.2733095859375 0.8406401718061675 0.2804207265625 0.8634857422907489 0.260745765625 0.8699402158590308 0.3052706015625 0.8801487753303965 0.31304782421875 0.8905310682819383 0.26870905078125 0.8728520881057269 0.22406016015625 0.8467358480176211 0.23450169921875
0 0.9724847026431719 0.294907265625 0.9771678766519823 0.27656446484375 0.9661416475770925 0.266478890625 0.962276140969163 0.28713005078125 0.9724847026431719 0.294907265625
0 0.9960610792951542 0.30359865625 0.9961479449339207 0.27754066015625 0.9835977951541851 0.27893484375 0.9840189030837004 0.30116625390625 0.9960610792951542 0.30359865625
0 0.9503699317180616 0.342948578125 0.9593397180616741 0.32618602734375 0.9483134889867842 0.31610045703125 0.9423046762114538 0.335961484375 0.9503699317180616 0.342948578125
0 0.47890472687224667 0.100908328125 0.4862391784140969 0.07952906640625 0.4735776145374449 0.06482678515625 0.4670608303964758 0.0885143984375 0.47890472687224667 0.100908328125
0 0.4527261696035242 0.1795623203125 0.4496537797356828 0.16036737109375 0.38831554845814975 0.1397620625 0.39251529515418504 0.1674003125 0.43946976872246696 0.1947446171875 0.4527261696035242 0.1795623203125
0 0.49124337885462555 0.2619970546875 0.47999432158590305 0.21971854296875 0.4601965859030837 0.2164339921875 0.4472253303964758 0.195596765625 0.44329751101321585 0.28446037890625 0.46382604845814973 0.31611128125 0.48667162114537443 0.2964363203125 0.49124337885462555 0.2619970546875
0 0.4419964207048458 0.3281330703125 0.4458619251101322 0.3074819140625 0.43004111013215857 0.29964267578125 0.43209755286343615 0.32649079296875 0.4419964207048458 0.3281330703125
0 0.542397603524229 0.31697960546875 0.5195274779735682 0.2945001015625 0.5015879074889867 0.328025203125 0.4698594096916299 0.33840471484375 0.47242382599118943 0.36142625 0.4818147202643172 0.36689511328125 0.536500204845815 0.35293710546875 0.542397603524229 0.31697960546875
0 0.5960048237885462 0.3788872265625 0.5713010881057269 0.36175254296875 0.5570910572687224 0.316375546875 0.5461762422907489 0.3223864453125 0.5613153546255507 0.3861682578125 0.5954099845814977 0.4087718046875 0.6017284933920705 0.39504571484375 0.5960048237885462 0.3788872265625
0 0.5609565594713656 0.29572439453125 0.5618856431718061 0.31412921484375 0.5696412048458149 0.31498136328125 0.6018776718061674 0.300775265625 0.6681596718061674 0.2248637890625 0.71743118061674 0.200882234375 0.68446390969163 0.18672198046875 0.6319462841409692 0.24362457421875 0.5946055330396476 0.2539420703125 0.5609565594713656 0.29572439453125
0 0.7189041211453745 0.45229077734375 0.7050037819383259 0.4130487265625 0.7041124647577093 0.284276984375 0.7113355044052864 0.24680125390625 0.6937679405286343 0.2182488359375 0.6804001255506608 0.2173346640625 0.6642941651982378 0.2455149453125 0.682715281938326 0.51320602734375 0.6712056321585903 0.5491015 0.6836934647577093 0.61591977734375 0.7016575859030837 0.62454914453125 0.7577310242290749 0.54086044921875 0.7355426035242292 0.46243837109375 0.7189041211453745 0.45229077734375
0 0.7593795726872247 0.39295577734375 0.7746678656387666 0.36246714453125 0.7742467577092511 0.340235734375 0.7528382378854626 0.37448893359375 0.7593795726872247 0.39295577734375
0 0.8522480220264317 0.4131431015625 0.8587648083700441 0.389455484375 0.828560231277533 0.3883552421875 0.8113269118942732 0.40809222265625 0.819392165198238 0.41507931640625 0.8522480220264317 0.4131431015625
0 0.8234559493392071 0.3844666328125 0.8186368127753304 0.34455850390625 0.7906869603524229 0.36034485546875 0.7948867092511013 0.3879831015625 0.808564218061674 0.39503221484375 0.8234559493392071 0.3844666328125
0 0.9788523083700441 0.3654901015625 0.9926166828193832 0.34648121875 0.9810824801762115 0.340222234375 0.9860753458149779 0.328014375 0.979843704845815 0.31568246875 0.9443365682819382 0.32065514453125 0.9447576762114538 0.3428865546875 0.9607767731277533 0.340764265625 0.9788523083700441 0.3654901015625
0 0.9757955969162996 0.42577513671875 0.9724469383259912 0.40527418359375 0.9373363612334802 0.3903238046875 0.935725577092511 0.4278615546875 0.9681848744493392 0.44584839453125 0.9757955969162996 0.42577513671875
0 0.9842285176211454 0.48588056640625 0.9982601806167402 0.48906815625 0.9983961806167401 0.4476117734375 0.9790128237885461 0.4658954921875 0.9842285176211454 0.48588056640625
0 0.9159769427312775 0.50888593359375 0.900156127753304 0.50104669140625 0.9114920484581498 0.517267203125 0.9159769427312775 0.50888593359375
0 0.9474202929515418 0.5345259375 0.9618040550660792 0.5277869375 0.9650501718061674 0.4948658984375 0.924240475770925 0.5059114921875 0.9474202929515418 0.5345259375
0 0.9250090418502204 0.42391092578125 0.884199345814978 0.43495651953125 0.8851284273127753 0.45336134375 0.8999332973568283 0.46885375390625 0.8906538171806168 0.47948136328125 0.9048392973568281 0.48270388671875 0.9373854603524229 0.47463273046875 0.9250090418502204 0.42391092578125
0 0.8698646872246696 0.5260044453125 0.868935603524229 0.50759962109375 0.845668922907489 0.505043171875 0.8503766431718062 0.52885483203125 0.8602755110132159 0.530497109375 0.8698646872246696 0.5260044453125
0 0.8744987577092511 0.42335271875 0.8661238105726873 0.4102306875 0.8606229691629956 0.4262651328125 0.8677836938325991 0.457001859375 0.8572899889867841 0.4852441640625 0.86371990969163 0.48761454296875 0.8737056409691629 0.463198828125 0.8744987577092511 0.42335271875
0 0.8812006079295154 0.54222495703125 0.8881385022026431 0.54076875 0.8877173942731278 0.51853733984375 0.8720079933920706 0.5267945703125 0.8812006079295154 0.54222495703125
0 0.7838472665198238 0.53041891015625 0.8161082819383261 0.5583672734375 0.8310000176211453 0.5478016875 0.8392390022026431 0.50267279296875 0.8239261585903084 0.49100696875 0.8112891475770925 0.51845914453125 0.796286 0.51292826171875 0.7961500352422908 0.45467733203125 0.8148204074889869 0.4495185859375 0.8101126850220264 0.425706921875 0.7972528458149779 0.4209661640625 0.7829804977973568 0.4438016328125 0.7478699207048458 0.42885125390625 0.7613737004405287 0.48801635546875 0.7699469273127754 0.49117686328125 0.7873785264317181 0.4614783515625 0.780353768722467 0.48899255078125 0.7838472665198238 0.53041891015625
0 0.8727878964757709 0.63946984375 0.8438844096916299 0.59469691015625 0.8309377026431718 0.6160141484375 0.8300331718061674 0.63976378515625 0.8407497048458149 0.64371441796875 0.8727878964757709 0.63946984375
0 0.9277830726872246 0.63164678125 0.933990165198238 0.60182422265625 0.9068334273127754 0.57776446875 0.8923628017621146 0.6105614609375 0.9133993127753304 0.63838577734375 0.9277830726872246 0.63164678125
0 0.9350306607929515 0.63632551171875 0.9243386762114538 0.67452934765625 0.9506777466960352 0.6962807421875 0.9665854251101322 0.67806198828125 0.9674899581497797 0.6543123515625 0.9579876475770925 0.6327470234375 0.9350306607929515 0.63632551171875
0 0.7806747973568282 0.6898033359375 0.7828426541850221 0.7327479296875 0.8119444207048458 0.7675593359375 0.84093477092511 0.7862742734375 0.8906273876651982 0.784524125 0.8986057797356828 0.8175692109375 0.8815707378854626 0.82734466796875 0.8791422885462555 0.8625740625 0.8677195000000001 0.87241154296875 0.8616861387665199 0.850118109375 0.8573126607929515 0.8745958515625 0.8424209251101321 0.88516143359375 0.9005999052863437 0.9126297890625 0.9031643215859031 0.93565132421875 0.9276452290748899 0.92059307421875 0.943528359030837 0.860219859375 0.9583158832599118 0.85890717578125 0.9656382202643171 0.80374765625 0.9634998237885463 0.81138841796875 0.9360957070484582 0.71298126953125 0.9219102268722467 0.70975873828125 0.9102022929515418 0.75561573828125 0.9002788766519824 0.711819 0.8846563414096916 0.69401823828125 0.8638426585903084 0.69838685546875 0.8582058546255507 0.6561703671875 0.8424964537444933 0.66442759765625 0.8430289757709252 0.70275547265625 0.7920975859030837 0.679965859375 0.7806747973568282 0.6898033359375
0 0.9447809251101322 0.9608666640625 0.9471733986784141 0.94284403515625 0.925811616740088 0.925937890625 0.9186754427312774 0.937355625 0.927259718061674 0.961589890625 0.9447809251101322 0.9608666640625
0 0.8267738392070485 0.82520620703125 0.8004347687224669 0.80345480859375 0.7770812224669603 0.8269563515625 0.7705398876651982 0.8084895078125 0.7329763083700441 0.7866140625 0.7035025352422908 0.813880171875 0.6962794977973568 0.8513558984375 0.7144664471365639 0.89217819921875 0.748251385462555 0.9086468046875 0.7521414405286344 0.93015011328125 0.7733762312775331 0.94801290234375 0.8296725 0.89651714453125 0.8374035088105727 0.85521483203125 0.8267738392070485 0.82520620703125
0 0.6724670792951541 0.96299295703125 0.6830721982378855 0.9508471171875 0.6783644757709251 0.92703545703125 0.6674496629955947 0.9330463515625 0.6724670792951541 0.96299295703125
0 0.6855629625550661 0.84740526953125 0.7091771035242291 0.745729734375 0.6872606123348017 0.78380951953125 0.6796410154185022 0.84120830078125 0.6855629625550661 0.84740526953125
0 0.7171063942731277 0.6944658984375 0.7141699691629956 0.73352187890625 0.7320472290748898 0.76820923828125 0.7261875947136563 0.69379981640625 0.7081120572687224 0.669073984375 0.7036271651982379 0.6774552578125 0.7171063942731277 0.6944658984375
0 0.7599970814977974 0.752422890625 0.7603936387665198 0.73249983203125 0.7407941828193833 0.71925375390625 0.743977986784141 0.754545171875 0.7785805903083701 0.77332213671875 0.7599970814977974 0.752422890625
0 0.7250356828193832 0.64320205859375 0.7109616167400881 0.65607599609375 0.7185188964757709 0.66688967578125 0.7250356828193832 0.64320205859375
0 0.5788564911894273 0.71976344140625 0.5945904405286343 0.75366067578125 0.5877016475770925 0.83942580859375 0.5983313171806168 0.86943443359375 0.6248686674008811 0.8812243046875 0.6371091211453744 0.8736951796875 0.6428082400881058 0.8476992109375 0.6337893524229075 0.78015283203125 0.6084416784140969 0.70859380078125 0.5923111696035243 0.6946196171875 0.5788564911894273 0.71976344140625
0 0.610226191629956 0.6189400625 0.6197285022026432 0.640505390625 0.6339139801762115 0.64372791796875 0.6475669405286343 0.6086225703125 0.6359213259911894 0.58626711328125 0.6225535088105727 0.58535294140625 0.610226191629956 0.6189400625
0 0.586885859030837 0.4899202265625 0.5869727224669603 0.46386223046875 0.5739146035242291 0.469083 0.5769869933920705 0.48827794921875 0.586885859030837 0.4899202265625
0 0.5680908546255506 0.6315038828125 0.5688839735682819 0.59165777734375 0.5616363854625551 0.58697904296875 0.5595176277533039 0.62834337890625 0.5680908546255506 0.6315038828125
0 0.5356693237885463 0.50315012890625 0.5527043634361234 0.493374671875 0.5512673083700441 0.47879643359375 0.5259687334801763 0.491546328125 0.5356693237885463 0.50315012890625
0 0.5090205572687225 0.47526379296875 0.49912169162995595 0.473621515625 0.506171 0.4882617734375 0.5090205572687225 0.47526379296875
0 0.4760400726872247 0.61362491796875 0.47962043392070486 0.62899328515625 0.5023791431718062 0.6353763203125 0.5092056233480176 0.61782364453125 0.5013386475770925 0.60087502734375 0.48847880616740086 0.59613426953125 0.4760400726872247 0.61362491796875
0 0.5318151519823788 0.71847712890625 0.5210740682819383 0.67237203515625 0.5073965594713656 0.665322921875 0.5122156960352423 0.70523105078125 0.5318151519823788 0.71847712890625
0 0.5222505286343613 0.76512425390625 0.5146063832599118 0.78036857421875 0.5205283303964757 0.7865655390625 0.5222505286343613 0.76512425390625
0 0.5580295947136564 0.87665344140625 0.5627127665198238 0.85831064453125 0.5554651784140969 0.85363190625 0.5499643392070485 0.86966634765625 0.5580295947136564 0.87665344140625
0 0.6083661497797357 0.92932763671875 0.5862268281938325 0.935214484375 0.6082792863436123 0.9553856328125 0.6083661497797357 0.92932763671875
0 0.6278541916299559 0.92647725 0.6226384955947137 0.906492171875 0.614374960352423 0.90946660546875 0.6158120176211455 0.92404484765625 0.6278541916299559 0.92647725
0 0.5014481828193833 0.96416871875 0.5005286740088105 0.97920416015625 0.5117037929515419 0.97874287890625 0.511656744493392 0.9719459375 0.5207379449339207 0.971279859375 0.5282706784140969 0.9399390703125 0.5014481828193833 0.96416871875
0 0 0.70929816796875 0.028434508810572686 0.691453765625 0.032126284140969165 0.72291859765625 0.049074460352422904 0.7392011328125 0.05327420925110132 0.7668393828125 0.029264588105726873 0.82020293359375 0.042614328193832596 0.82512429296875 0.06728596255506608 0.8221778984375 0.07188227092511014 0.82989309375 0.0668336960352423 0.83405271875 0.20936360572687227 0.88659612109375 0.23762315418502203 0.87694470703125 0.2436565154185022 0.899238140625 0.2548810242290749 0.8993621875 0.25282458149779735 0.87251406640625 0.26373939427312776 0.866503171875 0.28029101321585903 0.90270876171875 0.2799666563876652 0.91262380859375 0.4645966497797357 0.98068733203125 0.4651212026431718 0.9806656796875 0.4308682334801762 0.84382409765625 0.37485711013215856 0.85930033984375 0.34175387665198237 0.78688915625 0.29561706828193834 0.76185320703125 0.28498740088105723 0.73184458203125 0.28639990308370045 0.70426835546875 0.32374065418502207 0.69395086328125 0.3312488325991189 0.6204556171875 0.2987895374449339 0.60246878125 0.29701823788546255 0.53960113671875 0.2788312863436123 0.4987788359375 0.26168483259911895 0.49245782421875 0.23965692511013215 0.514441140625 0.18910887665198237 0.6242498515625 0.1929120682819383 0.67181115625 0.21414685682819384 0.6896739453125 0.2114087114537445 0.7187683984375 0.24609818061674008 0.71148736328125 0.24917057048458152 0.7306823125 0.2391848370044053 0.75509803515625 0.22184010352422906 0.75873855078125 0.18100585682819384 0.72762968359375 0.12939276211453746 0.76078263671875 0.08957446255506608 0.7220206015625 0.03602955506607929 0.5919005234375 0.042013817180616746 0.52988503125 0.03567075991189427 0.50145665625 0.0003619030837004405 0.49646780859375 0 0.49544612109375 0 0.70929816796875
0 0.3486558832599119 0.54860264453125 0.3336772863436123 0.58522622265625 0.35572974008810576 0.6053973671875 0.3918940308370044 0.50232765625 0.38820225330396474 0.4708628203125 0.34465441189427315 0.5110028671875 0.3306672114537445 0.49781881640625 0.30914727753303967 0.515975546875 0.31926897356828193 0.5498107578125 0.3486558832599119 0.54860264453125
0 0.4322203039647577 0.537263109375 0.4406821167400881 0.52432714453125 0.43056042070484585 0.49049193359375 0.41924904625550663 0.5164258828125 0.4322203039647577 0.537263109375
0 0.42747481718061675 0.6238183671875 0.434809268722467 0.60243910546875 0.425926345814978 0.59314365625 0.4172662533039647 0.6160411484375 0.42747481718061675 0.6238183671875
0 0.47823248017621145 0.69872397265625 0.47606462334801763 0.65577938671875 0.439430127753304 0.65230876171875 0.44323331718061676 0.6998700625 0.467627359030837 0.71086980859375 0.47823248017621145 0.69872397265625
0 0.4905465837004405 0.817658234375 0.48013974449339203 0.81984254296875 0.4845377731277533 0.837519265625 0.4905465837004405 0.817658234375
0 0.7050510022026433 0.844554875 0.6967874713656388 0.84752931640625 0.7140453414096916 0.8699467890625 0.7050510022026433 0.844554875
0 0.7069337158590308 0.923518984375 0.713648781938326 0.88986984765625 0.7069091674008811 0.8813645234375 0.6977411013215858 0.9080886015625 0.7069337158590308 0.923518984375
0 0.6710923370044053 0.8802022578125 0.6677348039647578 0.89702683203125 0.6763080330396476 0.9001873359375 0.6710923370044053 0.8802022578125
0 0.6805700947136564 0.859613125 0.6680199493392069 0.86100730859375 0.6814991784140969 0.87801794921875 0.6805700947136564 0.859613125
0 0.6605004317180616 0.7398267109375 0.6538722312775331 0.74741786328125 0.66357281938326 0.7590216640625 0.6605004317180616 0.7398267109375
0 0.6846961960352423 0.760787984375 0.6742893568281938 0.762972296875 0.6834819713656388 0.77840268359375 0.6846961960352423 0.760787984375
0 0.7091771035242291 0.745729734375 0.6872606123348017 0.78380951953125 0.686070936123348 0.8435786796875 0.7091771035242291 0.745729734375
0 0.6270251872246696 0.729493046875 0.6285736585903083 0.76016775390625 0.6568577555066079 0.79267080859375 0.6442830594713657 0.75191052734375 0.6545784845814978 0.73362975 0.638447973568282 0.7196555703125 0.6270251872246696 0.729493046875
0 0.6819089515418502 0.705573515625 0.7010872973568282 0.69658818359375 0.6744385330396475 0.66870184375 0.6695570814977972 0.697006171875 0.6819089515418502 0.705573515625
0 0.18086989207048457 0.66937875390625 0.17943283920704844 0.65480051171875 0.14443367621145375 0.65594660546875 0.14536275550660793 0.6743514296875 0.16597815859030837 0.6799443359375 0.18086989207048457 0.66937875390625
0 0.18008998898678416 0.5567034765625 0.19272700220264316 0.529251296875 0.17261957488986784 0.5198318046875 0.1671187334801762 0.53586625 0.18008998898678416 0.5567034765625
0 0.0678449140969163 0.555463015625 0.06793177753303965 0.52940501953125 0.05538162995594714 0.530799203125 0.055802737885462556 0.55303061328125 0.0678449140969163 0.555463015625
0 0.09268461674008811 0.6308486328125 0.07491877092511014 0.61225773828125 0.06400395814977974 0.6182686328125 0.07728490748898678 0.64524080078125 0.09361369603524229 0.64925345703125 0.09268461674008811 0.6308486328125
0 0.10660950220264317 0.71224514453125 0.10060069162995594 0.73210617578125 0.11458789207048459 0.7452902265625 0.10660950220264317 0.71224514453125
0 0.987141244493392 0.6417643359375 0.9673785440528635 0.6382158828125 0.9846681629955948 0.66039419921875 0.987141244493392 0.6417643359375