0 0.5455362790178572 0.5294651046931408 0.5311906294642857 0.471993321299639 0.5571773214285715 0.4379178592057762 0.5490939263392857 0.4282838032490975 0.5192359196428572 0.4241001678700361 0.5048530290178571 0.42714524368231044 0.502850234375 0.4359732906137184 0.5176212700892857 0.45133489169675095 0.5194051651785714 0.47364807942238263 0.49981500892857145 0.49964607942238265 0.5003972254464285 0.52725609566787 0.48660896875000004 0.5377389025270758 0.46641176339285717 0.5764714584837545 0.43583726116071425 0.6005929981949458 0.4088429620535714 0.6491686281588447 0.40883055133928575 0.6693409151624549 0.42449974107142857 0.6857729657039712 0.45156624776785714 0.6821435794223826 0.4547707232142857 0.6680187039711191 0.437414671875 0.6338751353790614 0.46820807366071426 0.5786123592057761 0.5049850357142857 0.5372100180505415 0.5455362790178572 0.5294651046931408
0 0.5914663080357142 0.38233521660649816 0.6259245379464285 0.37630048736462096 0.6216402499999999 0.35997928700361015 0.5959819062499999 0.3473428953068592 0.5840869955357143 0.36456827256317687 0.5578216049107143 0.364666440433213 0.5581127142857143 0.3784714476534296 0.5914663080357142 0.38233521660649816
0 0.6421037388392856 0.37539631227436826 0.6463880267857143 0.3917175126353791 0.661365546875 0.39611016606498195 0.6708571071428572 0.3894784440433213 0.654302171875 0.35180365523465706 0.6581136919642857 0.32494422382671484 0.6465347142857143 0.31563003429602887 0.6363390758928571 0.33039464440433214 0.6421037388392856 0.37539631227436826
0 0.5028897433035714 0.2094764657039711 0.5179767142857143 0.19829850000000002 0.5042008705357143 0.18860901985559567 0.490813171875 0.1973262166064982 0.5028897433035714 0.2094764657039711
0 0.6264244040178572 0.21315658303249096 0.6443999107142858 0.21439330866425993 0.6391204330357143 0.19239998736462094 0.6203438058035714 0.19469448014440432 0.6004749508928572 0.18671518411552346 0.5910804285714286 0.1979485740072202 0.598362703125 0.21111384837545125 0.6137407879464286 0.2137408916967509 0.628026640625 0.20609414440433213 0.6291312812500001 0.19619564801444045 0.6384163526785714 0.20053287545126355 0.6264244040178572 0.21315658303249096
0 0.6303927566964286 0.2560173501805054 0.6358065089285715 0.2220954783393502 0.6296164620535715 0.21920399458483755 0.5924637678571428 0.22202737184115523 0.5963350825892857 0.2602864693140794 0.6303927566964286 0.2560173501805054
0 0.7067257700892856 0.2011979747292419 0.706337625 0.18279129602888086 0.6789800066964286 0.17261567509025272 0.6659928683035714 0.17956726173285198 0.6595839196428572 0.20781701263537905 0.6690630647321428 0.22135757761732852 0.6856428236607143 0.21868779241877256 0.6920269441964286 0.23078261732851987 0.7121993214285715 0.2323946335740072 0.7206956875 0.2200907942238267 0.7067257700892856 0.2011979747292419
0 0.7583110089285715 0.11464037184115523 0.7352376808035714 0.12078595126353792 0.6485646071428571 0.10047744765342961 0.629885015625 0.1073736119133574 0.6375678482142858 0.11877327617328519 0.6647313928571429 0.119745559566787 0.7743683459821428 0.14947910108303247 0.7886542008928572 0.14183235379061374 0.7900623616071429 0.12556657761732853 0.7583110089285715 0.11464037184115523
0 0.5876345000000001 0.11757929241877257 0.5883385803571429 0.10944640433212996 0.6019203549107143 0.10993254693140794 0.6189130848214285 0.08532486462093863 0.6090333794642857 0.07354990794223826 0.5753762678571429 0.07605341877256318 0.5737864441964285 0.06294356859205776 0.5989720178571429 0.03239932490974729 0.5909856607142857 0.027366938628158845 0.5723906941964286 0.059037057761732854 0.5412215602678572 0.07572086823104694 0.5414156316964286 0.08492420758122744 0.5246293861607143 0.09856294043321301 0.5351037209821429 0.11777562635379062 0.5465856629464285 0.12248814620938629 0.5508699486607143 0.13880934837545125 0.5706417678571428 0.14218697472924188 0.5792351696428572 0.13448480324909748 0.5794292433035714 0.14368814079422382 0.5983999441964285 0.15059698736462093 0.6140815491071429 0.14685675090252706 0.616484904017857 0.13626309566787004 0.60001459375 0.12336226353790612 0.5800362901785715 0.13095358483754513 0.5735551316964286 0.11425709025270758 0.5844424375 0.111531880866426 0.5876345000000001 0.11757929241877257
0 0.9151620200892857 0.182701119133574 0.9234643147321429 0.16119393862815884 0.8957061361607143 0.1527839259927798 0.887112734375 0.1604860974729242 0.8944920468750001 0.1782530415162455 0.9151620200892857 0.182701119133574
0 0.8886878749999999 0.3597481985559567 0.9005827901785715 0.3425228231046931 0.8824132053571428 0.3320827581227437 0.8674232700892857 0.3478623916967509 0.8886878749999999 0.3597481985559567
0 0.7644841049107143 0.4696640740072202 0.7534749352678572 0.5081321895306858 0.7733437901785714 0.5161114855595669 0.7819247790178572 0.5285816010830324 0.7986139866071429 0.5103411985559566 0.7998280803571428 0.4848720830324909 0.7644841049107143 0.4696640740072202
0 0.5612449799107143 0.3194003303249097 0.5510617522321428 0.31399265162454876 0.5530645491071429 0.30516460469314083 0.5644494508928571 0.3052754548736462 0.5690496763392857 0.29505709025270754 0.55736125 0.3013135180505415 0.5526764017857143 0.28675792779783393 0.5617674017857143 0.28189181588447654 0.5671563303571429 0.2883145198555957 0.5730552678571429 0.2774009963898917 0.5540845669642857 0.2704921498194946 0.5625809330357143 0.2581883104693141 0.5175513303571428 0.24040868411552346 0.5062634642857142 0.24489950361010832 0.4898901897321429 0.2366003393501805 0.47340746651785715 0.2438717942238267 0.47719415848214286 0.2573569350180505 0.46540869866071427 0.25901169494584836 0.4540113816964286 0.2790731317689531 0.4396284910714286 0.28211820938628157 0.4434151830357143 0.2956033501805054 0.43162972098214286 0.2972581101083033 0.42882580803571424 0.30961737545126355 0.444701484375 0.3150804783393502 0.4476870580357143 0.33209683935018053 0.4748506004464286 0.33306912274368233 0.487825328125 0.346289821299639 0.5141877544642857 0.3507933231046932 0.539955546875 0.3478590974729242 0.5498476629464285 0.33946176714801446 0.5612449799107143 0.3194003303249097
0 0.3419936294642857 0.3855686389891697 0.3550902209821429 0.3630464332129964 0.3563043102678572 0.3375773176895307 0.31496436160714286 0.32868116425992777 0.2929832633928572 0.3451005324909747 0.29077397991071424 0.3648975270758123 0.31882326562499996 0.3871125487364621 0.3419936294642857 0.3855686389891697
0 0.3345793482142857 0.26233859025270756 0.322975546875 0.293368976534296 0.33105893973214284 0.30300303068592055 0.348633890625 0.3060053664259928 0.36251918526785715 0.30012422924187726 0.3715255580357143 0.2704841606498195 0.3345793482142857 0.26233859025270756
0 0.2799419330357143 0.7647011985559568 0.29183684375 0.747475821299639 0.32318763839285714 0.7601676371841156 0.33690368526785713 0.7047385866425994 0.3042541763392857 0.692741929602888 0.28687330133928574 0.6989429332129964 0.2761924799107143 0.6906991949458484 0.2759013705357143 0.6768941877256317 0.2640188705357143 0.6739472779783393 0.25282804241071427 0.6830397671480144 0.2572093638392857 0.7039626371841154 0.24740187276785713 0.7371339241877256 0.27205261160714284 0.7642704819494585 0.2799419330357143 0.7647011985559568
0 0.4834022254464286 0.7178437418772563 0.44326395535714286 0.7036507599277978 0.4434704419642857 0.6926818104693141 0.43707390848214284 0.700759274368231 0.42769180133928575 0.6918203772563176 0.4085146160714285 0.6958804801444043 0.4148141116071429 0.6832013483754512 0.39144967187499996 0.6755419187725632 0.3868494508928571 0.6857602833935018 0.3650748348214286 0.6912107039711191 0.35606845982142854 0.7208507707581228 0.37463860267857146 0.7295252256317689 0.3723198705357143 0.7648928393501805 0.4078703303571429 0.7691318989169674 0.4182476294642857 0.7837429151624549 0.44241318526785717 0.7878711263537906 0.47558511607142856 0.7623592689530686 0.49136375669642857 0.763220702166065 0.5033557053571428 0.7505969945848375 0.5279218214285714 0.75295959566787 0.5412124821428571 0.7396407292418773 0.544817515625 0.7237502454873646 0.5317457522321428 0.7059278754512636 0.516367671875 0.7033008339350181 0.5021788549107142 0.715549249097473 0.4834022254464286 0.7178437418772563
0 0.5847989531250001 0.6682230288808665 0.5837067254464285 0.657949238267148 0.5472581116071429 0.6526397274368231 0.5453523504464286 0.6660694440433214 0.5847989531250001 0.6682230288808665
0 0.6567483727678571 0.7584607472924187 0.6640554754464285 0.7312814476534296 0.6332993125 0.7260273628158844 0.6254946138392857 0.7503706010830324 0.6567483727678571 0.7584607472924187
0 0.62635553125 0.8119579133574008 0.6296570401785714 0.8024347075812275 0.6186726964285715 0.8005582472924188 0.6144730312500001 0.8090110036101082 0.62635553125 0.8119579133574008
0 0.6317196339285714 0.8587251913357401 0.6362228191964286 0.8439051570397113 0.6212452991071429 0.8395125054151624 0.5957810267857143 0.8360794530685921 0.59087728125 0.8526650956678701 0.6317196339285714 0.8587251913357401
0 0.7107820825892857 0.912580272563177 0.7244857187499999 0.8773235090252707 0.6971281004464285 0.8671478862815885 0.6863254174107143 0.8946470523465704 0.6997977388392858 0.9107038122743683 0.7107820825892857 0.912580272563177
0 0.48609442187499996 0.887035059566787 0.5339279397321428 0.8924554205776173 0.5451311830357143 0.8631906444043321 0.5342687031250001 0.8255712815884476 0.5242795491071429 0.8293669422382671 0.5127005714285714 0.8200527527075813 0.4239276651785714 0.8039706281588447 0.40465344419642857 0.8034290613718411 0.39695819642857144 0.8122016823104693 0.3975404151785714 0.8398116985559566 0.40782067857142856 0.8498210469314079 0.453954921875 0.8577021750902527 0.48609442187499996 0.887035059566787
0 0.13790934151785714 0.797292870036101 0.14491291964285713 0.7764808483754513 0.119752171875 0.7666805180505416 0.08779433035714286 0.7667232599277978 0.087878953125 0.7914972166064982 0.13790934151785714 0.797292870036101
0 0.10689703794642857 0.8836968790613718 0.09729603125 0.9058992184115524 0.12295437499999999 0.9185356083032491 0.13464280133928572 0.912279178700361 0.13524984598214287 0.8995446209386281 0.12537014285714285 0.8877696642599278 0.10689703794642857 0.8836968790613718
0 0.2152601049107143 0.8737810054151625 0.2319368995535714 0.8757128898916968 0.2255527767857143 0.8636180649819495 0.21636474330357142 0.8638825072202166 0.2152601049107143 0.8737810054151625
0 0.35456099330357144 0.8984948429602888 0.32470298214285714 0.8943112075812275 0.3223966651785714 0.9095065324909748 0.33787178125 0.9167352454873646 0.3566484107142857 0.9144407527075812 0.3647442165178571 0.9039025216606499 0.35456099330357144 0.8984948429602888
0 0.5137431473214286 0.9110156895306859 0.49796450669642855 0.9101542563176895 0.4913614888392857 0.929200667870036 0.49545170312500003 0.9363185306859205 0.5214135691964286 0.9425876425992779 0.5415013236607142 0.9194257021660649 0.5137431473214286 0.9110156895306859
0 0.5574864508928571 0.9093181877256318 0.5472908125 0.924082797833935 0.5505799084821429 0.9347318790613718 0.5629600044642857 0.9405148483754512 0.5900265111607144 0.9368854620938628 0.5895413281249999 0.9138771155234656 0.5574864508928571 0.9093181877256318
0 0.7176265580357143 0.9880280162454874 0.7173354508928572 0.9742230090252708 0.6874774419642857 0.9700393736462093 0.6828772165178572 0.9802577364620938 0.6895648616071428 0.9859852815884477 0.7176265580357143 0.9880280162454874
0 0.08683637946428571 0.7005342797833936 0.09294180357142857 0.6786518068592058 0.061287484375 0.6723272707581228 0.0565778125 0.6981162527075812 0.08683637946428571 0.7005342797833936
0 0.14969707142857144 0.6296581444043321 0.1621990267857143 0.5996982093862816 0.1512146830357143 0.597821750902527 0.14361647544642858 0.6111960415162454 0.14969707142857144 0.6296581444043321
0 0.35852146874999996 0.6295679657039711 0.3647239285714286 0.6122871642599278 0.35494126339285714 0.6051138772563177 0.3363587075892857 0.6166117093862816 0.3362492566964286 0.6321823267148015 0.35852146874999996 0.6295679657039711
0 0.6209959642857142 0.4332307039711191 0.6300869642857142 0.4283645938628159 0.6185079866071429 0.4190504043321299 0.6099145848214286 0.4267525758122744 0.6209959642857142 0.4332307039711191
0 0.6699217098214286 0.4489248555956679 0.6804208727678571 0.4277929675090253 0.6482689598214285 0.4186323700361011 0.6378792477678571 0.42419364079422384 0.637272203125 0.43692819855595666 0.6699217098214286 0.4489248555956679
0 0.8772041696428571 1 0.8860091629464285 0.9801121353790614 0.8692353303571428 0.9735785812274368 0.8470601562500001 0.9807946101083034 0.8420593727678571 0.9927785848375451 0.8494762477678571 1 0.8772041696428571 1
0 0.4169952299107143 0.060001351985559566 0.42359825 0.040954940433212995 0.417408203125 0.03806345667870036 0.40122900223214286 0.03896763176895307 0.4007189933035714 0.05630385920577617 0.4169952299107143 0.060001351985559566
0 0.6245333258928571 0.040434046931407945 0.6252374084821428 0.032301158844765344 0.61515121875 0.03149514981949458 0.6166440066964285 0.04000333032490975 0.6245333258928571 0.040434046931407945
0 0.6899993214285713 0.279955238267148 0.6992968058035715 0.264120178700361 0.6799255468750001 0.25897694223826717 0.6723273348214286 0.2723512328519856 0.6899993214285713 0.279955238267148