0 0.6076459549356222 0.0378530935483871 0.5967164463519313 0.03093217419354839 0.5605356030042918 0.03901394838709678 0.5661032639484979 0.1149611935483871 0.6079987317596566 0.1184043935483871 0.6076459549356222 0.0378530935483871
0 0.5045476330472103 0.16864389677419356 0.4983567746781116 0.10716585161290323 0.5216620815450643 0.0985209064516129 0.5174172510729614 0.03068510967741936 0.47459874463519314 0.0320336870967742 0.48001944206008584 0.1724032 0.5045476330472103 0.16864389677419356
0 0.32346703004291844 0.16877712580645163 0.35872483261802574 0.16548712903225807 0.35672587339055795 0.100971 0.366456008583691 0.06918224193548386 0.3654565278969957 0.03692417741935484 0.35657299356223177 0.026871312903225805 0.31814628111587984 0.03163341935483871 0.32346703004291844 0.16877712580645163
0 0.38896173175965665 0.034730845161290325 0.39632845493562235 0.1687426064516129 0.4381239742489271 0.16896 0.43168028969957084 0.030156461290322577 0.38896173175965665 0.034730845161290325
0 0.6484184871244635 0.039636461290322576 0.6645687982832618 0.18047527741935485 0.7041184484978541 0.17737300322580646 0.6932829699570815 0.03515593548387096 0.6484184871244635 0.039636461290322576
0 0.48866789914163095 0.520696435483871 0.5271945600858369 0.5191601322580645 0.5319097060085837 0.4984270451612903 0.5277413154506438 0.46764109032258067 0.5094509978540772 0.4652303677419355 0.5008084592274679 0.2554590838709678 0.4794491802575107 0.25774627741935485 0.48866789914163095 0.520696435483871
0 0.33396156652360515 0.5074868032258064 0.37258817596566524 0.5091763064516128 0.37545724034334765 0.49802677741935486 0.374357813304721 0.46254290645161295 0.3635282510729614 0.4588477935483871 0.36142342918454934 0.2525839032258065 0.32289676609442064 0.2541202032258065 0.33396156652360515 0.5074868032258064
0 0.4070463948497854 0.48007985806451614 0.4172527618025751 0.49824417096774193 0.42553660729613735 0.48894219677419354 0.43052809012875537 0.5117105645161291 0.45086438197424894 0.5109893451612904 0.44072262231759657 0.2528309677419355 0.3979041158798283 0.2541795451612903 0.4070463948497854 0.48007985806451614
0 0.684370169527897 0.5083170096774193 0.7160357618025751 0.527419935483871 0.7314805214592274 0.5071561516129033 0.7110089399141631 0.2614316935483871 0.6661444592274678 0.2659122193548387 0.6769270042918455 0.3372554064516129 0.684370169527897 0.5083170096774193
0 0.7363013712446352 0.04025897096774193 0.7524516824034335 0.18109778709677418 0.7942472038626609 0.1813151806451613 0.7811658540772531 0.03577844516129032 0.7363013712446352 0.04025897096774193
0 0.8190400536480686 0.5319252806451613 0.7989917725321889 0.2652800096774193 0.7540273433476394 0.26653472903225806 0.7629167939914163 0.4151095483870968 0.7725528969957082 0.5186169387096774 0.8190400536480686 0.5319252806451613