0 0.4869536277056277 0.35472825087719295 0.46184152380952376 0.34813278771929823 0.4438256753246753 0.3622326824561404 0.44005180086580087 0.3817369368421053 0.4566600995670996 0.43177880175438593 0.4812694458874459 0.45858638947368424 0.4932476385281385 0.49833673333333334 0.5044199696969697 0.5100439947368421 0.4986836103896104 0.5366713385964913 0.5124731904761906 0.5640405140350877 0.5065857316017316 0.5854097807017544 0.48962667532467535 0.5985771701754385 0.4898785064935065 0.6073406333333333 0.5030133246753247 0.611924805263158 0.5322518701298701 0.6112848631578948 0.5417630064935065 0.6028923175438596 0.5233936883116883 0.5669843122807018 0.5478501233766233 0.5130557192982456 0.5106599956709956 0.5009435771929824 0.48338303246753245 0.4567213789473684 0.46440931385281387 0.3997810614035088 0.4873565627705627 0.36874979122807017 0.4869536277056277 0.35472825087719295
0 0.5957125346320347 0.670304401754386 0.5640078354978355 0.6605405052631579 0.5314981818181818 0.6604725771929824 0.5286299999999999 0.6737862491228069 0.5536413744588745 0.6768763280701754 0.5617440562770563 0.6948864894736843 0.588566816017316 0.6855954017543859 0.5957125346320347 0.670304401754386
0 0.616749474025974 0.7236270157894736 0.6181579264069264 0.6972243087719298 0.6410044415584415 0.6626876526315789 0.6332039567099568 0.655193647368421 0.6181066558441558 0.6577325649122807 0.6109609372294372 0.6730235649122807 0.5970220649350649 0.7158744122807017 0.6039672229437228 0.7313116929824561 0.616749474025974 0.7236270157894736
0 0.4594374978354978 0.8300893140350878 0.4471580108225108 0.8175618649122807 0.43336933333333333 0.8279317385964912 0.44449129653679653 0.8378863087719298 0.4594374978354978 0.8300893140350878
0 0.5384469567099567 0.8268660649122807 0.5290365519480519 0.8387639982456141 0.5358809761904761 0.8506958929824562 0.5563126103896104 0.845247143859649 0.5737753311688312 0.8496066807017544 0.5829339047619048 0.8289452859649122 0.5655719155844156 0.8280911333333334 0.574630658008658 0.8416634052631579 0.564968422077922 0.8447978736842106 0.5657733809523809 0.8351019052631579 0.5535946255411256 0.8260798421052631 0.5384469567099567 0.8268660649122807
0 0.534873645021645 0.8156420403508772 0.5697487207792208 0.8226084210526315 0.5761902121212121 0.8205187754385964 0.5773972012987012 0.7871052964912281 0.5457428701298701 0.7790940929824561 0.534873645021645 0.8156420403508772
0 0.596975316017316 0.8650779263157895 0.6080469134199133 0.8732797999999999 0.6360271991341991 0.8665615929824562 0.6398514393939393 0.8488100315789473 0.6567097619047618 0.832137256140351 0.650922132034632 0.8192728543859649 0.6313961904761904 0.8185310210526315 0.6230425800865801 0.829496449122807 0.6077438116883117 0.8250245947368421 0.5961694523809524 0.8370348438596492 0.596975316017316 0.8650779263157895
0 0.6727658398268398 0.9383776052631578 0.7050740303030303 0.9314347631578948 0.7067846839826839 0.9155482105263159 0.6946059285714286 0.9065261473684211 0.5845465389610389 0.922770503508772 0.5584783701298701 0.9206129298245614 0.5490175995670996 0.9307581684210526 0.5655242619047619 0.9395555964912281 0.6519312727272727 0.9298048122807018 0.6727658398268398 0.9383776052631578
0 0.5059391082251082 0.9022762421052631 0.5235529285714285 0.9118938578947369 0.5416695108225108 0.9012993473684211 0.5413673116883116 0.8907831912280701 0.5271253354978355 0.8853788298245614 0.5077504956709956 0.8898950736842105 0.5058383744588745 0.8987708561403509 0.499094683982684 0.8903443456140351 0.47961911038961036 0.8913552052631579 0.4724733896103896 0.9066462052631579 0.4606472012987013 0.9098929894736842 0.4470599891774892 0.9272736350877193 0.4604970043290043 0.9423739649122806 0.4585848852813853 0.9512497456140351 0.48515671645021646 0.970934245614035 0.4890681861471861 0.9818082210526315 0.4952585822510822 0.9815745280701754 0.4872199372294372 0.9673165421052631 0.4911952748917749 0.9548230578947369 0.5227992402597403 0.9610815684210527 0.5344239653679654 0.9508240122807018 0.5228487012987013 0.9250952105263157 0.509814619047619 0.9240164228070175 0.5106699458874459 0.916073147368421 0.5064931385281385 0.9215558596491228 0.49662943722943725 0.9176795596491228 0.5059391082251082 0.9022762421052631
0 0.8041121904761905 0.9087412228070175 0.8108558809523809 0.9171677333333333 0.8388865324675325 0.9122022192982457 0.8350110216450216 0.8904620368421052 0.8144786536796537 0.892405401754386 0.8041121904761905 0.9087412228070175
0 0.8511111320346321 0.7342817157894737 0.8430084502164502 0.7162715543859649 0.8205135952380953 0.7253380070175438 0.8318370238095237 0.7423033456140351 0.8511111320346321 0.7342817157894737
0 0.7729524783549783 0.5408664280701754 0.7624349134199134 0.5519441719298246 0.7420032792207792 0.5573929210526315 0.7452752965367965 0.5958398438596492 0.7818106601731601 0.5851669807017544 0.7854334329004329 0.5604046473684211 0.7729524783549783 0.5408664280701754
0 0.5238002380952381 0.7319620614035087 0.5129301082251082 0.7307709561403509 0.512678277056277 0.7220074929824561 0.5233973051948052 0.7179405192982455 0.5163010476190476 0.6972451596491228 0.5084501991341991 0.6879984614035088 0.48444525324675325 0.6822231859649123 0.4584778181818182 0.6835709982456141 0.44363235064935064 0.6948733771929825 0.41756418398268397 0.6927158035087719 0.4115256233766234 0.7088269912280701 0.3953715281385281 0.7122984105263157 0.39572409523809526 0.7245672596491228 0.4066445930735931 0.7275110578947369 0.4005052987012987 0.7401168596491228 0.41364011688311686 0.7447010315789473 0.4207363722943723 0.7653963912280701 0.43165687012987014 0.7683401894736842 0.42551757792207795 0.7809459912280702 0.4398602857142857 0.7898557368421052 0.45702080735930734 0.7836991157894737 0.4669348766233766 0.7893281105263157 0.5131828463203463 0.7772734719298245 0.5073952142857142 0.7644090719298245 0.5267700562770562 0.7598928263157895 0.5231967445887445 0.7486688 0.516855987012987 0.7542638298245614 0.5091058679653679 0.7485225192982455 0.5163019545454545 0.7349842122807018 0.5262663917748918 0.7423659 0.5238002380952381 0.7319620614035087
0 0.33513161038961037 0.652234050877193 0.32687782683982686 0.6289658122807018 0.3050871991341991 0.6248309105263158 0.274188367965368 0.643110096491228 0.2725784458874459 0.6625020350877193 0.29044409956709955 0.6808831122807018 0.3315088354978355 0.6769963842105263 0.33513161038961037 0.652234050877193
0 0.3182741904761905 0.7066458771929824 0.3009625692640692 0.7075444210526316 0.2914514329004329 0.7159369666666666 0.29668593506493507 0.7472608 0.3334227662337662 0.7435987070175439 0.3304025800865801 0.713915249122807 0.3182741904761905 0.7066458771929824
0 0.33129741774891774 0.2548560438596491 0.30271363852813854 0.27828099122807015 0.3058345541125541 0.31146983333333333 0.29773277705627704 0.3311987263157895 0.30669078571428576 0.3412656105263158 0.31856734632034633 0.33977151754385965 0.3214355238095238 0.32645784561403507 0.33316098051948057 0.31970567368421055 0.34856048268398265 0.3276829140350877 0.38192546753246753 0.3198075649122807 0.3792569437229438 0.26465390526315785 0.34699911904761904 0.27334944035087716 0.33889643722943724 0.2553392789473684 0.33129741774891774 0.2548560438596491
0 0.5526771709956709 0.34166275263157897 0.567824841991342 0.34087652807017543 0.5836263701298701 0.3251362596491228 0.5831730692640692 0.3093620245614035 0.5730071666666666 0.2949695666666667 0.5491533203463204 0.2944523666666667 0.5400945779220779 0.2808800964912281 0.5248965432900433 0.27991362807017545 0.49807287878787876 0.25146566315789476 0.47426939826839826 0.2527011561403509 0.4616382489177489 0.2656439122807018 0.4269646363636364 0.26568830175438596 0.42253690476190475 0.3001466035087719 0.4032124285714286 0.3064155403508772 0.4062326125541125 0.336099 0.42596002164502167 0.343851601754386 0.4284261731601732 0.35425544210526316 0.45212891991341986 0.3495145614035088 0.44850524025974026 0.33653784385964913 0.466018329004329 0.3426500736842105 0.4766366255411255 0.3350777140350877 0.4812163636363636 0.3436165438596491 0.4830781190476191 0.33298806842105266 0.5239917532467533 0.3238432614035088 0.541454474025974 0.32820279824561405 0.5526771709956709 0.34166275263157897
0 0.6083373528138528 0.3931882842105263 0.6113062662337663 0.38337999824561403 0.5733111753246752 0.38096382456140354 0.5726069502164503 0.3941651789473684 0.6083373528138528 0.3931882842105263
0 0.6986684307359307 0.33145227192982457 0.6968057705627705 0.3043416947368421 0.6655040086580086 0.30859933859649125 0.668373093073593 0.3330247192982456 0.6986684307359307 0.33145227192982457
0 0.6792414134199134 0.2587377192982456 0.6778824199134199 0.24915406842105264 0.6660058636363636 0.25064816315789473 0.6684216515151515 0.2592993087719298 0.6792414134199134 0.2587377192982456
0 0.6532730757575758 0.22234647894736842 0.6781837142857143 0.22193117192982456 0.6932810173160173 0.21939225789473682 0.6917709264069264 0.20455052807017543 0.6517126168831169 0.20575205789473683 0.6532730757575758 0.22234647894736842
0 0.7505493095238095 0.17604774912280702 0.7556830800865801 0.20386619649122809 0.7836633658008658 0.1971479894736842 0.7772209696969697 0.16149858245614035 0.7664012077922078 0.16206017017543858 0.7505493095238095 0.17604774912280702
0 0.4650586515151515 0.19613175789473683 0.45932229004329006 0.2227591 0.46500918831168836 0.2321181140350877 0.48347833549783553 0.23379245614035085 0.5710932402597403 0.22836724210526316 0.5838754891774892 0.22068256666666666 0.5926823982683983 0.22549137543859646 0.6100938506493506 0.19035916666666666 0.604909712121212 0.16078802631578948 0.5583091774891775 0.1605738157894737 0.5221767489177489 0.18526822105263158 0.4767337402597403 0.18762689298245613 0.4650586515151515 0.19613175789473683
0 0.15616744372294372 0.23147279999999998 0.18661388095238096 0.23515843157894734 0.2124302142857143 0.22855254210526316 0.20966186147186147 0.20763254736842104 0.1608973766233766 0.2075306543859649 0.15616744372294372 0.23147279999999998
0 0.22812829653679653 0.0960897298245614 0.2181638593073593 0.08870804210526316 0.19134109956709955 0.09799913157894737 0.19632377056277056 0.12055949999999999 0.21469218614718616 0.11872845438596491 0.2263169090909091 0.10847089649122807 0.22812829653679653 0.0960897298245614
0 0.31398308441558437 0.1425374298245614 0.2977282554112554 0.1425034649122807 0.29692329437229437 0.1521994350877193 0.3056294696969697 0.1535028561403509 0.31398308441558437 0.1425374298245614
0 0.42263311255411257 0.11495673157894735 0.40652938311688314 0.12018084385964911 0.4058755238095238 0.1351348894736842 0.43511406926406926 0.13449494912280702 0.4458330995670996 0.1304279754385965 0.4400958354978355 0.11931626666666667 0.42263311255411257 0.11495673157894735
0 0.5764752229437229 0.11399294736842107 0.5712416233766234 0.12040816491228071 0.5739596082251082 0.13957546842105265 0.589157645021645 0.14054193684210525 0.6171882965367965 0.13557642280701754 0.60239229004329 0.11089244385964912 0.5764752229437229 0.11399294736842107
0 0.6415952727272727 0.11763418947368422 0.6287122878787879 0.12181348070175438 0.623579422077922 0.1317340842105263 0.6305245800865801 0.1471713649122807 0.6619270779220779 0.14641910526315788 0.6667073766233765 0.12422965263157895 0.6415952727272727 0.11763418947368422
0 0.7633297510822511 0.09288496842105264 0.7657959025974026 0.10328880701754387 0.7950344480519481 0.1026488649122807 0.7979026298701298 0.08933519298245614 0.7707776688311688 0.0881101245614035 0.7633297510822511 0.09288496842105264
0 0.08832579220779221 0.05770805087719298 0.08037420779220779 0.044955966666666666 0.044694170995671 0.04768555438596491 0.041272863636363635 0.07945865789473684 0.04474544155844156 0.08717729824561403 0.0566723658008658 0.08743589824561404 0.08686697186147187 0.0823580649122807 0.08832579220779221 0.05770805087719298
0 0.05124091991341991 0.23779655263157895 0.06070168831168831 0.2276513140350877 0.056222686147186146 0.22261787017543858 0.06694171428571428 0.21855089649122808 0.043439530303030306 0.1925634964912281 0.018780722943722943 0.2017422649122807 0.017170800865800865 0.22113420175438595 0.0284942316017316 0.23809954210526313 0.05124091991341991 0.23779655263157895
0 0.14454452813852814 0.3172084596491228 0.1428329696969697 0.2953559614035088 0.11354405844155845 0.29424321052631575 0.11319239610389611 0.31971341403508774 0.14454452813852814 0.3172084596491228
0 0.19572661038961037 0.401439601754386 0.18943531168831168 0.3710482736842105 0.18017600865800865 0.38820428421052633 0.18490684415584416 0.4020011912280702 0.19572661038961037 0.401439601754386
0 0.36486748701298705 0.40494767368421053 0.3804180887445887 0.41818299298245615 0.3910867532467533 0.4123633263157895 0.3884191363636364 0.39494871578947366 0.36768530086580087 0.38988130877192984 0.36486748701298705 0.40494767368421053
0 0.6094499393939394 0.6204427824561403 0.6016998225108225 0.6147014701754386 0.589924 0.619700949122807 0.5966676904761905 0.6281274596491228 0.6094499393939394 0.6204427824561403
0 0.6160928982683983 0.6253639087719298 0.6249501753246753 0.6319254087719298 0.6573087337662337 0.6267352578947368 0.6512692683982684 0.6051073929824561 0.6179042835497837 0.6129827403508772 0.6160928982683983 0.6253639087719298
0 0.5647309177489178 0 0.5488447878787879 0.01976284912280702 0.5643450238095238 0.031245473684210528 0.6009307532467532 0.02232530350877193 0.6005781904761905 0.010056454385964912 0.579252341991342 0 0.5647309177489178 0
0 0.9354888982683983 0 0.9429863852813853 0.00983719298245614 0.9765528354978356 0.00897261403508772 0.9839503874458875 0.002445078947368421 0.984308106060606 0 0.9354888982683983 0
0 0.9290484177489178 0.09042709298245614 0.917373329004329 0.09893195614035089 0.9198898463203463 0.11108848771929825 0.9396676212121212 0.12059378596491227 0.9568785086580087 0.11618985789473683 0.9506879458874459 0.08930391578947369 0.9290484177489178 0.09042709298245614
0 0.3182805238095238 0.9708192403508773 0.3335289264069264 0.9735384035087719 0.33997041774891773 0.9714487578947367 0.3372524329004329 0.9522814543859649 0.3210479718614719 0.9540001842105263 0.3182805238095238 0.9708192403508773
0 0.6445804675324676 0.7871288350877192 0.638692103896104 0.770759049122807 0.620424422077922 0.7760954789473684 0.6251552597402598 0.7898923859649123 0.6445804675324676 0.7871288350877192