0 0.8855891179245283 0.11770794692737431 0.9019817861635221 0.0951953254189944 0.9046437712264151 0.07409162709497207 0.8982955550314465 0.07162443854748604 0.8492162468553459 0.07486134217877095 0.8462341863207548 0.08200423324022346 0.8403587523584907 0.08300693715083798 0.8386670055031447 0.09497517877094973 0.8273569119496855 0.0990543966480447 0.8385463081761008 0.10686217597765363 0.8404694426100628 0.12213782122905029 0.8476992059748428 0.12875262988826816 0.8589279433962265 0.15542781145251397 0.8675687185534591 0.15498097067039107 0.8855891179245283 0.11770794692737431
0 0.41721149842767297 0.25304914245810056 0.4175169072327044 0.23206730865921787 0.4086840864779874 0.22413766480446926 0.41043984905660374 0.2149615837988827 0.4147122248427673 0.21264404329608935 0.41731019339622644 0.1887481815642458 0.41538705896226413 0.17347253631284915 0.4094476108490566 0.17168307960893855 0.4081252885220126 0.1654616466480447 0.4107625990566037 0.16043318854748603 0.4171748294025157 0.16569253631284916 0.41952407075471704 0.14809935055865922 0.393192980345912 0.14876214106145252 0.3871895149371069 0.14418052094972067 0.38411143081761007 0.14713517039106144 0.38372466588050314 0.1988714036312849 0.36462333805031444 0.2061490027932961 0.3647266941823899 0.22780856564245808 0.3688463655660377 0.2359819413407821 0.3742390110062893 0.2825272290502793 0.40028936635220125 0.286771032122905 0.4040569528301887 0.27958751955307265 0.4084253522012579 0.28145822067039106 0.40876276965408803 0.26187246787709495 0.41721149842767297 0.25304914245810056
0 0.7342975251572327 0.27648717039106147 0.7477794811320755 0.28138092318435753 0.762345037735849 0.24778089804469275 0.7612714433962264 0.23525679329608937 0.7692473907232704 0.2229635782122905 0.7914834842767295 0.19805217039106143 0.8094225283018868 0.1915335460893855 0.8193782916666665 0.1798368156424581 0.8251110275157232 0.1383071466480447 0.8334957405660377 0.12669166061452514 0.824694927672956 0.12015809497206704 0.8274849426100629 0.10463871927374302 0.820880665880503 0.09100288687150838 0.8219149182389937 0.08465958938547487 0.7906786320754716 0.07718962569832402 0.6402345927672957 0.08427066061452514 0.6347999323899371 0.08734717458100559 0.633012162735849 0.09512717318435755 0.6487299960691825 0.11178606005586593 0.6639823812893082 0.14244637430167598 0.6735833867924528 0.1838819594972067 0.6871046839622642 0.20764311452513967 0.6983260880503145 0.21684697486033522 0.7042088553459119 0.2333155907821229 0.7162477908805032 0.24387491061452515 0.7342975251572327 0.27648717039106147
0 0.4856795172955975 0.47803830167597766 0.47638124764150946 0.48411008659217875 0.46715432783018873 0.5104453547486034 0.46160630424528304 0.5428801871508381 0.4625985432389937 0.5861586941340782 0.4660287122641509 0.5985609329608939 0.4761198396226415 0.6099198477653631 0.49032330503144655 0.6119808170391061 0.4991487924528302 0.6024391396648044 0.5012319661949686 0.6246951899441341 0.497493713836478 0.7017639888268156 0.5039452861635221 0.7258907388268155 0.5505646619496856 0.7011161368715083 0.5788929095911949 0.6675032709497207 0.6145149371069183 0.643297375698324 0.6209838490566038 0.6338775642458101 0.6206637720125786 0.6199167569832402 0.6240545998427673 0.613451596368715 0.6444782492138365 0.6123954287709497 0.6486546022012579 0.6058896452513967 0.6583396367924528 0.5480816256983241 0.6732819520440251 0.51376325 0.6729298679245284 0.49840636173184355 0.6564265094339623 0.48178809776536313 0.6301520998427672 0.4677717290502793 0.6080933844339622 0.4661169776536313 0.5984750385220126 0.4582279539106145 0.5899622948113208 0.4642591173184358 0.5823237649371069 0.4569665796089385 0.5791249834905661 0.4718082262569832 0.5501245738993711 0.47610339525139667 0.5475586124213836 0.5013953365921787 0.529555552672956 0.5051218002793296 0.5244089630503145 0.5207630405027933 0.520481337264151 0.5209661508379889 0.5167457586477987 0.5295457444134078 0.5045541179245283 0.529477342178771 0.5068000023584905 0.49022459217877096 0.4998509740566038 0.47870319134078215 0.4856795172955975 0.47803830167597766
0 0.3401586996855346 0.2367665977653631 0.3363517720125786 0.22508270810055866 0.332488162735849 0.22807797905027932 0.33261619339622644 0.23366230167597765 0.3401586996855346 0.2367665977653631
0 0.32993954088050315 0.21982335893854751 0.3280484143081761 0.20594379469273744 0.31947165487421386 0.20918279608938548 0.32334259827044026 0.22365884636871508 0.32993954088050315 0.21982335893854751
0 0.4326459221698113 0.3431038254189944 0.4222740597484277 0.3366515055865922 0.41850647248427675 0.3438350181564246 0.4214958679245283 0.35416344832402236 0.4326459221698113 0.3431038254189944
0 0.3999839567610063 0.30775286731843576 0.3975066847484277 0.31976173044692735 0.4080312523584906 0.3157231340782123 0.4106365550314465 0.309298593575419 0.4088734599056604 0.3010033519553073 0.3999839567610063 0.30775286731843576
0 0.351212731918239 0.22151873184357543 0.3542981493710692 0.23603540502793297 0.36551221933962263 0.22776794413407822 0.36535218081761006 0.22078754050279328 0.3613605408805031 0.21819848603351957 0.351212731918239 0.22151873184357543
0 0.3578316753144654 0.27009720810055865 0.34277866981132077 0.2652846997206704 0.33140456132075474 0.2665717555865922 0.33112382625786163 0.2714783491620112 0.3493582720125786 0.2949957737430168 0.3588805959119497 0.29869655446927373 0.3578316753144654 0.27009720810055865
0 0.42086304795597484 0.3437131536312849 0.41759291666666665 0.33829131564245807 0.4161498977987421 0.3439568840782123 0.4189792539308176 0.347304907821229 0.42086304795597484 0.3437131536312849
0 0.42807814386792453 0.3153853184357542 0.42474399764150944 0.3071713198324022 0.42383777515723275 0.3190989399441341 0.42807814386792453 0.3153853184357542
0 0.44021043003144655 0.3986220837988827 0.4384473341194969 0.39032684217877095 0.43379819968553457 0.3933627346368715 0.4335814795597484 0.4010614902234637 0.44021043003144655 0.3986220837988827
0 0.4295751713836478 0.36352979608938546 0.4255515235849057 0.35954466201117324 0.42539881839622645 0.3700355796089385 0.4303927044025157 0.3648852541899441 0.44161410770440257 0.37408911452513965 0.44252033018867926 0.3621614958100559 0.4367729268867924 0.3687485223463687 0.4360440841194968 0.3541099846368715 0.43249321776729566 0.35359474301675975 0.4295751713836478 0.36352979608938546
0 0.41666469418238994 0.2978049720670391 0.41258436477987426 0.30849899860335195 0.39967121305031444 0.31126337988826813 0.4014096360062893 0.33563386173184356 0.4015303325471698 0.3237468631284916 0.4049211603773585 0.3172817025139665 0.41041983490566036 0.31699734916201117 0.41261637185534594 0.30989507960893853 0.41589383647798744 0.3327882374301676 0.4190359363207547 0.33262575 0.4191172924528302 0.30187134916201114 0.41666469418238994 0.2978049720670391
0 0.44364327279874216 0.3425351201117318 0.4416241147798742 0.32307123324022347 0.44378864308176097 0.31457288128491623 0.4404224897798742 0.3049628030726257 0.4363101525157233 0.31426074860335196 0.42964919418238995 0.3153040740223464 0.43687895754716977 0.32191888268156427 0.43801656682389933 0.33723514944134075 0.43691829795597487 0.3407862849162011 0.4348424591194968 0.3360015572625698 0.43618945518867924 0.3261477472067039 0.43185306367924525 0.3256731270949721 0.43028934827044024 0.3432256913407821 0.43868139465408806 0.34908152653631286 0.44364327279874216 0.3425351201117318