0 0.46019444144144145 0.0040160000000000005 0.44837614639639645 0.08280906756756756 0.49109653603603604 0.09748173986486486 0.5080611373873875 0.021814425675675674 0.4822506238738739 0.00420847972972973 0.46019444144144145 0.0040160000000000005
0 0.5527439662162162 0.03199538175675676 0.5383248220720721 0.09989769932432432 0.560510018018018 0.11891763513513515 0.5450810608108109 0.17943703716216217 0.5692287004504504 0.19396525675675677 0.5956777522522523 0.05199614864864865 0.5527439662162162 0.03199538175675676
0 0.6924551666666666 0.23958379054054055 0.7274820045045045 0.25829387837837836 0.753348045045045 0.11959804054054055 0.7153489527027027 0.09799675337837838 0.7048965495495495 0.10447106756756756 0.6990664031531532 0.1372037804054054 0.7041154572072073 0.17411836486486487 0.6924551666666666 0.23958379054054055
0 0.6540864594594594 0.22658386824324325 0.6815453243243244 0.09199767567567567 0.6391945518018018 0.06872363851351351 0.6119490855855856 0.20863792567567566 0.6540864594594594 0.22658386824324325
0 0.3821064572072072 0.1220370304054054 0.4141885698198198 0.0036145168918918923 0.3651193243243243 0.0031863040540540542 0.34272793918918915 0.10165419256756757 0.3821064572072072 0.1220370304054054
0 0.4698568581081081 0.5299868986486487 0.5084389662162162 0.5483149155405406 0.5570425720720721 0.28196150000000003 0.5358671869369369 0.2703244864864865 0.4957954009009009 0.4822507364864865 0.47700925225225227 0.4767781858108108 0.46820685360360365 0.5066196993243243 0.4698568581081081 0.5299868986486487
0 0.6271003558558558 0.5869326081081081 0.6662654752252252 0.6019873513513513 0.7152958783783784 0.346290125 0.6767137725225225 0.32796211148648646 0.6437525202702703 0.5391242162162162 0.6322903040540541 0.5382156114864866 0.6258771463963964 0.5742215945945947 0.6271003558558558 0.5869326081081081
0 0.5837397725225225 0.556275652027027 0.5967376328828828 0.542036347972973 0.6397244932432432 0.31374373986486487 0.5967907072072072 0.2937429763513513 0.5479737004504505 0.5547682939189189 0.5683526734234234 0.5643504898648648 0.5767854572072072 0.5431103378378378 0.5837397725225225 0.556275652027027
0 0.3232178806306306 0.18508649324324322 0.26585373423423425 0.42883685472972977 0.27838293693693694 0.4563859256756757 0.3131391981981982 0.45051036486486484 0.34621481081081085 0.2778633716216216 0.36774449324324326 0.20919690202702704 0.3232178806306306 0.18508649324324322
0 0.29348003153153157 0.08447239527027027 0.31561846171171176 0.002754320945945946 0.26692415315315315 0.0023293783783783785 0.2513426576576577 0.0665264527027027 0.29348003153153157 0.08447239527027027
0 0.24794771621621622 0.3205299966216216 0.2791180653153153 0.17163227027027025 0.2340084391891892 0.15079512837837836 0.1739426193693694 0.41623993918918917 0.22276372747747747 0.4227655472972973 0.24794771621621622 0.3205299966216216