0 0.44393464885496187 0.7810824942528736 0.4262240267175572 0.7646566954022989 0.4359703816793893 0.7143359655172414 0.45036256488549614 0.7029507126436781 0.44859425572519085 0.6716306724137932 0.4578904961832061 0.7000391896551724 0.4727236030534351 0.7088495632183908 0.48423825954198474 0.6898488735632184 0.4736146450381679 0.6503159310344827 0.4457167404580153 0.6640152413793103 0.44528040839694655 0.5943571896551724 0.4337703396946565 0.563895448275862 0.4406345839694657 0.5554217126436781 0.43022913358778625 0.5507177988505747 0.4111819465648855 0.6220924425287356 0.3961260763358779 0.6279154827586207 0.36291866412213736 0.5971171091954023 0.3644733969465649 0.5441456896551724 0.37997478625954195 0.5090558333333334 0.3627050916030534 0.5128256494252873 0.36159588167938933 0.5365302528735632 0.3434397366412214 0.5493712701149426 0.32860662977099236 0.5405609022988506 0.3266155648854962 0.5238742701149425 0.31377352671755726 0.531750540229885 0.30890034732824423 0.5569109022988505 0.2719243740458015 0.5770307183908046 0.2533227022900763 0.6191385402298851 0.22498387022900762 0.6126422356321839 0.19088541221374045 0.6403774885057472 0.19951796183206105 0.6632237988505747 0.22520203816793893 0.6474712586206897 0.24512648854961833 0.6659502873563218 0.24999047709923666 0.7397147873563219 0.23626198854961833 0.7566622471264368 0.2293885534351145 0.8640608390804598 0.2014860534351145 0.92722258045977 0.19794025190839695 0.963507367816092 0.2042547786259542 0.9895261206896552 0.41456007251908394 0.9803120632183908 0.4259828893129771 0.9771398218390805 0.43130158778625954 0.9227126494252873 0.47514180916030535 0.8941191034482759 0.4902022709923664 0.838833632183908 0.47980141603053433 0.7846672816091954 0.4563311679389313 0.8024730402298851 0.4680639961832061 0.8183013735632183 0.4552219541984733 0.8261776436781609 0.44282543893129767 0.8047870977011493 0.44393464885496187 0.7810824942528736
0 0.5320606145038168 0.6946285862068966 0.5300695496183205 0.6779419540229885 0.5331698282442748 0.6709239827586208 0.5287421717557252 0.6668175344827586 0.5267511068702291 0.6501309022988506 0.5207733091603054 0.6495334367816091 0.5097041717557252 0.6392673103448275 0.5021762366412214 0.6421788333333333 0.5037217824427481 0.6881322758620689 0.5006215038167939 0.6951502528735631 0.5116906412213741 0.7054163735632184 0.5214324045801526 0.7045580804597702 0.5247508473282443 0.7323691321839081 0.5223142595419847 0.744949316091954 0.5433479198473282 0.7397237356321839 0.5548625839694656 0.7207230459770115 0.5522078282442748 0.6984742011494253 0.5320606145038168 0.6946285862068966
0 0.5121499465648855 0.5277622643678161 0.516577606870229 0.5318687126436782 0.5218871145038168 0.5763664022988506 0.5150228702290076 0.584840132183908 0.516350248091603 0.595964551724138 0.5267556984732825 0.6006684712643677 0.5342836335877863 0.5977569482758621 0.5409251183206107 0.6039166206896551 0.544466320610687 0.6170942701149426 0.5708140877862595 0.6069039425287357 0.5772374045801527 0.578234591954023 0.568163927480916 0.5351926724137931 0.5637362709923665 0.531086224137931 0.5524535610687022 0.4365286436781609 0.5422708702290077 0.4171913218390805 0.5396161145038169 0.39494247126436777 0.5223464198473282 0.3987122931034483 0.5192461450381679 0.40573026436781606 0.5126046641221375 0.399570591954023 0.5150412480916031 0.386990408045977 0.5106135916030535 0.3828839597701149 0.4971078664122138 0.3851980114942529 0.49245745038167943 0.3957249712643678 0.5026401374045802 0.4150622931034483 0.49267561450381675 0.43055399425287355 0.4917891679389313 0.4396251896551724 0.47673330152671756 0.4454482298850575 0.47717422519083974 0.46564385057471264 0.496657751908397 0.4639272586206897 0.5050675381679389 0.5014069712643677 0.5094951946564885 0.5055134252873563 0.5121499465648855 0.5277622643678161
0 0.4623503129770993 0.3579086206896552 0.4619093854961832 0.337713 0.4521676221374046 0.3385712988505747 0.44751720610687024 0.34909825862068966 0.4481808969465649 0.3546604712643678 0.4548223816793893 0.3608201436781609 0.4623503129770993 0.3579086206896552
0 0.5997982328244275 0.8168121954022989 0.5951478129770993 0.8273391436781609 0.5958114999999999 0.832901356321839 0.6093172290076335 0.8305873045977011 0.6095399923664122 0.8159538965517241 0.5997982328244275 0.8168121954022989
0 0.5838605076335878 0.7822439942528736 0.5836377480916031 0.7968774022988505 0.5933795114503817 0.7960191091954023 0.5980299236641221 0.7854921551724138 0.5936022709923664 0.7813857011494254 0.5838605076335878 0.7822439942528736
0 0.6365652290076336 0.6629384885057471 0.6367879923664123 0.6483050804597701 0.6232822633587786 0.6506191379310344 0.6230595038167939 0.6652525459770116 0.6365652290076336 0.6629384885057471
0 0.5880608091603053 0.8504462873563219 0.5878380458015267 0.8650796954022988 0.5938158435114503 0.8656771551724138 0.5984662595419847 0.8551502011494252 0.597802572519084 0.8495879942528737 0.5880608091603053 0.8504462873563219
0 0.5803101145038168 0.8679912126436782 0.5789827366412214 0.8568667931034483 0.5714548015267176 0.859778316091954 0.5749960114503817 0.8729559655172414 0.5803101145038168 0.8679912126436782
0 0.5851786984732825 0.8922932816091954 0.5805282824427481 0.9028202356321839 0.5871697633587787 0.9089799137931035 0.5918201832061069 0.8984529540229885 0.5911564923664122 0.8928907471264368 0.5851786984732825 0.8922932816091954
0 0.5222958816793893 0.942799040229885 0.5289373625954199 0.9489587126436783 0.5380154389312978 0.9425382068965517 0.5309330267175573 0.9161829137931035 0.5287191984732824 0.9141296896551725 0.5262826106870229 0.9267098735632184 0.5209685038167939 0.9316746149425287 0.5222958816793893 0.942799040229885
0 0.5285056259541984 0.8298382356321838 0.5227505954198474 0.8146073620689656 0.5114586946564885 0.8189746436781609 0.5096857938931297 0.8371170344827586 0.5163272748091603 0.8432767126436782 0.5238552061068703 0.8403651896551725 0.5285056259541984 0.8298382356321838
0 0.48709280534351146 0.9447764655172415 0.4820014618320611 0.935107804597701 0.47447352671755727 0.9380193218390804 0.47801473282442747 0.9511969712643679 0.48709280534351146 0.9447764655172415
0 0.17786196183206107 0.21772527586206894 0.185389893129771 0.21481375862068966 0.19004031297709925 0.20428679885057474 0.18494896564885496 0.1946181379310345 0.17520720610687024 0.1954764367816092 0.17055679007633587 0.20600339080459767 0.17122047709923666 0.21156560344827588 0.17786196183206107 0.21772527586206894