0 0.09979959555189456 0.473582986803519 0.10190318616144976 0.546947862170088 0.11278914579901152 0.561042917888563 0.1272204069192751 0.5677327331378299 0.137958028830313 0.589299620234604 0.14814397281713343 0.6468056348973606 0.15248606672158155 0.6970782917888563 0.15879329818780888 0.7135751730205279 0.18453222652388795 0.7375717697947214 0.19389806589785832 0.7630271070381233 0.19026446952224052 0.8156349970674487 0.17218589621087316 0.9067902932551319 0.3177807149917628 0.9742828255131964 0.320900939044481 0.9274694325513195 0.3302116787479407 0.8578877096774195 0.3542319909390445 0.7483731202346041 0.383247794892916 0.6969746759530792 0.40586807248764417 0.6742819985337243 0.4188025230642504 0.6667048724340175 0.44895347528830315 0.6640924589442816 0.4772275856672158 0.6500531744868036 0.495904165568369 0.6059267903225807 0.5180610593080724 0.573970590909091 0.5270934876441515 0.5510115527859237 0.536149226523888 0.502425293255132 0.5722189003294893 0.3728583255131965 0.5976992899505766 0.21425263636363634 0.6065833789126853 0.19876543108504396 0.635320873970346 0.19398967155425223 0.6472218953871499 0.18140912609970675 0.6496920914332783 0.16294866862170088 0.6406646054365733 0.12860146480938417 0.6397378393739703 0.11007441788856305 0.6317117273476113 0.0912726055718475 0.5654730008237233 0.06056670967741936 0.5295226902800659 0.04390143695014663 0.21417669192751237 0.017756868035190616 0.20686852388797364 0.09340229472140762 0.19915631383855026 0.22103357184750735 0.1872086729818781 0.28486856304985336 0.173449176276771 0.3177012551319648 0.15918462026359143 0.3352186290322581 0.13038214085667216 0.3595698152492669 0.09428067792421746 0.3684725014662757 0.08581829406919275 0.3871714325513197 0.08617501482701811 0.4099585865102639 0.09979959555189456 0.473582986803519
0 0.5907790667215815 1 0.5962215708401977 0.9570704398826979 0.5983350469522241 0.9158228299120235 0.5951514093904449 0.888708982404692 0.5786349250411862 0.8403333108504398 0.5650703863261944 0.8144397272727273 0.5412316087314663 0.7762427785923753 0.5173278459637562 0.7576212551319648 0.5107239373970346 0.7560680395894429 0.501649831136738 0.7729752785923754 0.47723606589785833 0.7963446788856305 0.48231985420098844 0.8092581759530793 0.45679666392092255 1 0.5907790667215815 1
0 0.8266279851729819 0.6732756818181818 0.8182906301482702 0.710130004398827 0.8204408393739704 0.732240435483871 0.8283098682042833 0.7434288299120234 0.825946334431631 0.7483656583577712 0.8284348970345964 0.7615842214076246 0.840882654859967 0.7703707932551319 0.8452296919275124 0.7633372082111436 0.8506151013179571 0.704000797653959 0.8456796515650742 0.6836154706744868 0.837620607907743 0.6738471099706745 0.8266279851729819 0.6732756818181818
0 0.6678505510708402 0.3772245659824047 0.6683556103789127 0.3925398856304985 0.6769430230642504 0.3919963431085044 0.6773138698517298 0.3733167624633431 0.6678505510708402 0.3772245659824047
0 0.626225226523888 0.33832300733137827 0.628862129324547 0.3440697375366569 0.6398547512355849 0.34464116568914954 0.6435900675453048 0.33581588856304984 0.6415973805601318 0.3220731363636363 0.6279353624382208 0.3255426906158358 0.626225226523888 0.33832300733137827
0 0.6769620922570017 0.29322336950146627 0.6671187438220758 0.2999712404692082 0.6622433377265239 0.31731672873900296 0.6643101935749588 0.32732356451612904 0.6670212644151565 0.32933437976539587 0.6766329225700165 0.3179547448680352 0.6797148401976936 0.30128597947214075 0.6769620922570017 0.29322336950146627
0 0.7093649728171335 0.35650399853372433 0.7003650370675453 0.36967532404692083 0.7010184357495881 0.37751881085043987 0.7142679291598023 0.38667703958944283 0.7279716235584843 0.3892592829912023 0.7333429060955519 0.3713896070381232 0.7283749637561779 0.36079198973607035 0.7093649728171335 0.35650399853372433
0 0.814035766062603 0.38240383137829914 0.8012171606260297 0.39229684017595307 0.7974168591433278 0.42069754252199415 0.8019722784184514 0.443922939882698 0.8106755362438222 0.445695280058651 0.8172702627677101 0.4314089868035191 0.8196987825370675 0.4068967331378299 0.814035766062603 0.38240383137829914
0 0.9831845535420098 0.29869231231671556 0.9921519967051071 0.2953087008797654 0.9953822528830313 0.2711681026392962 0.9922091705107083 0.2583862815249267 0.9771648163097199 0.2514122595307918 0.9697266779242174 0.25927509970674484 0.9684382479406919 0.275267142228739 0.972224424217463 0.2883331715542522 0.9831845535420098 0.29869231231671556
0 0.9080388649093903 0.30985510703812313 0.9012124481054367 0.31950964076246335 0.900725755354201 0.3358733401759531 0.9071813261943987 0.3448983870967742 0.9197357462932454 0.3401613313782991 0.9198007322899506 0.32058590469208215 0.9130393014827018 0.3106650102639296 0.9080388649093903 0.30985510703812313
0 0.9323685757825372 0.4048341085043988 0.9350054769357496 0.4105808401759531 0.9417252322899505 0.4144499369501466 0.946989852553542 0.41010388856304986 0.9491541878088962 0.3907475865102639 0.9366322602965405 0.3856969296187683 0.9323685757825372 0.4048341085043988
0 0.7088323640856672 0.2936701495601173 0.7116592800658978 0.29799684457478004 0.7202050172981878 0.29140150586510266 0.7203858484349258 0.2741419604105572 0.7155754283360791 0.27191202346041055 0.7101207932454695 0.2776781070381231 0.7088323640856672 0.2936701495601173
0 0.6025814077429983 0.24139978152492667 0.6072434901153212 0.2511015513196481 0.6198395864909391 0.2524162917888563 0.6221614431630972 0.24142766715542524 0.6202104332784185 0.23373671114369501 0.6049032652388797 0.2304111568914956 0.6025814077429983 0.24139978152492667