0 0.5796867130801687 0.49993066165413536 0.5846467510548524 0.5108148157894737 0.6295469303797467 0.3968667142857143 0.6307597721518988 0.3683756917293233 0.646191299578059 0.3782747368421053 0.6562956286919832 0.35651442481203005 0.6322297616033756 0.34364406766917294 0.6244039810126583 0.32167874436090227 0.628996858649789 0.3117876917293233 0.7485945654008439 0.1189241954887218 0.7908618523206751 0.07385724436090225 0.5755910675105486 0.05375346992481203 0.5642234261603376 0.08897409774436091 0.5793235738396625 0.15565815789473686 0.5504434556962025 0.22647968045112782 0.5545578164556962 0.286630052631579 0.5479806561181435 0.3137339323308271 0.5581578818565401 0.33926163533834586 0.5570550548523208 0.3847684586466166 0.5791366413502109 0.41485163909774436 0.6009981983122363 0.4109032105263158 0.5796867130801687 0.49993066165413536
0 1 0.6587225864661654 0.980907829113924 0.6494733571428571 0.9073502447257384 0.6526097180451128 0.8314783333333333 0.621911492481203 0.7987410042194092 0.636342037593985 0.7498378206751055 0.5993231315789473 0.711111864978903 0.5878319285714285 0.6888089092827004 0.6315495714285715 0.6595258523206751 0.6040356691729323 0.6058455400843882 0.6204364285714286 0.5805297109704641 0.6663293045112781 0.5820354789029536 0.7191579060150376 0.5952255780590717 0.7425103721804511 0.5516495949367088 0.7371508233082708 0.6017285 0.7759509210526315 0.6140371434599157 0.7710093909774436 0.6174171772151898 0.7896093609022556 0.6336572700421941 0.7805143872180451 0.6345387257383966 0.8088083909774436 0.6448630843881856 0.8210796842105264 0.6520645548523206 0.8185104097744361 0.6527631012658228 0.782500590225564 0.6867490485232067 0.8171392518796992 0.7628038691983122 0.9121412932330827 0.8157592658227848 1 1 1 1 0.6587225864661654
0 0.4991406687763713 1 0.49745231012658225 0.9616976541353384 0.48646652320675104 0.9551639661654135 0.4802207489451477 0.9254828233082706 0.49153791772151895 0.8752314887218046 0.4625491265822785 0.8212047706766917 0.4628433924050633 0.7946919586466166 0.44730184810126583 0.7677771127819549 0.42125169620253167 0.7721195864661654 0.4201130907172996 0.7400661842105264 0.41107447046413503 0.7465918796992481 0.4151888291139241 0.8067422593984963 0.40376164556962024 0.8399777857142857 0.388697276371308 0.8508539436090226 0.39678020464135016 0.8765786691729324 0.38098017088607594 0.9537368533834587 0.365620388185654 1 0.4991406687763713 1
0 0.3651497215189874 0.5220050864661654 0.36739115189873417 0.5085516578947369 0.32745235443037973 0.5255514812030075 0.3049664873417721 0.5049653045112782 0.29082069620253165 0.5138632518796993 0.1709685210970464 0.48730248496240597 0.11578244514767932 0.4508746466165413 0.06081639873417721 0.4484784135338346 0.004124023206751055 0.4210137067669173 0.0053551202531645576 0.5466941654135339 0.022394331223628692 0.7958009736842104 0.09523972151898734 0.7668451541353383 0.1251484282700422 0.7110612255639098 0.1777630316455696 0.7098950864661654 0.24562625105485233 0.6543241616541353 0.2820007637130802 0.6622529887218045 0.30066653586497893 0.596175977443609 0.33498386919831225 0.5740296127819549 0.3405324388185654 0.5318881466165414 0.3651497215189874 0.5220050864661654
0 0.4472714324894515 0.25888715413533836 0.42724702531645564 0.25887916541353384 0.41012547679324896 0.23968013533834587 0.424528417721519 0.2345415864661654 0.41067689029535864 0.21692672180451128 0.4196054978902954 0.1933852218045113 0.41060399367088607 0.1696387105263158 0.3981482194092827 0.18783664285714288 0.3691236497890295 0.0562497030075188 0.2319471181434599 0.06915462781954887 0.23336143037974685 0.08983131578947369 0.2516587025316456 0.11081153383458646 0.2637830907172996 0.1493986240601504 0.2953075801687764 0.1634590977443609 0.3241121181434599 0.26101443233082705 0.35629803375527425 0.2693373045112782 0.4090955485232068 0.33247497368421053 0.42404990084388183 0.3045830112781955 0.46336304852320676 0.370881022556391 0.4709687995780591 0.35881474436090227 0.4346685232067511 0.2903414962406015 0.4472714324894515 0.25888715413533836
0 0.4873573628691983 0.22863093233082707 0.47075011181434595 0.21695070300751879 0.46850867932489454 0.23040412781954886 0.479751611814346 0.24069721428571428 0.4873573628691983 0.22863093233082707
0 0.4426427784810127 0.1912179812030075 0.4517914135021097 0.2017080902255639 0.4757472679324895 0.19756264285714284 0.47563725316455696 0.18054683834586466 0.45458425738396624 0.16550125187969925 0.4426427784810127 0.1912179812030075
0 0.6618786371308018 0.4997656127819549 0.6541999915611815 0.46454387969924815 0.6472556687763713 0.47087255263157896 0.6537585928270042 0.5043130939849624 0.6618786371308018 0.4997656127819549
0 0.6420756012658229 0.4259567932330827 0.6351683966244726 0.4020132593984962 0.6245497742616033 0.41625477067669175 0.626349805907173 0.44257056015037594 0.6420756012658229 0.4259567932330827
0 0.6805072932489451 0.46396080827067665 0.6781929662447257 0.43012622180451127 0.6594914156118143 0.41864301127819553 0.6684557974683545 0.4726617368421053 0.6805072932489451 0.46396080827067665
0 0.284942082278481 0.5049573120300752 0.2930621265822785 0.5004098270676692 0.28839635443037975 0.46301286090225563 0.3043792953586498 0.4501584962406015 0.3044164156118144 0.4198862819548872 0.26686618143459917 0.4101762706766917 0.25492470253164556 0.435893 0.25881903164556963 0.46201177067669175 0.2645505126582278 0.48417411654135334 0.284942082278481 0.5049573120300752
0 0.42052005063291137 0.5149043120300753 0.42628864978902953 0.5067944511278195 0.41805859071729956 0.49432613157894734 0.42052005063291137 0.5149043120300753
0 0.5095834008438819 0.4611225751879699 0.5057990864978903 0.4520196090225564 0.4965033185654008 0.4547859060150376 0.49778905485232067 0.4735829022556391 0.5095834008438819 0.4611225751879699
0 0.36518281856540086 0.8152301766917293 0.3530213122362869 0.8069152969924812 0.35077987974683544 0.8203687293233083 0.3599285147679325 0.8308588383458647 0.36518281856540086 0.8152301766917293
0 0.3431370105485232 0.8627072218045113 0.35540853586497895 0.8880379022556392 0.3733386434599156 0.8882429172932331 0.37558007383966246 0.8747894887218045 0.3469584451476793 0.8415379736842105 0.3431370105485232 0.8627072218045113
0 0.5977957109704641 0.8879367932330827 0.6077529071729958 0.8794328872180451 0.5955913987341772 0.8711180112781954 0.5977957109704641 0.8879367932330827
0 0.5774041434599156 0.867153597744361 0.5905213459915613 0.8432180526315789 0.5791312805907173 0.8461813759398497 0.5774041434599156 0.867153597744361
0 0.6203186962025317 0.8782507556390977 0.6212743902953587 0.8460003345864662 0.606210023206751 0.8568764999999999 0.6121986518987342 0.8827982443609023 0.6203186962025317 0.8782507556390977
0 0.6175271919831224 0.8066251654135339 0.6150657320675106 0.7860469812030075 0.6023528101265824 0.8004855187969925 0.6075699978902953 0.8151290714285714 0.6175271919831224 0.8066251654135339
0 0.5042892974683545 0.7226883082706768 0.5124093417721519 0.7181408233082707 0.5078535843881856 0.6977596616541354 0.5042892974683545 0.7226883082706768
0 0.42033445780590717 0.6662653609022556 0.432128805907173 0.6538050338345864 0.414750111814346 0.6308466090225564 0.42033445780590717 0.6662653609022556