0 1 0.3064187990654206 0.9705903819875776 0.28063028971962617 0.9910831770186336 0.24309529906542054 0.9773686987577639 0.23589592523364483 0.9353372670807454 0.2666104696261682 0.9166895217391305 0.26473821261682245 0.8523104099378883 0.20587264953271028 0.8781508602484471 0.18750633177570092 0.8683040652173913 0.1643924859813084 0.796169847826087 0.17112394392523367 0.752244052795031 0.14225955841121496 0.7513067391304348 0.09558604906542056 0.6973170838509317 0.048243962616822435 0.7018587298136646 0.03589061448598131 0.5290168975155279 0.018537086448598132 0.05623472360248447 0.0019705 0.03368592857142857 0.48357613785046727 0.053704972049689444 0.7709582079439253 0.0664903602484472 0.7499748574766355 0.22260848447204967 0.8168866471962616 0.26042689751552794 0.8428088738317757 0.29416056211180125 0.8892817196261682 0.32813103105590063 0.8973503364485982 0.3570794409937888 0.8792960607476635 0.37818394720496895 0.8953887990654206 0.41869592857142857 0.8971272803738318 0.4862027391304347 0.9225368037383178 0.5213670621118012 0.9051066144859813 0.5380809658385093 0.9149361051401869 0.559382801242236 0.9601607803738318 0.6761783322981366 1 0.6936326304347826 1 0.7398811428571428 0.9398550257009346 0.7701122018633539 0.927751953271028 0.8294889906832299 0.9267265443925233 0.8797787111801243 0.8863607757009346 0.8773219503105589 0.8721402943925234 0.8604995124223603 0.8646288761682243 0.8194448726708075 0.8744807640186916 0.7793670186335403 0.863469988317757 0.7142972360248447 0.8860490303738319 0.7218155372670807 0.8588562359813083 0.7475474565217392 0.8428079906542055 0.7348295062111802 0.7809778714953272 0.7521946055900621 0.7768989228971963 0.7798406273291925 0.7866615280373831 0.7802550155279504 0.8111573177570094 0.8032933695652174 0.8192928200934579 0.8182016987577639 0.800993390186916 0.794206298136646 0.7799524626168225 0.7977483850931677 0.7709922126168224 0.8586248850931677 0.7712818621495326 0.9088060776397515 0.7332341682242991 0.9047410683229813 0.7200167009345795 0.8641205559006212 0.7205962920560748 0.8355174844720497 0.6979282663551402 0.9371822484472051 0.5940159953271028 0.9408723447204969 0.5152015070093459 0.9298514347826088 0.4838183855140187 0.9436941832298137 0.4549316004672897 1 0.4361565280373832 1 0.3064187990654206
0 0.1301097453416149 0.8250669369158878 0.11735231677018634 0.8307729859813083 0.1262420590062112 0.8409814065420561 0.13932508695652174 0.8283211378504673 0.13515154347826086 0.8174217453271029 0.11789497826086957 0.8191826191588785 0.1301097453416149 0.8250669369158878
0 0.15688750621118014 0.8533741261682243 0.17275289130434782 0.8479801214953271 0.16590552173913042 0.8274963901869159 0.13878242546583852 0.8399115046728972 0.15688750621118014 0.8533741261682243
0 0.1815778664596273 0.9804529649532711 0.1672177453416149 0.966201855140187 0.15641389751552795 0.9301825864485982 0.1301590590062112 0.9240531144859813 0.11481659627329194 0.9516248387850468 0.12183797826086956 0.9744550070093457 0.1815778664596273 0.9804529649532711
0 0.05857048136645962 0.8408047079439253 0.07564648136645963 0.8545333084112149 0.07477822360248447 0.8730778971962617 0.10412128260869566 0.9132874953271027 0.12266049689440993 0.9174778247663551 0.1360691149068323 0.8978633341121495 0.11637552484472048 0.851635644859813 0.09172892857142857 0.8445031588785047 0.1025722546583851 0.8129862593457944 0.05611049068322982 0.8054904719626169 0.05857048136645962 0.8408047079439253
0 0.27504072049689443 0.9898367453271028 0.2649556118012422 0.979508308411215 0.2406141149068323 0.986380273364486 0.27504072049689443 0.9898367453271028
0 0.5424518354037267 0.9549674369158879 0.5289544192546584 0.9431319158878505 0.5070901832298137 0.9432656892523364 0.5010715931677019 0.9717735397196262 0.5321511708074534 0.9748939696261683 0.5424518354037267 0.9549674369158879
0 0.3754620559006211 0.999919168224299 0.33387334161490684 0.9747828808411214 0.2942098788819876 0.9882678971962616 0.2956010590062112 0.9919010280373831 0.3754620559006211 0.999919168224299
0 0.40450784472049695 0.9667363668224299 0.4033139875776398 0.9922351705607476 0.42806911801242237 0.9970495864485981 0.47244878260869566 0.9828735981308411 0.4718173260869566 0.963013953271028 0.4471707298136646 0.9558814649532711 0.40450784472049695 0.9667363668224299
0 0.9906193385093167 0.8532388785046728 0.9802298850931678 0.8417153995327102 0.9615821397515528 0.8398431425233644 0.9497817608695652 0.8584546168224299 0.9742112950310559 0.87022325 0.9906193385093167 0.8532388785046728
0 1 0.5762178808411215 0.9613059223602484 0.5789707663551402 0.9528305683229814 0.5932581355140186 0.9711527173913044 0.6020846121495327 1 0.6021741004672898 1 0.5762178808411215
0 1 0.06582435280373831 0.6984320031055901 0.03554656542056075 0.7118800838509317 0.07066683411214954 0.7514152732919255 0.09326797429906541 0.7552632173913044 0.11112158878504673 0.7838860248447206 0.10002153271028037 0.8208559223602484 0.11072026401869159 0.8362674378881988 0.14836663551401869 0.871520555900621 0.16238645560747664 0.8874747329192546 0.18844245794392525 0.8872774068322982 0.1593105210280374 0.9681928354037266 0.16510555841121494 0.9784935 0.14517902570093458 0.9953159347826087 0.15269044392523365 0.9760169968944099 0.16472662850467287 0.9975556335403727 0.17154707242990652 0.9954047298136647 0.18414045560747666 1 0.18127451869158878 1 0.06582435280373831