0 0.4299486051401869 0.4949614755244755 0.4315387803738318 0.46356966783216785 0.38343905607476636 0.4168970104895105 0.3632126565420561 0.46867198251748254 0.4104115537383178 0.509960097902098 0.4299486051401869 0.4949614755244755
0 0.4430498855140187 0.9776970524475525 0.47315054906542053 0.9395032132867134 0.4847742780373832 0.8953801293706293 0.4713141168224299 0.8830852447552447 0.47255091822429907 0.858669395104895 0.4206712196261682 0.7939465244755245 0.3867210070093458 0.7227923986013987 0.2705240280373832 0.7462073881118881 0.23572517289719624 0.7381420314685314 0.21454576869158878 0.7160591433566433 0.20097849766355141 0.798549993006993 0.2051292359813084 0.8324486853146853 0.3421696448598131 0.8609169755244754 0.38901517056074764 0.9091810454545455 0.4056904626168224 0.9043411993006993 0.43045576401869157 0.9251378321678322 0.4430498855140187 0.9776970524475525
0 0.20930287850467288 0.4257070769230769 0.20875542757009347 0.41334657692307697 0.1800508598130841 0.4008121468531468 0.17485739485981308 0.41066576923076925 0.08123591355140188 0.4054353811188811 0.06906473364485981 0.4371979615384615 0.06160914252336448 0.5380441783216784 0.07687094626168224 0.5611081573426574 0.05429544859813084 0.589753534965035 0.06794968691588785 0.6213848811188811 0.08337078271028038 0.6181364475524476 0.08568509112149533 0.5956171643356644 0.11135121728971963 0.6217983496503496 0.10993772897196262 0.6497021748251748 0.0955941401869159 0.6548471818181818 0.12738933878504674 0.7222081713286713 0.11809731308411216 0.7666364125874126 0.12961392757009346 0.817299062937063 0.15531483644859814 0.8891291258741258 0.17289095093457943 0.8896738251748251 0.18525620794392525 0.8772477027972028 0.1875705163551402 0.8547284230769231 0.20281492757009345 0.8549679615384616 0.19687993691588784 0.8331246188811189 0.20387504205607476 0.8340400944055945 0.21468766822429908 0.6669222902097902 0.22203614719626166 0.6608618076923076 0.21539441121495326 0.6529703776223776 0.2490983644859813 0.6363147272727272 0.28365096261682243 0.5565703076923078 0.2549463925233645 0.5440358776223776 0.1259959976635514 0.54120406993007 0.10516996495327104 0.5121452237762237 0.1081736261682243 0.45284959090909094 0.1504802523364486 0.42854205244755245 0.20930287850467288 0.4257070769230769
0 0.2557401028037383 0.6442061573426574 0.33086725467289724 0.6206828566433567 0.4314316658878504 0.5583554055944057 0.41957907242990655 0.5374931503496503 0.39159864018691587 0.5338312482517482 0.2879436028037383 0.5413321398601398 0.24962842289719625 0.6258507937062937 0.24641329205607476 0.6429855244755245 0.2557401028037383 0.6442061573426574
0 0.7692969462616822 0.7693504230769231 0.72442975 0.7283674685314685 0.7118530210280374 0.6986326923076923 0.6654130443925234 0.711865979020979 0.6737145257009345 0.7796633636363637 0.6974023177570094 0.79856343006993 0.7071172897196262 0.838456986013986 0.7225557780373831 0.8580329895104896 0.7656039369158879 0.8654224090909091 0.8238791121495327 0.8502269335664336 0.8387353644859814 0.8117935559440559 0.7795419742990654 0.7987800419580419 0.7692969462616822 0.7693504230769231
0 0.7809005280373832 0.9341352692307693 0.7793103528037383 0.9655270734265734 0.8203975747663551 0.9884598181818182 0.8316679322429906 0.9513126923076922 0.8103118387850468 0.9327177832167833 0.802575203271028 0.9001053426573428 0.7809005280373832 0.9341352692307693
0 0.6058662827102803 0.7058284265734266 0.5935010257009345 0.7182545454545455 0.5803942359813085 0.6989837027972028 0.5084648224299065 0.6825478321678321 0.41576155607476634 0.7055264300699301 0.3987502873831776 0.7401666748251748 0.4186928901869159 0.7866654090909091 0.46428422429906546 0.8365208881118882 0.4798820070093458 0.8297844755244755 0.4838212757009346 0.8215222657342657 0.47484783411214954 0.8133256748251748 0.4954623948598131 0.8002236188811189 0.4972640397196262 0.8109927132867133 0.5024575046728972 0.8011390979020978 0.5159176612149533 0.8134339825174826 0.5286362897196262 0.7940319055944055 0.5381397873831776 0.7917645594405595 0.5397647476635514 0.8060216328671329 0.545134894859813 0.7926800384615384 0.5661202219626168 0.7954264650349651 0.5696887242990655 0.7713157762237762 0.6240072406542057 0.74155806993007 0.6232657079439252 0.7098611048951049 0.6058662827102803 0.7058284265734266
0 0.1550942313084112 0.1289466853146853 0.14597889485981308 0.16988695104895105 0.15549978271028037 0.19044404545454546 0.1849284906542056 0.2118509965034965 0.21649482242990656 0.21422665034965035 0.3368425397196262 0.22471034615384616 0.3435739976635514 0.1149916083916084 0.3745928785046729 0.10500675524475525 0.3363848107476636 0.09473967132867132 0.20923606074766354 0.10267695804195805 0.1550942313084112 0.1289466853146853
0 0.17298617757009346 0.30859891608391604 0.17206796028037383 0.28038993006993007 0.10321178037383177 0.29595618181818184 0.08673056775700934 0.3201324895104895 0.08478702570093458 0.35850025174825173 0.0962862453271028 0.3863384615384616 0.11584068925233645 0.3941642762237762 0.21124642523364487 0.38733931818181816 0.20331570794392523 0.3353904195804196 0.21801266822429907 0.3232694545454545 0.19916496495327102 0.3014917272727273 0.17298617757009346 0.30859891608391604
0 0.3786886845794392 0.30216449650349647 0.40325990654205607 0.3036246713286713 0.4138235186915888 0.28042945804195807 0.3207320934579439 0.2647351363636363 0.2581468855140187 0.27234433916083917 0.2764645280373832 0.3045860034965035 0.3520146261682243 0.3653845 0.33890783878504677 0.34611365734265737 0.3510964088785047 0.3371755174825175 0.3397912686915888 0.32867376573426577 0.38372285514018695 0.3186232972027972 0.3786886845794392 0.30216449650349647
0 0.30402201635514015 0.2239261083916084 0.29937600467289716 0.2461402272727273 0.3101510887850467 0.26510591258741256 0.4140002056074767 0.27694147902097904 0.4182928457943925 0.2617033146853147 0.41075028738317754 0.24842733566433567 0.30402201635514015 0.2239261083916084
0 0.34037392523364485 0.02669498951048951 0.3381342780373832 0.03703545104895105 0.37153703738317756 0.09582907342657343 0.3842730607476636 0.09925143356643357 0.379852441588785 0.029791227272727275 0.34037392523364485 0.02669498951048951
0 0.26065802803738314 0.03742915384615385 0.2653396471962617 0.02081017132867133 0.24580023130841122 0.019277723776223776 0.24451279439252338 0.031805062937062936 0.26065802803738314 0.03742915384615385
0 0.1560737593457944 0.943650527972028 0.15999563551401869 0.9125638811188811 0.1519230186915888 0.9097518356643357 0.14494530373831774 0.9316608006993008 0.1560737593457944 0.943650527972028
0 0.23957472196261684 0.84749 0.24443220560747664 0.8674367762237762 0.22399433177570094 0.8770508496503496 0.22182192289719627 0.8504332762237762 0.20908589953271028 0.8470109160839161 0.2001298528037383 0.8616387657342657 0.19444111915887852 0.9276051958041959 0.20556957710280374 0.9395949230769232 0.19606607943925233 0.9418622657342658 0.21258207710280375 0.9633348356643356 0.2529451612149533 0.9773950594405595 0.29813094392523365 0.9657531783216783 0.29375133644859813 0.8668691503496504 0.23957472196261684 0.84749
0 0.06803389953271027 0.967239444055944 0.07052489485981309 0.9412321853146853 0.05061707710280374 0.9403823251748251 0.055297878504672895 0.9638170839160839 0.06803389953271027 0.967239444055944