0 0.12666620052083333 0.6747348759124088 0.16991084635416667 0.6906003503649635 0.17891286197916667 0.7070910547445256 0.1986552526041667 0.6925737737226277 0.21890978645833334 0.7296778613138686 0.23190066927083333 0.7027925510948905 0.25806216666666665 0.7042579671532846 0.29414655729166667 0.7407954379562044 0.29440262760416663 0.7666061167883211 0.31447742447916666 0.7484741715328467 0.362555484375 0.7689703321167883 0.3638851067708333 0.7545116605839416 0.3360098828125 0.7287888941605839 0.3528369609375 0.7173782737226277 0.3395383125 0.6761222116788321 0.37927916666666667 0.6728983357664233 0.3989452239583333 0.6878064051094891 0.41909635937499995 0.6402491094890511 0.46208493489583335 0.630303901459854 0.4717517604166667 0.6395652737226277 0.5054059166666667 0.6167440328467153 0.5563992890625 0.6341335364963504 0.6451637213541667 0.5982311313868613 0.6314563307291666 0.5900150802919708 0.6039652083333333 0.6030083357664234 0.5954236380208333 0.595808302919708 0.6007938255208333 0.5803043138686131 0.5403896953125 0.5794641204379561 0.525633390625 0.5397613868613139 0.504561375 0.5687373357664234 0.49668461197916663 0.5543079708029197 0.5108007447916666 0.5294840036496351 0.5214647864583334 0.5279013686131386 0.5327173046875 0.5485147481751824 0.5558354531249999 0.5401814854014598 0.5537893229166667 0.5195387992700731 0.5818689166666667 0.5287415620437956 0.618105984375 0.5064283284671532 0.6644949531250001 0.430911102189781 0.6136813151041667 0.4687576240875913 0.49445874739583334 0.4784292554744526 0.4712889010416667 0.44443183576642337 0.43896436718750004 0.452794401459854 0.41142154947916665 0.4234569671532847 0.49376687760416665 0.3715718649635037 0.49801181510416664 0.3540065328467153 0.45502323958333335 0.3639517372262774 0.42070427083333334 0.3940023138686131 0.392829046875 0.36827954379562045 0.3917801302083333 0.3367928576642336 0.32022688020833334 0.4000006678832117 0.32342290104166665 0.3509486496350365 0.3135000104166667 0.31587660218978103 0.2659857864583333 0.38933249270072995 0.22465923958333334 0.3812043576642336 0.20524925000000002 0.3921069671532847 0.18399750260416667 0.3658468868613139 0.1680913046875 0.39583885401459856 0.14042045312499998 0.3535960766423357 0.110346421875 0.3660813211678832 0.07229223697916666 0.2794758211678832 0.09021992447916666 0.3418825802919708 0.0833157421875 0.3883652518248175 0.098736859375 0.42083864598540144 0.07083699739583334 0.4668719160583942 0.069507375 0.48133058759124087 0.09075912239583334 0.5075906715328468 0.09027404166666668 0.5700560364963504 0.07794797135416666 0.58971200729927 0.11132142187499999 0.6128361277372263 0.12666620052083333 0.6747348759124088
0 0.2344763203125 0.1457722591240876 0.23386320572916666 0.19533228467153285 0.2512270598958333 0.16378698905109487 0.2344763203125 0.1457722591240876
0 0.28882080729166665 0.24110181751824816 0.29168442447916665 0.19566446715328467 0.24473161979166666 0.1772296423357664 0.22915782552083333 0.20360694160583942 0.24762229427083335 0.24587902189781022 0.28882080729166665 0.24110181751824816
0 0.29746577864583335 0.3329632226277372 0.32099266666666665 0.29158994525547444 0.28841206510416667 0.27414183211678833 0.2728382734375 0.3005191313868613 0.2823007265625 0.32630050729927007 0.29746577864583335 0.3329632226277372
0 0.16274575520833334 0.3395868065693431 0.17427897916666668 0.3142548284671533 0.14369281250000002 0.2751187116788321 0.13970394270833333 0.31849472262773726 0.16274575520833334 0.3395868065693431
0 0.7668387447916666 0.39031939781021896 0.7186080130208333 0.4286739379562044 0.7300649010416667 0.4327673065693431 0.7668387447916666 0.39031939781021896
0 0.8352476692708333 0.418494295620438 0.8067593307291667 0.44233155474452557 0.8211315364583333 0.44331826277372266 0.8352476692708333 0.418494295620438
0 0.8665749869791667 0.4209757299270073 0.84683259375 0.43549301094890513 0.8765742161458333 0.42662243065693434 0.8665749869791667 0.4209757299270073
0 0.9211484843750001 0.4280292372262774 0.9209441119791667 0.4445492481751825 0.9385640364583333 0.43881463138686133 0.9211484843750001 0.4280292372262774
0 0.939457859375 0.3433092518248175 0.9360057682291667 0.36655058394160583 0.95170759375 0.35307862773722626 0.939457859375 0.3433092518248175
0 0.9313520859375001 0.41715593430656933 0.9389727786458333 0.4057746131386861 0.9267230442708333 0.3960052372262774 0.9205600104166667 0.4058332262773722 0.9313520859375001 0.41715593430656933
0 0.9628591354166667 0.47487339416058394 0.9685617291666667 0.45575473722627735 0.9514785833333333 0.4413546751824817 0.9488193359375 0.4702720145985402 0.9628591354166667 0.47487339416058394
0 0.75436 0.46882606934306575 0.7692443411458334 0.5214341423357663 0.8370647890625 0.5274130291970802 0.8446854843749999 0.5160317153284671 0.8525105494791667 0.4881303868613139 0.8456310052083333 0.46285701824817516 0.7750996093750001 0.4434647883211679 0.7586049375 0.4512607408759124 0.75436 0.46882606934306575
0 0.6581546041666667 0.5713458248175183 0.6556997317708334 0.5837431569343066 0.6678214296874999 0.5806071897810219 0.6581546041666667 0.5713458248175183
0 0.6656472630208333 0.5470591642335767 0.6551112578125 0.5615471386861314 0.6698158645833333 0.5589191861313868 0.6656472630208333 0.5470591642335767
0 0.691271984375 0.5686592591240875 0.7018079921874999 0.5541712810218978 0.6902230703125 0.5371725729927007 0.6759789010416667 0.549091200729927 0.6757745286458333 0.5656112080291971 0.691271984375 0.5686592591240875
0 0.6374913307291666 0.5672817554744526 0.6365704505208333 0.5487004087591241 0.6217378072916667 0.5384230255474453 0.5864979583333333 0.5498922518248175 0.5956280078125 0.579288295620438 0.6374913307291666 0.5672817554744526
0 0.5508247265625 0.6661575364963503 0.5502362526041666 0.6439615218978102 0.5255324140625001 0.6409427737226278 0.5194974114583334 0.663676102189781 0.5075800833333334 0.6502920583941606 0.5065828671875 0.6611360583941607 0.48300427864583334 0.6601786532846715 0.4820833958333333 0.6415973029197081 0.4563823385416667 0.6494225620437956 0.4621366328125 0.672634594890511 0.44165309114583334 0.7238065547445255 0.4926981614583333 0.7835267481751825 0.5107785260416667 0.7870828102189781 0.505484671875 0.7731614525547446 0.5156882734375 0.7622881423357665 0.5499309062500001 0.7616629160583942 0.5559659088541666 0.738929591240876 0.5896200651041666 0.7161083503649635 0.5725369166666666 0.7017082883211678 0.5747357239583334 0.6635002773722628 0.5508247265625 0.6661575364963503
0 0.4008633203125 0.6955437445255473 0.3789467604166667 0.6765130036496351 0.35191608072916664 0.6987969270072993 0.3602532838541667 0.7225169671532847 0.35342543750000005 0.7395742846715329 0.36759326822916666 0.75708100729927 0.3665197135416667 0.7973503613138686 0.3943949375 0.8230731277372263 0.40605619791666664 0.81064649270073 0.4150582109375 0.827137193430657 0.4443393958333333 0.8089759452554744 0.4639020572916666 0.7392226350364963 0.4549000442708333 0.7227319306569343 0.4590169453125 0.6922612591240876 0.4502710026041667 0.7015812408759124 0.43809760416666665 0.6623865109489051 0.4133937630208333 0.6593677664233576 0.4008633203125 0.6955437445255473
0 0.505332 0.8320121496350364 0.48996257812500005 0.8418694379562044 0.45121894010416663 0.8342493138686132 0.4464372265625 0.8719493175182481 0.5066369817708333 0.8893095182481752 0.5185026145833334 0.8603628722627737 0.505332 0.8320121496350364
0 0.5527355703125 0.1163665802919708 0.5421995598958333 0.13085455474452556 0.5005406067708333 0.12634108394160584 0.49079744531249997 0.14650506569343064 0.4764252395833333 0.14551835401459853 0.4682677708333333 0.17703434671532847 0.489391484375 0.19038908394160584 0.5734505390625 0.16276133576642338 0.5769026302083333 0.13951999999999998 0.5527355703125 0.1163665802919708
0 0.6526515442708333 0.20225893795620437 0.6390721848958333 0.20694823357664235 0.6362849036458333 0.22296023357664235 0.6537004557291667 0.23374562773722626 0.679733921875 0.22230570072992703 0.6721895625 0.20426166788321168 0.6526515442708333 0.20225893795620437
0 0.8040459661458333 0.2430754379562044 0.7986757786458334 0.2585794306569343 0.8137127916666667 0.2523368065693431 0.8040459661458333 0.2430754379562044
0 0.7803910416666667 0.2715433795620438 0.7735631953125001 0.28860070072992705 0.7850200833333334 0.29269406934306574 0.7803910416666667 0.2715433795620438
0 0.748654984375 0.3021019635036496 0.7400370729166666 0.3243272810218978 0.7579894036458333 0.314977996350365 0.748654984375 0.3021019635036496
0 0.7520085208333334 0.5658847810218978 0.7370478411458333 0.5427020547445256 0.7261794270833333 0.5608046970802919 0.7065133723958333 0.5458966277372262 0.6909395781250001 0.5722739233576642 0.6893538854166666 0.5609219160583941 0.6820656015625 0.5686885656934306 0.6947757734375001 0.5877486131386861 0.7043145651041667 0.5841046423357664 0.6916560885416666 0.6073752810218979 0.6954922838541666 0.6228499671532847 0.6760822942708334 0.6337525766423358 0.68587715625 0.6559192883211679 0.6962851302083334 0.6285259744525548 0.7078700520833333 0.6455246824817518 0.743698375 0.6562514708029197 0.7743091822916667 0.6236315510948905 0.7751266692708333 0.5575515145985401 0.7565858645833333 0.5447047846715328 0.7520085208333334 0.5658847810218978