0 0.3912081304347826 0.5701022207792208 0.3999153369565217 0.5972248636363636 0.42193607608695655 0.5968537012987013 0.42838303260869565 0.604765448051948 0.4263453152173913 0.6187018441558442 0.44493276811594207 0.6360334545454546 0.4619021123188406 0.6239841623376623 0.4917653695652174 0.6277583571428571 0.5012259963768116 0.6612846298701299 0.5213202826086957 0.6914235064935065 0.5325960942028986 0.6778660909090909 0.52656875 0.6266370454545455 0.5307554528985508 0.6153378961038961 0.5451562028985507 0.6439686558441559 0.5557898586956521 0.6405812532467532 0.5611495942028986 0.5923684350649351 0.5788723586956521 0.5867227727272727 0.5929393007246377 0.5656325909090909 0.5897030905797102 0.5068707727272728 0.5811071485507247 0.49632177922077925 0.5823914492753623 0.4759817532467533 0.565952981884058 0.4612873896103896 0.5566894311594204 0.3512965194805195 0.5502424746376812 0.3433847792207792 0.5196257971014493 0.33320694805194806 0.4998653152173913 0.352789 0.4905159565217392 0.3358363766233766 0.4763377427536231 0.3403529025974026 0.4509949927536232 0.37500049999999996 0.42693653985507246 0.3893080584415584 0.40265555072463766 0.37046833766233767 0.3947017572463768 0.34974932467532466 0.3782632934782608 0.33505496103896104 0.3534514202898551 0.3429588896103896 0.3630233188405797 0.3930588116883117 0.39310911594202896 0.4299802987012987 0.36690167753623193 0.4416506103896104 0.37131091666666666 0.46349875324675327 0.3664820688405797 0.48496791558441554 0.3701378876811594 0.5004124285714285 0.38292053260869563 0.4996622792207792 0.3838964855072464 0.5392132012987013 0.39249242753623187 0.5497621948051947 0.3912081304347826 0.5701022207792208
0 0.5726828224637681 0.2996962987012987 0.5668780144927537 0.281614538961039 0.5505508188405797 0.2834938246753247 0.5514155036231884 0.30647110389610394 0.5578624601449276 0.3143828506493507 0.5684961195652174 0.31099544805194806 0.5726828224637681 0.2996962987012987
0 0.6204659239130434 0.22136024025974027 0.6246526231884058 0.2100610974025974 0.6118699782608695 0.21081124025974027 0.6112278297101449 0.22098125974025976 0.6204659239130434 0.22136024025974027
0 0.2978512608695652 0.5267614675324676 0.3042982173913043 0.5346732207792207 0.31417845652173915 0.5248821883116883 0.3183651630434783 0.5135830454545455 0.31964946014492757 0.49324301298701295 0.3153514891304348 0.48796851298701294 0.3061133985507246 0.48758953246753245 0.2955910072463768 0.5075505779220779 0.2978512608695652 0.5267614675324676
0 0.26154104710144926 0.515075525974026 0.26067635869565214 0.49209824675324676 0.25143826811594205 0.4917192662337662 0.2472515652173913 0.503018409090909 0.24800498188405798 0.5094220389610389 0.2544519420289855 0.5173337922077922 0.26154104710144926 0.515075525974026
0 0.0736797427536232 0.5749195779220779 0.06949303985507246 0.5862187207792208 0.07024645652173912 0.5926223506493506 0.0972073115942029 0.5873556753246754 0.10064059782608696 0.5696528896103896 0.09279807246376812 0.565507525974026 0.08355998550724637 0.5651285454545455 0.08076884782608695 0.5726613116883117 0.0736797427536232 0.5749195779220779
0 0.1144850036231884 0.5154154285714285 0.11437373913043478 0.4988417792207792 0.10159109420289854 0.4995919285714286 0.10170235869565217 0.5161655714285714 0.1144850036231884 0.5154154285714285
0 0.35782577898550727 0.6770690454545454 0.362012481884058 0.6657698961038961 0.3527743913043478 0.6653909155844157 0.3521322391304348 0.6755609285714286 0.35782577898550727 0.6770690454545454
0 0.554950634057971 0.7272158636363636 0.5591373369565217 0.7159167142857144 0.5568770833333333 0.6967058246753247 0.5525791123188405 0.6914313246753246 0.5419454528985507 0.6948187207792208 0.5449591268115942 0.7204332467532467 0.5514060797101449 0.728345 0.554950634057971 0.7272158636363636
0 0.47728823550724636 0.27029194155844155 0.4787950760869565 0.2830992077922078 0.4844886123188406 0.2846073246753247 0.4851307608695652 0.2744373116883117 0.4808327934782608 0.2691628116883117 0.47728823550724636 0.27029194155844155
0 0.36644718115942027 0.7972299220779221 0.36494034420289856 0.7844226623376623 0.3592468079710145 0.782914551948052 0.3522689710144927 0.801746461038961 0.3530223876811594 0.8081500909090908 0.36226047826086955 0.8085290714285714 0.36644718115942027 0.7972299220779221
0 0.44367392753623186 0.7659853701298701 0.4414136739130435 0.7467744740259741 0.43432456884057974 0.7490327402597403 0.43228685144927537 0.7629691363636364 0.43594267028985506 0.7784136493506494 0.43948722463768114 0.7772845194805195 0.44367392753623186 0.7659853701298701
0 0.4263707753623189 0.7283137272727273 0.4264820434782609 0.7448873766233766 0.43217558333333334 0.7463954935064935 0.43636228260869564 0.7350963441558441 0.435608865942029 0.7286927142857142 0.4263707753623189 0.7283137272727273
0 0.4947186956521739 0.8560230129870129 0.49042072463768116 0.850748512987013 0.4882717427536232 0.8481112597402598 0.4840850362318841 0.859410409090909 0.4877408586956522 0.8748549155844155 0.4962255326086957 0.8688302727272726 0.4947186956521739 0.8560230129870129
0 0.5764150289855073 0.6439764675324675 0.5815776884057972 0.6722282467532468 0.5851222391304348 0.671099116883117 0.5893089384057971 0.6597999675324675 0.5870486847826087 0.6405890714285715 0.5764150289855073 0.6439764675324675
0 0.6010043623188406 0.6029252467532468 0.5994975253623188 0.590117987012987 0.5924084202898551 0.5923762467532467 0.5960642391304348 0.6078207662337662 0.6010043623188406 0.6029252467532468
0 0.35715816666666667 0.5776271688311688 0.3605914528985507 0.5599243961038961 0.3478088079710145 0.5606745389610389 0.3479200760869565 0.5772481883116883 0.35715816666666667 0.5776271688311688
0 0.36745802173913045 0.5245188376623376 0.362406634057971 0.5128407077922078 0.35671309420289854 0.511332590909091 0.3525263876811594 0.5226317337662337 0.35618221014492757 0.5380762532467532 0.3632713188405797 0.535817987012987 0.36745802173913045 0.5245188376623376
0 0.38950421739130436 0.6337595584415585 0.4020643260869565 0.5998621168831169 0.39637078623188404 0.598354 0.39078851449275365 0.6134195259740259 0.3766103043478261 0.6179360649350649 0.37596815579710147 0.6281060714285714 0.38950421739130436 0.6337595584415585
0 0.4321501231884058 0.6367836103896104 0.42785215217391304 0.6315091103896104 0.42570316304347827 0.6288718571428571 0.4187253297101449 0.6477037662337662 0.4216277282608696 0.6567446558441559 0.4301124057971014 0.65072 0.4321501231884058 0.6367836103896104
0 0.5603612898550725 0.8982268181818183 0.5540256014492754 0.9068887142857144 0.5533834528985507 0.9170587272727273 0.5626215471014493 0.9174377077922078 0.5625102753623189 0.900864064935065 0.5603612898550725 0.8982268181818183
0 0.606663018115942 0.9166953701298701 0.6137521231884058 0.9144371103896104 0.6180500942028986 0.9197116038961038 0.6164319855072464 0.8903307012987013 0.6071938949275362 0.8899517142857142 0.5994626413043478 0.9023800000000001 0.6002160579710144 0.9087836298701298 0.606663018115942 0.9166953701298701
0 0.41835663768115944 0.9102448441558442 0.4091185471014493 0.9098658571428571 0.40696955797101453 0.9072286103896104 0.4041784239130435 0.9147613766233766 0.3956937536231884 0.9207860194805195 0.40440096376811596 0.9479086688311689 0.4234080253623188 0.921922974025974 0.42770599637681156 0.927197474025974 0.4354372536231884 0.9147691948051949 0.4325348478260869 0.9057283116883117 0.4254457427536232 0.907986577922078 0.42265460869565213 0.9155193441558442 0.41835663768115944 0.9102448441558442
0 0.5550713260869565 0.32191561038961036 0.5544291739130435 0.3320856298701299 0.5608761340579711 0.33999737012987014 0.5644206847826088 0.33886824025974027 0.5643094202898551 0.32229459740259736 0.5550713260869565 0.32191561038961036
0 0.3155485652173913 0.4115039220779221 0.31543729710144924 0.3949302727272727 0.3026546521739131 0.3956804220779221 0.3027659202898551 0.41225407142857146 0.3155485652173913 0.4115039220779221
0 0.22146374275362318 0.47137141558441564 0.23145525 0.478154038961039 0.237037518115942 0.46308850649350647 0.24552219202898554 0.45706385714285713 0.23628410144927534 0.45668487012987014 0.22983714855072465 0.4487731298701299 0.22414360869565217 0.447265012987013 0.21995690217391306 0.4585641558441559 0.22146374275362318 0.47137141558441564
0 0.24284232608695655 0.48117026623376624 0.2422001775362319 0.4913402792207792 0.2472515652173913 0.503018409090909 0.2444604311594203 0.5105511818181818 0.2665924347826087 0.5267536558441559 0.2736815398550725 0.5244953896103896 0.2735702717391304 0.5079217402597402 0.26572775 0.5037763766233767 0.26422090942028986 0.4909691168831169 0.2698031847826087 0.47590358441558445 0.24284232608695655 0.48117026623376624