0 0.05641025641025641 0.2375 0.03205128205128205 0.21428571428571427 0.00641025641025641 0.21785714285714286 0 0.29464285714285715 0.03076923076923077 0.3053571428571429 0.05384615384615385 0.2875 0.05641025641025641 0.2375
0 0 0.4303571428571429 0.041025641025641026 0.4446428571428571 0.07179487179487179 0.4017857142857143 0.06923076923076923 0.3732142857142857 0.052564102564102565 0.3357142857142857 0.014102564102564103 0.33214285714285713 0 0.3482142857142857 0 0.4303571428571429
0 0.057692307692307696 0.5964285714285714 0.06153846153846154 0.6125 0.06666666666666667 0.6017857142857143 0.057692307692307696 0.5964285714285714
0 0.17692307692307693 0.5696428571428571 0.18076923076923077 0.5857142857142857 0.2076923076923077 0.5839285714285715 0.20384615384615384 0.5535714285714286 0.17692307692307693 0.5696428571428571
0 0.24615384615384617 0.46964285714285714 0.22948717948717948 0.44642857142857145 0.20384615384615384 0.45 0.2 0.49107142857142855 0.21666666666666667 0.5107142857142857 0.23076923076923078 0.5089285714285714 0.24615384615384617 0.49464285714285716 0.24615384615384617 0.46964285714285714
0 0.12435897435897436 0.475 0.12051282051282051 0.49107142857142855 0.13076923076923078 0.49464285714285716 0.1358974358974359 0.48035714285714287 0.12435897435897436 0.475
0 0.17051282051282052 0.2357142857142857 0.15897435897435896 0.25892857142857145 0.1794871794871795 0.2767857142857143 0.19487179487179487 0.2517857142857143 0.17051282051282052 0.2357142857142857
0 0.45 0.4357142857142857 0.4794871794871795 0.41964285714285715 0.4756410256410256 0.39285714285714285 0.43974358974358974 0.39285714285714285 0.4346153846153846 0.37857142857142856 0.42435897435897435 0.3892857142857143 0.4256410256410256 0.35535714285714287 0.39871794871794874 0.3357142857142857 0.36538461538461536 0.35 0.3346153846153846 0.34285714285714286 0.3217948717948718 0.37857142857142856 0.32051282051282054 0.3410714285714286 0.34615384615384615 0.33035714285714285 0.33205128205128204 0.32857142857142857 0.3269230769230769 0.30357142857142855 0.3 0.30178571428571427 0.3076923076923077 0.3375 0.2858974358974359 0.3464285714285714 0.2846153846153846 0.36607142857142855 0.31025641025641026 0.38392857142857145 0.31025641025641026 0.4303571428571429 0.32564102564102565 0.43392857142857144 0.31666666666666665 0.4392857142857143 0.3423076923076923 0.45 0.39871794871794874 0.44285714285714284 0.3769230769230769 0.4303571428571429 0.40384615384615385 0.41785714285714287 0.4064102564102564 0.43214285714285716 0.4217948717948718 0.41785714285714287 0.4205128205128205 0.46964285714285714 0.4282051282051282 0.4732142857142857 0.45384615384615384 0.45535714285714285 0.45 0.4357142857142857
0 0.35 0.1357142857142857 0.3435897435897436 0.15535714285714286 0.358974358974359 0.16607142857142856 0.36666666666666664 0.14464285714285716 0.35 0.1357142857142857
0 0.4807692307692308 0.125 0.47692307692307695 0.14821428571428572 0.49230769230769234 0.15535714285714286 0.5 0.13392857142857142 0.4807692307692308 0.125
0 0.514102564102564 0.2 0.5102564102564102 0.22678571428571428 0.5230769230769231 0.23392857142857143 0.5358974358974359 0.21607142857142858 0.514102564102564 0.2
0 0.47435897435897434 0.14464285714285716 0.45384615384615384 0.1125 0.46153846153846156 0.09107142857142857 0.45 0.07857142857142857 0.4371794871794872 0.10714285714285714 0.4064102564102564 0.11785714285714285 0.38974358974358975 0.15535714285714286 0.40384615384615385 0.21071428571428572 0.4461538461538462 0.21964285714285714 0.47435897435897434 0.18035714285714285 0.47435897435897434 0.14464285714285716
0 0.3141025641025641 0.05714285714285714 0.367948717948718 0.05357142857142857 0.3769230769230769 0.026785714285714284 0.34487179487179487 0.010714285714285714 0.40512820512820513 0.005357142857142857 0.24358974358974358 0.008928571428571428 0.2858974358974359 0.010714285714285714 0.25384615384615383 0.030357142857142857 0.26794871794871794 0.060714285714285714 0.2948717948717949 0.05892857142857143 0.2987179487179487 0.04642857142857143 0.3141025641025641 0.05714285714285714
0 0.7051282051282052 0.008928571428571428 0.7294871794871794 0.017857142857142856 0.7371794871794872 0.007142857142857143 0.7512820512820513 0.023214285714285715 0.7576923076923077 0 0.7051282051282052 0.008928571428571428
0 0.7923076923076923 0.0625 0.7833333333333333 0.05 0.7512820512820513 0.10178571428571428 0.7666666666666667 0.12678571428571428 0.7897435897435897 0.09821428571428571 0.7923076923076923 0.0625
0 0.8487179487179487 0.030357142857142857 0.8371794871794872 0.014285714285714285 0.8243589743589743 0.014285714285714285 0.8051282051282052 0.055357142857142855 0.8102564102564103 0.09107142857142857 0.8282051282051283 0.09821428571428571 0.8461538461538461 0.07678571428571429 0.8487179487179487 0.030357142857142857
0 0.6653846153846154 0.02857142857142857 0.658974358974359 0.048214285714285716 0.6743589743589744 0.055357142857142855 0.6794871794871795 0.0375 0.6653846153846154 0.02857142857142857
0 0.6871794871794872 0.15892857142857142 0.691025641025641 0.17857142857142858 0.7051282051282052 0.1767857142857143 0.7038461538461539 0.15357142857142858 0.6871794871794872 0.15892857142857142
0 0.6730769230769231 0.17857142857142858 0.6692307692307692 0.1982142857142857 0.6923076923076923 0.2125 0.6871794871794872 0.18392857142857144 0.6730769230769231 0.17857142857142858
0 0.8769230769230769 0.5089285714285714 0.8525641025641025 0.48214285714285715 0.8141025641025641 0.4928571428571429 0.7948717948717948 0.5339285714285714 0.8025641025641026 0.5767857142857142 0.8243589743589743 0.6 0.8743589743589744 0.6089285714285714 0.8948717948717949 0.5875 0.8769230769230769 0.5089285714285714
0 0.9153846153846154 0.38392857142857145 0.8987179487179487 0.35714285714285715 0.8589743589743589 0.3410714285714286 0.8743589743589744 0.3053571428571429 0.8641025641025641 0.2375 0.8474358974358974 0.22142857142857142 0.8141025641025641 0.225 0.7974358974358975 0.26964285714285713 0.8076923076923077 0.30178571428571427 0.7935897435897435 0.30714285714285716 0.7923076923076923 0.32321428571428573 0.8333333333333334 0.3875 0.8205128205128205 0.4303571428571429 0.8692307692307693 0.48035714285714287 0.9051282051282051 0.4589285714285714 0.9153846153846154 0.38392857142857145
0 0.9576923076923077 0.010714285714285714 0.9371794871794872 0.010714285714285714 0.9307692307692308 0.048214285714285716 0.9538461538461539 0.05892857142857143 0.9666666666666667 0.030357142857142857 0.9576923076923077 0.010714285714285714
0 0.9628205128205128 0.2392857142857143 0.9487179487179487 0.25535714285714284 0.9538461538461539 0.26964285714285713 0.9461538461538461 0.28035714285714286 0.9602564102564103 0.30357142857142855 0.9794871794871794 0.30178571428571427 1 0.25892857142857145 0.9628205128205128 0.2392857142857143
0 0.9423076923076923 0.18214285714285713 0.9243589743589744 0.18214285714285713 0.9102564102564102 0.2125 0.9256410256410257 0.25892857142857145 0.9384615384615385 0.25892857142857145 0.9564102564102565 0.2017857142857143 0.9423076923076923 0.18214285714285713
0 0.985897435897436 0.10357142857142858 0.9525641025641025 0.09285714285714286 0.9076923076923077 0.11607142857142858 0.9448717948717948 0.17857142857142858 0.9641025641025641 0.18035714285714285 0.9923076923076923 0.14821428571428572 0.985897435897436 0.10357142857142858
0 0.9871794871794872 0.5267857142857143 1 0.5339285714285714 0.9935897435897436 0.5071428571428571 0.9871794871794872 0.5267857142857143
0 0.9871794871794872 0.44107142857142856 1 0.4517857142857143 0.9987179487179487 0.4142857142857143 0.9871794871794872 0.44107142857142856
0 0.9897435897435898 0.6946428571428571 1 0.7160714285714286 0.9987179487179487 0.6571428571428571 0.9897435897435898 0.6946428571428571
0 1 0.5803571428571429 0.9884615384615385 0.575 0.9974358974358974 0.6125 0.9846153846153847 0.6375 1 0.6482142857142857 1 0.5803571428571429
0 0.9653846153846154 0.4785714285714286 0.9615384615384616 0.5053571428571428 0.982051282051282 0.5125 0.9871794871794872 0.4875 0.9653846153846154 0.4785714285714286
0 0.8653846153846154 0.7357142857142858 0.8589743589743589 0.7553571428571428 0.8743589743589744 0.7589285714285714 0.8769230769230769 0.7446428571428572 0.8653846153846154 0.7357142857142858
0 0.9115384615384615 0.8892857142857142 0.9076923076923077 0.9089285714285714 0.9230769230769231 0.9125 0.9256410256410257 0.8946428571428572 0.9115384615384615 0.8892857142857142
0 0.9294871794871795 0.7678571428571429 0.9128205128205128 0.7767857142857143 0.9051282051282051 0.7946428571428571 0.9128205128205128 0.8053571428571429 0.9358974358974359 0.7875 0.9294871794871795 0.7678571428571429
0 0.8576923076923076 0.8785714285714286 0.8487179487179487 0.9089285714285714 0.8666666666666667 0.9196428571428571 0.8769230769230769 0.8910714285714286 0.8576923076923076 0.8785714285714286
0 0.8576923076923076 0.8214285714285714 0.8435897435897436 0.8339285714285715 0.8435897435897436 0.8517857142857143 0.8615384615384616 0.8625 0.8692307692307693 0.8339285714285715 0.8576923076923076 0.8214285714285714
0 0.9576923076923077 0.8035714285714286 0.926923076923077 0.8107142857142857 0.9153846153846154 0.8339285714285715 0.9205128205128205 0.8589285714285714 0.958974358974359 0.8767857142857143 0.9666666666666667 0.8160714285714286 0.9576923076923077 0.8035714285714286
0 0.7628205128205128 0.9357142857142857 0.767948717948718 0.9107142857142857 0.782051282051282 0.9232142857142858 0.8 0.8589285714285714 0.7807692307692308 0.8142857142857143 0.7705128205128206 0.8071428571428572 0.7717948717948718 0.8267857142857142 0.7551282051282051 0.8464285714285714 0.75 0.8321428571428572 0.7192307692307692 0.8214285714285714 0.6705128205128205 0.8285714285714286 0.6602564102564102 0.8464285714285714 0.6551282051282051 0.825 0.6397435897435897 0.8214285714285714 0.5858974358974359 0.8357142857142857 0.5833333333333334 0.85 0.5615384615384615 0.8589285714285714 0.558974358974359 0.8910714285714286 0.5743589743589743 0.8982142857142857 0.5858974358974359 0.9321428571428572 0.5935897435897436 0.9178571428571428 0.6 0.9339285714285714 0.5602564102564103 0.9392857142857143 0.5602564102564103 0.95 0.6371794871794871 0.9392857142857143 0.6974358974358974 0.9482142857142857 0.7141025641025641 0.9285714285714286 0.7628205128205128 0.9357142857142857
0 0.5871794871794872 0.8053571428571429 0.5935897435897436 0.7928571428571428 0.6012820512820513 0.8035714285714286 0.6153846153846154 0.7946428571428571 0.6115384615384616 0.775 0.6307692307692307 0.7732142857142857 0.6358974358974359 0.7339285714285714 0.6487179487179487 0.7267857142857143 0.6435897435897436 0.6982142857142857 0.6564102564102564 0.6946428571428571 0.6525641025641026 0.6785714285714286 0.6641025641025641 0.6803571428571429 0.6435897435897436 0.6482142857142857 0.6576923076923077 0.6392857142857142 0.6653846153846154 0.65 0.6794871794871795 0.6303571428571428 0.6782051282051282 0.6035714285714285 0.6705128205128205 0.6321428571428571 0.6576923076923077 0.6321428571428571 0.6576923076923077 0.6214285714285714 0.6423076923076924 0.6285714285714286 0.6487179487179487 0.5875 0.6371794871794871 0.5857142857142857 0.632051282051282 0.5678571428571428 0.6141025641025641 0.5714285714285714 0.6089743589743589 0.5571428571428572 0.5987179487179487 0.5678571428571428 0.5935897435897436 0.5464285714285714 0.5820512820512821 0.5589285714285714 0.5871794871794872 0.5803571428571429 0.5628205128205128 0.5821428571428572 0.55 0.6178571428571429 0.5474358974358975 0.5928571428571429 0.5346153846153846 0.6285714285714286 0.532051282051282 0.5928571428571429 0.514102564102564 0.6071428571428571 0.5038461538461538 0.65 0.4987179487179487 0.6142857142857143 0.49743589743589745 0.6482142857142857 0.4897435897435897 0.6517857142857143 0.4948717948717949 0.6910714285714286 0.48846153846153845 0.7035714285714286 0.48333333333333334 0.6714285714285714 0.47435897435897434 0.6946428571428571 0.48205128205128206 0.7553571428571428 0.5102564102564102 0.7696428571428572 0.5128205128205128 0.7910714285714285 0.5025641025641026 0.8053571428571429 0.5102564102564102 0.8232142857142857 0.5217948717948718 0.8357142857142857 0.532051282051282 0.8214285714285714 0.5346153846153846 0.8392857142857143 0.5641025641025641 0.8446428571428571 0.6025641025641025 0.8125 0.5871794871794872 0.8053571428571429
0 0.5102564102564102 0.7732142857142857 0.48846153846153845 0.7571428571428571 0.47692307692307695 0.7696428571428572 0.47692307692307695 0.7910714285714285 0.5012820512820513 0.8285714285714286 0.5102564102564102 0.8267857142857142 0.5 0.8053571428571429 0.5102564102564102 0.7732142857142857
0 0.46923076923076923 0.6589285714285714 0.43974358974358974 0.6178571428571429 0.39615384615384613 0.6178571428571429 0.37435897435897436 0.6517857142857143 0.38461538461538464 0.6696428571428571 0.37435897435897436 0.7053571428571429 0.4064102564102564 0.7392857142857143 0.43333333333333335 0.7375 0.4641025641025641 0.7089285714285715 0.46923076923076923 0.6589285714285714
0 0.4128205128205128 0.7660714285714286 0.38076923076923075 0.7321428571428571 0.3576923076923077 0.7357142857142858 0.3282051282051282 0.7910714285714285 0.3282051282051282 0.8232142857142857 0.35512820512820514 0.8607142857142858 0.40512820512820513 0.8625 0.41794871794871796 0.8053571428571429 0.4128205128205128 0.7660714285714286
0 0.30128205128205127 0.7142857142857143 0.2948717948717949 0.7375 0.3128205128205128 0.7410714285714286 0.3153846153846154 0.7196428571428571 0.30128205128205127 0.7142857142857143
0 0.23461538461538461 0.8071428571428572 0.23333333333333334 0.8232142857142857 0.24358974358974358 0.8267857142857142 0.24615384615384617 0.8089285714285714 0.23461538461538461 0.8071428571428572
0 0.19487179487179487 0.8696428571428572 0.20512820512820512 0.8696428571428572 0.19615384615384615 0.8535714285714285 0.19487179487179487 0.8696428571428572
0 0.7307692307692307 0.4017857142857143 0.7166666666666667 0.37857142857142856 0.7038461538461539 0.37857142857142856 0.6871794871794872 0.4232142857142857 0.7128205128205128 0.4375 0.7282051282051282 0.4232142857142857 0.7307692307692307 0.4017857142857143
0 0.7666666666666667 0.4589285714285714 0.75 0.4392857142857143 0.732051282051282 0.4392857142857143 0.7153846153846154 0.4589285714285714 0.717948717948718 0.49464285714285716 0.7512820512820513 0.5089285714285714 0.7666666666666667 0.48392857142857143 0.7666666666666667 0.4589285714285714
0 0.6897435897435897 0.4375 0.6602564102564102 0.42857142857142855 0.6474358974358975 0.4 0.6243589743589744 0.4 0.6128205128205129 0.4232142857142857 0.6153846153846154 0.4446428571428571 0.6423076923076924 0.4607142857142857 0.6602564102564102 0.4928571428571429 0.6820512820512821 0.49464285714285716 0.6974358974358974 0.4660714285714286 0.6897435897435897 0.4375
0 0.7756410256410257 0.5285714285714286 0.7576923076923077 0.5285714285714286 0.7435897435897436 0.5482142857142858 0.7393153846153847 0.5803571428571429 0.7551282051282051 0.5892857142857143 0.7743589743589744 0.5875 0.7871794871794872 0.5482142857142858 0.7756410256410257 0.5285714285714286
0 0.7217948717948718 0.5964285714285714 0.6987179487179487 0.5892857142857143 0.6820512820512821 0.6267857142857143 0.6948717948717948 0.6267857142857143 0.6871794871794872 0.6553571428571429 0.7076923076923077 0.6660714285714285 0.7333333333333333 0.6339285714285714 0.7217948717948718 0.5964285714285714
0 0.7423076923076923 0.6571428571428571 0.7410256410256411 0.6732142857142858 0.7512820512820513 0.6732142857142858 0.7538461538461538 0.6625 0.7423076923076923 0.6571428571428571
0 0.9435897435897436 0.5553571428571429 0.95 0.55 0.9551282051282052 0.5678571428571428 0.958974358974359 0.5482142857142858 0.9397435897435897 0.5178571428571429 0.9141025641025641 0.5107142857142857 0.8948717948717949 0.5232142857142857 0.8871794871794871 0.5696428571428571 0.9076923076923077 0.5910714285714286 0.9512820512820512 0.5839285714285715 0.9435897435897436 0.5553571428571429
0 0.8858974358974359 0.23214285714285715 0.8871794871794871 0.2125 0.8756410256410256 0.2 0.8666666666666667 0.20892857142857144 0.8743589743589744 0.2767857142857143 0.8807692307692307 0.29285714285714287 0.9 0.29464285714285715 0.9 0.22678571428571428 0.8858974358974359 0.23214285714285715
0 0.6884615384615385 0.3464285714285714 0.6820512820512821 0.36607142857142855 0.6974358974358974 0.3767857142857143 0.7051282051282052 0.3625 0.6884615384615385 0.3464285714285714
0 0.7923076923076923 0.43392857142857144 0.8051282051282052 0.4375 0.8012820512820513 0.425 0.7923076923076923 0.43392857142857144
0 0.8128205128205128 0.42678571428571427 0.8153846153846154 0.4517857142857143 0.8269230769230769 0.425 0.8128205128205128 0.42678571428571427
0 0.6012820512820513 0.3892857142857143 0.5974358974358974 0.4089285714285714 0.6102564102564103 0.4125 0.6128205128205129 0.39464285714285713 0.6012820512820513 0.3892857142857143
0 0.6166666666666667 0.48928571428571427 0.6128205128205129 0.5089285714285714 0.6282051282051282 0.5089285714285714 0.6282051282051282 0.49107142857142855 0.6166666666666667 0.48928571428571427
0 0.6807692307692308 0.5214285714285715 0.676923076923077 0.5339285714285714 0.6871794871794872 0.5375 0.6923076923076923 0.5267857142857143 0.6807692307692308 0.5214285714285715
0 0.7102564102564103 0.5089285714285714 0.717948717948718 0.5125 0.7166666666666667 0.5 0.7102564102564103 0.5089285714285714
0 0.5269230769230769 0.43214285714285716 0.5230769230769231 0.44821428571428573 0.5333333333333333 0.4517857142857143 0.5358974358974359 0.43392857142857144 0.5269230769230769 0.43214285714285716
0 0.5076923076923077 0.3625 0.5230769230769231 0.3732142857142857 0.5217948717948718 0.35714285714285715 0.5076923076923077 0.3625
0 0.28717948717948716 0.24464285714285713 0.2987179487179487 0.2642857142857143 0.3230769230769231 0.2625 0.3269230769230769 0.23214285714285715 0.28717948717948716 0.24464285714285713