0 0.7950581395348837 0.6035714285714285 0.7718023255813954 0.5964285714285714 0.7587209302325582 0.6089285714285714 0.7718023255813954 0.6392857142857142 0.7936046511627907 0.6410714285714286 0.8052325581395349 0.6303571428571428 0.7950581395348837 0.6035714285714285
0 0.8662790697674418 0.29464285714285715 0.8837209302325582 0.2982142857142857 0.9244186046511628 0.2767857142857143 0.8662790697674418 0.29464285714285715
0 0.9418604651162791 0.33035714285714285 0.9738372093023255 0.3339285714285714 0.9781976744186046 0.32142857142857145 0.9418604651162791 0.33035714285714285
0 0.38372093023255816 0.4875 0.36627906976744184 0.4589285714285714 0.4171511627906977 0.41785714285714287 0.4331395348837209 0.42678571428571427 0.4331395348837209 0.45535714285714285 0.46656976744186046 0.48214285714285715 0.5188953488372093 0.4714285714285714 0.559593023255814 0.425 0.5930232558139535 0.4160714285714286 0.5930232558139535 0.36964285714285716 0.5813953488372093 0.3625 0.5930232558139535 0.35535714285714287 0.5915697674418605 0.325 0.5784883720930233 0.33035714285714285 0.565406976744186 0.36428571428571427 0.5479651162790697 0.3392857142857143 0.5087209302325582 0.3339285714285714 0.5436046511627907 0.2767857142857143 0.5203488372093024 0.24821428571428572 0.5218023255813954 0.2357142857142857 0.5305232558139535 0.25 0.5377906976744186 0.2375 0.5392441860465116 0.20714285714285716 0.5101744186046512 0.23214285714285715 0.4578488372093023 0.2357142857142857 0.4563953488372093 0.25535714285714284 0.4113372093023256 0.3 0.3793604651162791 0.3 0.3444767441860465 0.3392857142857143 0.30377906976744184 0.325 0.27906976744186046 0.3482142857142857 0.2703488372093023 0.4017857142857143 0.2819767441860465 0.4160714285714286 0.2441860465116279 0.4375 0.23837209302325582 0.4767857142857143 0.2747093023255814 0.5357142857142857 0.31976744186046513 0.5339285714285714 0.373546511627907 0.5 0.38372093023255816 0.4875
0 0.622093023255814 0.32321428571428573 0.622093023255814 0.31607142857142856 0.6162790697674418 0.3053571428571429 0.6162790697674418 0.2982142857142857 0.6119186046511628 0.29285714285714287 0.5944767441860465 0.2892857142857143 0.5828488372093024 0.29642857142857143 0.5755813953488372 0.3053571428571429 0.5755813953488372 0.32321428571428573 0.5828488372093024 0.33214285714285713 0.6031976744186046 0.33214285714285713 0.6061046511627907 0.3357142857142857 0.6104651162790697 0.3339285714285714 0.6148255813953488 0.33214285714285713 0.622093023255814 0.32321428571428573
0 0.6308139534883721 0.36607142857142855 0.627906976744186 0.35892857142857143 0.6177325581395349 0.35 0.6002906976744186 0.35 0.5973837209302325 0.3535714285714286 0.5886627906976745 0.35 0.5872093023255814 0.3732142857142857 0.5944767441860465 0.37857142857142856 0.6061046511627907 0.3821428571428571 0.6119186046511628 0.3892857142857143 0.6162790697674418 0.3875 0.6191860465116279 0.38035714285714284 0.6308139534883721 0.36607142857142855
0 0.5857558139534884 0.44642857142857145 0.5799418604651163 0.44642857142857145 0.5770348837209303 0.44285714285714284 0.5741279069767442 0.44642857142857145 0.5712209302325582 0.44285714285714284 0.5625 0.44285714285714284 0.559593023255814 0.4392857142857143 0.5523255813953488 0.44107142857142856 0.5537790697674418 0.44642857142857145 0.559593023255814 0.44642857142857145 0.5683139534883721 0.45357142857142857 0.5770348837209303 0.45357142857142857 0.5799418604651163 0.45714285714285713 0.5901162790697675 0.45535714285714285 0.5901162790697675 0.4517857142857143 0.5857558139534884 0.44642857142857145
0 0.6061046511627907 0.45357142857142857 0.5988372093023255 0.45535714285714285 0.5988372093023255 0.4625 0.6031976744186046 0.46785714285714286 0.6090116279069767 0.4714285714285714 0.6133720930232558 0.46964285714285714 0.6133720930232558 0.4625 0.6061046511627907 0.45357142857142857
0 0.622093023255814 0.5660714285714286 0.622093023255814 0.5589285714285714 0.6148255813953488 0.55 0.6119186046511628 0.55 0.6075581395348837 0.5553571428571429 0.6075581395348837 0.5625 0.623546511627907 0.5821428571428572 0.627906976744186 0.5803571428571429 0.6308139534883721 0.5767857142857142 0.622093023255814 0.5660714285714286
0 0.5377906976744186 0.5767857142857142 0.5305232558139535 0.5678571428571428 0.5218023255813954 0.5678571428571428 0.5145348837209303 0.5767857142857142 0.5145348837209303 0.5875 0.5218023255813954 0.5964285714285714 0.5348837209302325 0.5946428571428571 0.5377906976744186 0.5910714285714286 0.5377906976744186 0.5767857142857142
0 0.42877906976744184 0.5357142857142857 0.4258720930232558 0.5357142857142857 0.42441860465116277 0.5446428571428571 0.4375 0.5607142857142857 0.4418604651162791 0.5589285714285714 0.4418604651162791 0.5517857142857143 0.42877906976744184 0.5357142857142857
0 0.4186046511627907 0.5660714285714286 0.4186046511627907 0.5732142857142857 0.4127906976744186 0.5803571428571429 0.4127906976744186 0.5839285714285715 0.4171511627906977 0.5892857142857143 0.42441860465116277 0.5875 0.42296511627906974 0.5607142857142857 0.4186046511627907 0.5660714285714286
0 0.4476744186046512 0.5875 0.4433139534883721 0.5785714285714286 0.438953488372093 0.5803571428571429 0.438953488372093 0.5875 0.436046511627907 0.5910714285714286 0.436046511627907 0.6017857142857143 0.44040697674418605 0.6071428571428571 0.4418604651162791 0.6053571428571428 0.4476744186046512 0.5982142857142857 0.4476744186046512 0.5875
0 0.3561046511627907 0.5428571428571428 0.35319767441860467 0.5428571428571428 0.3488372093023256 0.5482142857142858 0.3488372093023256 0.5517857142857143 0.35319767441860467 0.5571428571428572 0.35755813953488375 0.5553571428571429 0.36046511627906974 0.5482142857142858 0.3561046511627907 0.5428571428571428
0 0.37790697674418605 0.5446428571428571 0.3793604651162791 0.5535714285714286 0.3866279069767442 0.5517857142857143 0.3851744186046512 0.5428571428571428 0.37790697674418605 0.5446428571428571
0 0.39244186046511625 0.49107142857142855 0.39825581395348836 0.49107142857142855 0.39680232558139533 0.4857142857142857 0.39244186046511625 0.49107142857142855
0 0.41569767441860467 0.4732142857142857 0.41424418604651164 0.4642857142857143 0.40988372093023256 0.4660714285714286 0.40988372093023256 0.4732142857142857 0.4011627906976744 0.49107142857142855 0.40261627906976744 0.5 0.40988372093023256 0.4982142857142857 0.40988372093023256 0.4875 0.41569767441860467 0.4732142857142857
0 0.42005813953488375 0.475 0.4186046511627907 0.48392857142857143 0.42296511627906974 0.48928571428571427 0.42877906976744184 0.4928571428571429 0.43023255813953487 0.49107142857142855 0.4273255813953488 0.4767857142857143 0.42005813953488375 0.475
0 0.2819767441860465 0.5375 0.27180232558139533 0.5357142857142857 0.26744186046511625 0.5410714285714285 0.26744186046511625 0.5553571428571429 0.2819767441860465 0.5553571428571429 0.28488372093023256 0.5517857142857143 0.2819767441860465 0.5375
0 0.2616279069767442 0.5303571428571429 0.2543604651162791 0.5214285714285715 0.24563953488372092 0.5214285714285715 0.24127906976744187 0.5267857142857143 0.24127906976744187 0.5410714285714285 0.24854651162790697 0.55 0.2558139534883721 0.5482142857142858 0.2616279069767442 0.5410714285714285 0.2616279069767442 0.5303571428571429
0 0.26744186046511625 0.6125 0.26308139534883723 0.6071428571428571 0.251453488372093 0.6071428571428571 0.24709302325581395 0.6160714285714286 0.25 0.6267857142857143 0.25726744186046513 0.6321428571428571 0.2616279069767442 0.6303571428571428 0.26744186046511625 0.6232142857142857 0.26744186046511625 0.6125
0 0.23837209302325582 0.6125 0.23401162790697674 0.6071428571428571 0.22819767441860464 0.6071428571428571 0.2238372093023256 0.6125 0.2238372093023256 0.6196428571428572 0.22819767441860464 0.625 0.23546511627906977 0.6232142857142857 0.23837209302325582 0.6196428571428572 0.23837209302325582 0.6125
0 0.25726744186046513 0.5357142857142857 0.25872093023255816 0.5267857142857143 0.25290697674418605 0.5160714285714286 0.2558139534883721 0.5125 0.24854651162790697 0.5035714285714286 0.24563953488372092 0.5035714285714286 0.22674418604651161 0.5375 0.25 0.5375 0.2543604651162791 0.5321428571428571 0.25726744186046513 0.5357142857142857
0 0.2369186046511628 0.46785714285714286 0.23401162790697674 0.4714285714285714 0.22238372093023256 0.4714285714285714 0.2180232558139535 0.4767857142857143 0.22238372093023256 0.48214285714285715 0.23255813953488372 0.48035714285714287 0.23837209302325582 0.4732142857142857 0.2369186046511628 0.46785714285714286
0 0.1686046511627907 0.4125 0.16424418604651161 0.40714285714285714 0.15261627906976744 0.40714285714285714 0.14534883720930233 0.41964285714285715 0.14534883720930233 0.42678571428571427 0.15261627906976744 0.4357142857142857 0.16569767441860464 0.43392857142857144 0.1686046511627907 0.4303571428571429 0.1686046511627907 0.4125
0 0.19476744186046513 0.39107142857142857 0.1875 0.37857142857142856 0.17587209302325582 0.37857142857142856 0.1686046511627907 0.39107142857142857 0.1686046511627907 0.3982142857142857 0.17587209302325582 0.40714285714285714 0.1816860465116279 0.4107142857142857 0.18313953488372092 0.4089285714285714 0.19186046511627908 0.40535714285714286 0.19476744186046513 0.39107142857142857
0 0.14244186046511628 0.4446428571428571 0.13953488372093023 0.4375 0.12936046511627908 0.4357142857142857 0.12209302325581395 0.4446428571428571 0.12209302325581395 0.45535714285714285 0.12645348837209303 0.4607142857142857 0.13953488372093023 0.4589285714285714 0.14244186046511628 0.45535714285714285 0.14244186046511628 0.4446428571428571
0 0.08866279069767442 0.45 0.08284883720930232 0.45 0.07848837209302326 0.45535714285714285 0.08139534883720931 0.4660714285714286 0.08866279069767442 0.475 0.09593023255813954 0.4732142857142857 0.09593023255813954 0.4589285714285714 0.08866279069767442 0.45
0 0.08430232558139535 0.4875 0.07703488372093023 0.4857142857142857 0.07267441860465117 0.49107142857142855 0.07994186046511628 0.5 0.08139534883720931 0.4982142857142857 0.08430232558139535 0.49464285714285716 0.08430232558139535 0.4875
0 0.18459302325581395 0.3392857142857143 0.18023255813953487 0.34464285714285714 0.18459302325581395 0.35 0.18895348837209303 0.3482142857142857 0.1875 0.3392857142857143 0.18459302325581395 0.3392857142857143
0 0.24273255813953487 0.34285714285714286 0.2369186046511628 0.34285714285714286 0.23255813953488372 0.3482142857142857 0.2369186046511628 0.3535714285714286 0.2441860465116279 0.3517857142857143 0.24709302325581395 0.3482142857142857 0.24273255813953487 0.34285714285714286
0 0.23401162790697674 0.3821428571428571 0.23255813953488372 0.39107142857142857 0.2369186046511628 0.3964285714285714 0.24127906976744187 0.39464285714285713 0.24127906976744187 0.38392857142857145 0.23401162790697674 0.3821428571428571
0 0.3793604651162791 0.21428571428571427 0.3706395348837209 0.21428571428571427 0.36627906976744184 0.21964285714285714 0.36627906976744184 0.22321428571428573 0.3706395348837209 0.22857142857142856 0.3808139534883721 0.22678571428571428 0.38372093023255816 0.21964285714285714 0.3793604651162791 0.21428571428571427
0 0.4418604651162791 0.1875 0.4418604651162791 0.1732142857142857 0.4375 0.16428571428571428 0.42296511627906974 0.16428571428571428 0.4127906976744186 0.1767857142857143 0.41569767441860467 0.19464285714285715 0.42296511627906974 0.20357142857142857 0.4273255813953488 0.2017857142857143 0.4316860465116279 0.2 0.4418604651162791 0.1875
0 0.4811046511627907 0.18214285714285713 0.47238372093023256 0.17857142857142858 0.46511627906976744 0.18392857142857144 0.46511627906976744 0.19464285714285715 0.4694767441860465 0.2 0.4796511627906977 0.1982142857142857 0.48255813953488375 0.19464285714285715 0.4811046511627907 0.18214285714285713
0 0.7659883720930233 0.19285714285714287 0.7630813953488372 0.19285714285714287 0.7616279069767442 0.1982142857142857 0.7543604651162791 0.20714285714285716 0.75 0.20892857142857144 0.751453488372093 0.21428571428571427 0.7703488372093024 0.2125 0.7732558139534884 0.20535714285714285 0.7659883720930233 0.19285714285714287
0 0.688953488372093 0.3625 0.6758720930232558 0.3607142857142857 0.6686046511627907 0.36964285714285716 0.6686046511627907 0.3767857142857143 0.6656976744186046 0.38035714285714284 0.6700581395348837 0.38571428571428573 0.6729651162790697 0.38571428571428573 0.6758720930232558 0.39285714285714285 0.6831395348837209 0.39107142857142857 0.688953488372093 0.38392857142857145 0.688953488372093 0.3625
0 0.4941860465116279 0.5196428571428572 0.4956395348837209 0.5285714285714286 0.502906976744186 0.5267857142857143 0.501453488372093 0.5178571428571429 0.4941860465116279 0.5196428571428572
0 0.30523255813953487 0.12678571428571428 0.3066860465116279 0.1392857142857143 0.3168604651162791 0.1375 0.31540697674418605 0.125 0.30523255813953487 0.12678571428571428
0 0.17732558139534885 0.12678571428571428 0.17296511627906977 0.12142857142857143 0.16424418604651161 0.11785714285714285 0.1569767441860465 0.12678571428571428 0.15988372093023256 0.13035714285714287 0.15988372093023256 0.1375 0.17296511627906977 0.15 0.18023255813953487 0.14821428571428572 0.18023255813953487 0.13392857142857142 0.17732558139534885 0.12678571428571428
0 0.19040697674418605 0.24285714285714285 0.18895348837209303 0.25535714285714284 0.19767441860465115 0.25535714285714284 0.19767441860465115 0.24464285714285713 0.19040697674418605 0.24285714285714285
0 0.17877906976744187 0.30714285714285716 0.17587209302325582 0.30714285714285716 0.17151162790697674 0.3125 0.17151162790697674 0.31607142857142856 0.17587209302325582 0.32142857142857145 0.18023255813953487 0.3196428571428571 0.18313953488372092 0.3125 0.17877906976744187 0.30714285714285716
0 0.09156976744186046 0.34285714285714286 0.0872093023255814 0.3482142857142857 0.09156976744186046 0.3535714285714286 0.09883720930232558 0.3517857142857143 0.09738372093023256 0.34285714285714286 0.09156976744186046 0.34285714285714286
0 0.23401162790697674 0.26785714285714285 0.22819767441860464 0.26785714285714285 0.22529069767441862 0.2642857142857143 0.2238372093023256 0.2732142857142857 0.22674418604651161 0.28035714285714286 0.23546511627906977 0.28035714285714286 0.23837209302325582 0.2732142857142857 0.23401162790697674 0.26785714285714285