0 0.8534851219512196 0.07873758148148148 0.8558572286585366 0.061330307407407414 0.8390466737804878 0.06328094074074074 0.8427007256097562 0.07931711481481482 0.8534851219512196 0.07873758148148148
0 0.8359443932926829 0.6431065296296297 0.8717878810975609 0.6443221407407408 0.9019327012195123 0.6730727740740741 0.9268280487804877 0.661785962962963 0.9353760487804877 0.6204834333333333 0.911734612804878 0.5940014703703703 0.8774865487804878 0.6167871222222222 0.8790539359756099 0.5695761592592592 0.848759381097561 0.5633496777777778 0.826727387195122 0.5964750962962962 0.8432244664634146 0.6039666592592593 0.8359443932926829 0.6431065296296297
0 0.10656866768292683 0.2749174962962963 0.13065929573170731 0.2338269925925926 0.12191951524390245 0.19083532962962962 0.0966966737804878 0.1759582222222222 0.06403001524390244 0.1871390222222222 0.05008281097560975 0.21092825925925926 0.051215024390243905 0.2668958666666667 0.07469271036585366 0.28029587037037035 0.10656866768292683 0.2749174962962963
0 0.24014071036585366 0.35885124814814817 0.3046833262195122 0.3422920777777778 0.32274779268292686 0.30257267407407407 0.32606033231707315 0.2568388111111111 0.30575947256097563 0.25583522592592595 0.28735349390243903 0.2337845962962963 0.2542096097560976 0.24132562592592596 0.22853757926829266 0.2940209814814815 0.22617949085365854 0.34703437407407406 0.24014071036585366 0.35885124814814817
0 0.4972630670731707 0.45028363703703705 0.5416685701219512 0.44580283703703705 0.5618197012195122 0.4693305814814815 0.5640560945121952 0.510053574074074 0.5846704329268293 0.5016149703703703 0.5716075914634147 0.35465316296296295 0.548443381097561 0.33181097037037033 0.5027699512195122 0.3384544296296296 0.4715209481707317 0.3249484148148148 0.48879471341463415 0.2910314333333333 0.4892579176829268 0.2590650888888889 0.45644153048780484 0.29277004074074076 0.4022060792682927 0.30510991111111113 0.36907621341463415 0.34825705555555553 0.36210961890243903 0.3779547370370371 0.3330829969512195 0.3695656 0.3278615548780488 0.4007403851851852 0.30008884146341464 0.3545824777777778 0.28884124085365853 0.38712835925925926 0.24063195426829267 0.39809713333333335 0.20386204878048783 0.4608142185185185 0.19261444817073173 0.49336009999999997 0.20007228658536585 0.5029083074074074 0.16615171341463414 0.5518578814814815 0.18378100914634146 0.6153170518518518 0.21772961280487804 0.6375797111111111 0.191430625 0.7091594518518518 0.15845048780487805 0.7297824444444444 0.20539184756097562 0.7209763296296297 0.24283075609756097 0.7461932074074074 0.27105266158536584 0.7247786555555555 0.28309096646341464 0.6864303444444445 0.2737242317073171 0.6623230666666666 0.2392983993902439 0.6364206407407408 0.23865742682926827 0.6196989111111111 0.25673590853658534 0.6155856222222222 0.26465695426829267 0.5931674814814816 0.2622708292682927 0.5749686407407407 0.23530283231707316 0.5586144222222222 0.24370110365853656 0.5398360481481481 0.26702906097560974 0.5757602037037037 0.29065647865853655 0.5666360481481482 0.30509492682926825 0.5820926925925927 0.3894611768292683 0.5628973407407407 0.4143705426829268 0.5872166444444444 0.4546447682926829 0.5630598962962963 0.47876342682926826 0.5931816259259259 0.4403981036585366 0.6318974407407408 0.4221839085365854 0.6941410037037037 0.39506618292682927 0.7003109370370371 0.37303418902439023 0.7334363555555555 0.37732921341463416 0.7661942666666667 0.39351281402439026 0.7831280222222222 0.42459806707317077 0.7835520703703703 0.4472710365853659 0.7671483814814815 0.4629774115853659 0.7804423703703703 0.4913630609756097 0.7721097777777778 0.5216295792682927 0.7071240222222223 0.5171567896341464 0.625678037037037 0.5571175365853659 0.6109634851851852 0.5675744359756097 0.5842200222222222 0.552808493902439 0.5425994555555556 0.5516762804878048 0.4866318481481482 0.5348657256097561 0.4885824777777778 0.4972630670731707 0.45028363703703705
0 0.6941798841463415 0.6978514592592593 0.6735515274390244 0.6706839481481481 0.6561140182926829 0.6915189666666666 0.6684938353658536 0.7149406925925926 0.6941798841463415 0.6978514592592593
0 0.6464197865853658 0.6412477666666667 0.6392754268292683 0.6222573666666666 0.6238965487804878 0.6351273037037037 0.6323088353658537 0.6519550444444444 0.6464197865853658 0.6412477666666667
0 0.635621375 0.6062211851851852 0.621973631097561 0.5849621148148149 0.6070719786585366 0.6014718185185185 0.6184973414634146 0.6176140111111111 0.635621375 0.6062211851851852
0 0.6049993292682927 0.5738307851851852 0.6078486615853659 0.5600632777777778 0.586593350609756 0.5517801555555555 0.5881887743902439 0.5757814185185185 0.6049993292682927 0.5738307851851852
0 0.6708238932926829 0.5907150703703703 0.6611436768292683 0.5760499851851852 0.6517909603658536 0.5875488259259259 0.6597260182926828 0.6007367962962963 0.6708238932926829 0.5907150703703703
0 0.6695419451219512 0.5572716111111111 0.6603389542682927 0.5462462962962963 0.6505090152439025 0.5541053666666667 0.6584440731707316 0.5672933407407408 0.6695419451219512 0.5572716111111111
0 0.7312632652439025 0.6256921814814815 0.7276092103658537 0.6096560000000001 0.7147661859756097 0.6182006185185185 0.7192109420731707 0.6284343740740741 0.7312632652439025 0.6256921814814815
0 0.7534870426829269 0.6768609518518518 0.7620350426829269 0.6355584222222223 0.7774279359756098 0.6582946074074074 0.7980422774390243 0.649856 0.795492405487805 0.6185752 0.7475965945121951 0.6201017777777778 0.7290549024390244 0.6561814185185185 0.7388988658536585 0.683928462962963 0.7534870426829269 0.6768609518518518
0 0.8259507012195122 0.637883637037037 0.8222966493902439 0.6218474592592592 0.808976399390244 0.6267523111111112 0.813898381097561 0.6406258296296297 0.8259507012195122 0.637883637037037
0 0.8744314146341464 0.5106543259259259 0.864273975609756 0.4923494740740741 0.8428689329268292 0.5065905037037037 0.8582618323170732 0.5293266851851852 0.8744314146341464 0.5106543259259259
0 0.9296493475609756 0.5768062222222222 0.9199691341463414 0.562141137037037 0.9080805609756096 0.5779652888888889 0.916015618902439 0.5911532666666667 0.9296493475609756 0.5768062222222222
0 0.7788175609756097 0.562395562962963 0.7721504268292683 0.5470449296296297 0.7593074024390244 0.5555895481481481 0.7677196890243903 0.5724172888888889 0.7788175609756097 0.562395562962963
0 0.6232135243902439 0.5115872259259259 0.6225865670731707 0.5304716148148149 0.6519126524390244 0.49381244074074077 0.6035396219512195 0.4916992518518519 0.6006902865853658 0.5054667629629629 0.6232135243902439 0.5115872259259259
0 0.1763887987804878 0.369608 0.17829769512195123 0.3841670703703704 0.18480108231707318 0.3864357407407407 0.19859855792682926 0.3851706555555556 0.20367026829268292 0.3765200259259259 0.20969642682926828 0.37514892962962965 0.21350021341463415 0.3686609518518518 0.2027158170731707 0.3692404888888889 0.18875459451219512 0.35742361481481477 0.18621874085365853 0.3617489296296296 0.18019257926829269 0.3631200259259259 0.1763887987804878 0.369608
0 0.6044239817073171 0.32094820740740737 0.6212345365853659 0.31899757777777776 0.6296328079268293 0.3002192 0.6207432926829268 0.2797516925925926 0.6120175304878048 0.27236614444444446 0.5969521280487805 0.2757938888888889 0.5890310823170731 0.2982120296296296 0.5929986158536585 0.3048060148148148 0.5944302926829269 0.3157253185185185 0.6044239817073171 0.32094820740740737
0 0.669172399390244 0.42428934444444444 0.6755120365853658 0.41347605555555556 0.6740803597560975 0.40255675185185186 0.6683676768292682 0.39448565185185186 0.6593284390243902 0.3965422962962963 0.6504529420731707 0.41168090370370375 0.6514073932926829 0.41896043703703706 0.6583880030487805 0.42486888148148144 0.669172399390244 0.42428934444444444
0 0.703135018292683 0.48215811851851853 0.694409256097561 0.47477257037037035 0.6913961768292682 0.47545811851851855 0.687592393292683 0.48194609259259263 0.6885468445121952 0.489225625925926 0.6920371493902439 0.4921798481481481 0.696795381097561 0.4929714074074074 0.703135018292683 0.48215811851851853
0 0.6550193932926829 0.3281782740740741 0.6589869237804877 0.33477225925925924 0.6697713201219512 0.3341927259259259 0.6696075701219512 0.32111076666666666 0.6613590335365853 0.3173649851851852 0.6550193932926829 0.3281782740740741
0 0.6789602926829268 0.3096119259259259 0.675156506097561 0.31609990000000004 0.6761109573170732 0.32337943333333335 0.6796012652439024 0.32633365555555555 0.6886405030487806 0.32427700740740745 0.6849864512195122 0.3082408259259259 0.6789602926829268 0.3096119259259259
0 0.7112994542682927 0.2722672037037037 0.7074956737804878 0.27875517777777775 0.7084501219512196 0.2860347148148148 0.7119404268292683 0.2889889333333333 0.7227248201219513 0.2884093962962963 0.7281100091463415 0.2703165703703704 0.7112994542682927 0.2722672037037037
0 0.7939345731707318 0.2872008555555555 0.8007514359756098 0.280027337037037 0.7997969847560976 0.27274779629629625 0.7910712225609756 0.26536225185185186 0.7880581402439024 0.2660478 0.7842543567073171 0.2725357740740741 0.7821957286585366 0.28050085555555554 0.7891763384146341 0.2864092962962963 0.7939345731707318 0.2872008555555555
0 0.8267509603658536 0.25349590370370373 0.8305547439024391 0.2470079259259259 0.8296002926829269 0.23972839259259257 0.8243648353658536 0.23529706666666667 0.8153255945121952 0.23735371111111114 0.8115218109756097 0.2438416814814815 0.8119990365853659 0.24748145185185186 0.8189796463414634 0.2533898925925926 0.8267509603658536 0.25349590370370373
0 0.7743963780487805 0.2091826111111111 0.7683702195121951 0.21055371111111112 0.7645664329268294 0.21704168148148148 0.7715470457317073 0.2229501185185185 0.7732921981707317 0.22442723333333334 0.7796318353658537 0.21361394074074075 0.7743963780487805 0.2091826111111111
0 0.7527855396341463 0.10352333333333333 0.7610340762195122 0.10726911851851853 0.767060237804878 0.10589802222222224 0.7822893871951219 0.11555223703703703 0.7913286280487805 0.11349559259259259 0.7903741798780488 0.10621605925925927 0.7824391189024391 0.09302808518518518 0.7724454268292683 0.0878051962962963 0.7714909756097561 0.08052565555555556 0.7662555182926829 0.07609432962962963 0.7542031951219512 0.07883652222222222 0.7478635579268293 0.08964981481481481 0.7527855396341463 0.10352333333333333
0 0.7656145457317073 0.05937259999999999 0.7695820762195122 0.06596658888888889 0.7773533902439025 0.0660726 0.7836930274390244 0.05525931111111111 0.7719541829268293 0.048559311111111114 0.7656145457317073 0.05937259999999999
0 0.8290669969512194 0.09366416296296297 0.828589774390244 0.0900243962962963 0.819864012195122 0.08263884444444444 0.813837850609756 0.08400994074074074 0.8100340670731707 0.09049791481481481 0.8149560457317073 0.10437144074074073 0.8257404420731708 0.10379190370370371 0.8290669969512194 0.09366416296296297
0 0.6500273262195122 0.13627417407407408 0.6593800457317074 0.12477533333333334 0.660007 0.10589094814814815 0.6512812378048781 0.09850539999999999 0.642241993902439 0.10056204444444444 0.6303534207317073 0.11638619629629629 0.6282947896341463 0.12435128518518518 0.6362298536585366 0.13753925925925925 0.6500273262195122 0.13627417407407408
0 0.612153243902439 0.21423587407407407 0.5934337896341464 0.20162743703703703 0.5874076280487804 0.20299853333333334 0.587571375 0.2160804962962963 0.5932840579268293 0.2241515888888889 0.5980422926829269 0.22494315185185185 0.6118397652439025 0.22367806666666668 0.612153243902439 0.21423587407407407
0 0.5874216463414634 0.23860464814814814 0.5869444207317074 0.23496488148148148 0.5817089634146342 0.23053355185185184 0.5756827987804878 0.23190464814814815 0.5718790182926828 0.23839262592592594 0.5758465487804878 0.24498661111111109 0.583617862804878 0.24509262222222225 0.5874216463414634 0.23860464814814814
0 0.5105132286585365 0.2673482074074074 0.5179710640243902 0.2768964148148148 0.5257423780487804 0.2770024296296296 0.5308140884146342 0.2683517962962963 0.5393761067073171 0.2626553814814815 0.545715743902439 0.2518420925925926 0.5447612926829268 0.24456255925925927 0.536512756097561 0.24081677777777774 0.5314410426829268 0.2494674111111111 0.5163756432926829 0.25289515185185185 0.5105132286585365 0.2673482074074074
0 0.5373174756097561 0.27062046666666667 0.5335136920731708 0.2771084407407407 0.5387631676829268 0.3171458851851852 0.5422534725609756 0.32010010370370373 0.5482796341463415 0.3187290074074074 0.5473251859756098 0.3114494740740741 0.5438348780487805 0.3084952555555555 0.5419259786585366 0.29393618518518516 0.5444618353658537 0.2896108666666667 0.5430301585365853 0.278691562962963 0.5455660121951219 0.27436624814814814 0.5403305548780488 0.26993491851851853 0.5373174756097561 0.27062046666666667
0 0.5482515975609756 0.2475167777777778 0.5522191310975609 0.2541107629629629 0.5612583719512195 0.25205411851851856 0.5580815426829269 0.2396577074074074 0.5520553841463415 0.2410288037037037 0.5482515975609756 0.2475167777777778
0 0.544911024390244 0.2220384037037037 0.5439565762195122 0.21475886666666666 0.5357080335365854 0.2110130888888889 0.5271460213414634 0.2167095 0.5268325396341463 0.2261516925925926 0.5303228475609756 0.22910591481481482 0.5411072408536585 0.2285263777777778 0.544911024390244 0.2220384037037037
0 0.19048573170731709 0.32329460740740745 0.18144648780487804 0.3253512518518518 0.18017856097560975 0.3275139074074074 0.18715917073170732 0.33342234444444446 0.19493048780487804 0.33352836296296295 0.19572118902439026 0.32772593333333333 0.19048573170731709 0.32329460740740745
0 0.13475298170731706 0.5608760222222222 0.12745889329268292 0.5644097777777778 0.12841334451219513 0.5716893111111111 0.1319036493902439 0.5746435333333333 0.14094289329268295 0.5725868888888889 0.13998844207317074 0.5653073518518518 0.13475298170731706 0.5608760222222222
0 0.41486178353658537 0.6264625259259259 0.4061360213414634 0.6190769777777777 0.40312294207317073 0.619762525925926 0.3993191554878049 0.6262505 0.399796381097561 0.6298902703703704 0.40677699390243904 0.6357987074074074 0.4145483079268293 0.6359047185185186 0.41486178353658537 0.6264625259259259
0 0.6519502439024389 0.18643935925925928 0.638152768292683 0.18770444444444445 0.631813131097561 0.1985177333333333 0.6332448079268292 0.20943703703703703 0.6440291981707317 0.2088575 0.6529046951219512 0.1937188962962963 0.6519502439024389 0.18643935925925928
0 0.6985781249999999 0.18707543703703702 0.6981009024390243 0.18343567037037037 0.6928654451219511 0.17900434074074076 0.6898523597560975 0.17968988888888887 0.6860485792682927 0.18617786666666666 0.6900161097560976 0.19277185185185186 0.6947743445121951 0.1935634111111111 0.6985781249999999 0.18707543703703702
0 0.7431333597560975 0.16007048518518519 0.7432971097560976 0.17315244444444444 0.7540815 0.17257291111111112 0.7543949786585366 0.1631307148148148 0.7491595213414635 0.15869938518518517 0.7431333597560975 0.16007048518518519
0 0.7811992256097561 0.1664029740740741 0.7815127012195122 0.15696077777777778 0.7737413902439024 0.15685476666666665 0.7734279085365854 0.16629696296296295 0.7811992256097561 0.1664029740740741
0 0.37996828658536586 0.21833502222222223 0.3691838902439024 0.21891455555555556 0.3628442530487805 0.22972784814814814 0.3633214786585366 0.23336761481481483 0.3741058719512195 0.23278808148148147 0.38044551219512196 0.2219747888888889 0.37996828658536586 0.21833502222222223