0 0.6366623275862069 0.5312281149425288 0.6344886465517242 0.5483898908045978 0.6433116206896552 0.5641104425287355 0.6730878706896551 0.5680838448275862 0.6801462456896551 0.5806602873563219 0.6826354051724137 0.5780838103448276 0.6877073232758621 0.5380396781609196 0.6926856336206897 0.5328867183908046 0.6948593146551724 0.5157249425287357 0.6902900862068966 0.5005720229885057 0.6835471810344828 0.5025808735632183 0.6625939094827586 0.5143280114942528 0.6540864094827586 0.5131927586206897 0.6366623275862069 0.5312281149425288
0 0.9158324482758621 0.49576522988505745 0.8938391379310344 0.4986476666666667 0.7772232931034483 0.48017755747126434 0.725991073275862 0.5431483448275862 0.713860775862069 0.5706160344827585 0.714491724137931 0.5997866149425287 0.7073397327586207 0.6221013448275862 0.7643094655172413 0.667515816091954 0.7940857155172414 0.671489224137931 0.8452243275862068 0.6434096091954022 0.8622393275862069 0.6456801264367816 0.8697067931034482 0.637950683908046 0.8743696293103449 0.6182124310344828 0.9283128663793103 0.602141632183908 0.9578672543103448 0.5566385804597701 0.9607654913793103 0.5337562183908046 0.9561962672413793 0.5186032988505748 0.9271445775862069 0.5089092988505747 0.9158324482758621 0.49576522988505745
0 0.6659705215517241 0.7096573793103448 0.6467818405172413 0.7245486321839081 0.641078974137931 0.7354221839080459 0.6421190086206896 0.7442868850574713 0.6548802586206897 0.7459897701149426 0.6580939741379311 0.7376927011494253 0.6730289051724138 0.7222338218390805 0.6744780215517242 0.710792643678161 0.6659705215517241 0.7096573793103448
0 0.7298010905172414 0.44476304597701144 0.7436023793103448 0.45533063793103445 0.7528344353448276 0.45074531034482757 0.7610264612068967 0.43729527586206896 0.7522034870689656 0.4215747298850575 0.7412068318965517 0.4230159482758621 0.7319747715517242 0.4276012816091954 0.7298010905172414 0.44476304597701144
0 0.7449232456896552 0.3595218218390805 0.734966625 0.36982774712643673 0.7342420646551724 0.37554833908045976 0.7430650387931034 0.39126888505747126 0.7558262887931034 0.39297177586206894 0.7682720603448275 0.3800893735632184 0.7647428749999999 0.37380115517241375 0.7644274008620691 0.3592158620689655 0.7449232456896552 0.3595218218390805
0 0.7701892370689655 0.19419233908045977 0.7652109224137931 0.1993452988505747 0.7630372413793104 0.21650707471264366 0.768331025862069 0.2259394022988506 0.7810922801724138 0.22764229310344825 0.7935380560344828 0.2147598908045977 0.7949871724137931 0.20331871264367818 0.7896933879310345 0.19388637931034483 0.7701892370689655 0.19419233908045977
0 0.7795270646551724 0.018011454022988503 0.7777156637931035 0.03231292528735632 0.7830094482758622 0.04174525287356322 0.791516948275862 0.04288051724137931 0.803962724137931 0.029998114942528735 0.8050495646551724 0.02141722988505747 0.7795270646551724 0.018011454022988503
0 0.982935698275862 0.06842385057471265 0.986873974137931 0.05440619540229885 0.9837070603448276 0.045257678160919544 0.9518039353448275 0.041000454022988506 0.9659207025862069 0.06615333333333334 0.982935698275862 0.06842385057471265
0 0.9481221724137932 0.2237533793103448 0.9502958534482758 0.2065916091954023 0.9332808534482759 0.20432109195402298 0.9283025431034482 0.2094740517241379 0.9261288663793104 0.22663582183908046 0.9406547068965516 0.23148282183908045 0.9481221724137932 0.2237533793103448
0 0.8809496336206897 0.4125771494252874 0.8862434181034483 0.4220094770114942 0.8979646336206897 0.41484766666666667 0.9001383103448276 0.39768590229885054 0.8948445301724137 0.38825356321839083 0.8881016206896553 0.39026241379310345 0.8831233146551725 0.39541537931034487 0.8809496336206897 0.4125771494252874
0 0.8489060948275862 0.460656683908046 0.8436123060344827 0.45122435632183905 0.8368694008620691 0.4532332068965517 0.8318910948275863 0.45838616666666665 0.8304419698275861 0.46982734482758626 0.8449678189655172 0.4746743448275862 0.8489060948275862 0.460656683908046
0 0.7831133836206897 0.3995216666666666 0.7884071681034482 0.40895399425287354 0.7969146681034484 0.4100892586206896 0.8008529439655173 0.396071591954023 0.7955591594827587 0.3866392643678161 0.7930700043103449 0.38921574137931036 0.786327099137931 0.39122459195402304 0.7831133836206897 0.3995216666666666
0 0.6170299137931035 0.44716644827586205 0.6265774482758621 0.4571664022988506 0.6382986637931034 0.4500045977011494 0.6404723448275862 0.43284282183908046 0.6351785603448276 0.4234104942528736 0.6284356551724137 0.4254193448275862 0.6192035905172414 0.4300046724137931 0.6170299137931035 0.44716644827586205
0 0.6270558232758622 0.6753781321839081 0.6323496077586207 0.684810459770115 0.6433462672413793 0.6833692356321839 0.6430307887931035 0.6687839482758621 0.6277803836206897 0.669657540229885 0.6270558232758622 0.6753781321839081
0 0.613195573275862 0.8189605172413793 0.6074927025862069 0.8298340689655173 0.616315676724138 0.8455546206896553 0.6212939913793104 0.8404016551724137 0.6298014870689655 0.8415369195402299 0.6372689525862069 0.8338074712643678 0.6379935129310346 0.8280868850574713 0.6326997284482758 0.8186545574712645 0.613195573275862 0.8189605172413793
0 0.5465846939655172 0.7984372586206896 0.5480338146551724 0.7869960804597701 0.5352725603448276 0.7852931896551725 0.5295696939655172 0.7961667413793104 0.5348634784482759 0.8055990689655173 0.5391172284482759 0.8061666954022989 0.5465846939655172 0.7984372586206896
0 0.3821965301724138 0.610708540229885 0.3871748362068966 0.6055555862068965 0.39817149137931035 0.6041143620689655 0.39889605603448275 0.598393775862069 0.3936022672413793 0.588961448275862 0.3783518620689655 0.5898350344827586 0.37690274568965515 0.6012762126436781 0.3821965301724138 0.610708540229885
0 0.7188737284482759 0.6847218793103448 0.7224029181034483 0.6910100977011495 0.7436716681034482 0.6938482471264368 0.7511391336206896 0.6861188045977011 0.7518636896551725 0.6803982183908046 0.7465699051724137 0.6709658850574712 0.7253011551724138 0.668127735632184 0.7217719698275862 0.6618395172413793 0.7150290646551724 0.6638483620689655 0.7057970043103448 0.6684337011494252 0.7050724439655173 0.6741542873563219 0.7103662284482759 0.6835866149425287 0.7188737284482759 0.6847218793103448
0 0.7807281594827585 0.7598745574712644 0.7754343793103449 0.7504422241379309 0.7686914698275862 0.7524510747126437 0.7637131637931035 0.7576040344827587 0.7622640431034483 0.7690452183908046 0.7767898879310344 0.7738922126436781 0.7807281594827585 0.7598745574712644
0 0.839743323275862 0.7037596206896551 0.8400587974137931 0.718344908045977 0.8553092025862069 0.7174713218390805 0.8549937284482758 0.7028860287356322 0.839743323275862 0.7037596206896551
0 0.3131311379310345 0.7120205747126437 0.32163864224137934 0.7131558333333333 0.32910610344827584 0.7054263908045977 0.32806606896551727 0.6965616896551724 0.31281566810344824 0.6974352816091954 0.3131311379310345 0.7120205747126437
0 0.23303445258620692 0.6955150172413793 0.25430320258620687 0.6983531666666667 0.2617706637931035 0.690623724137931 0.262495224137931 0.6849031379310345 0.25720143965517245 0.6754708045977011 0.23344353448275862 0.6752091379310344 0.22774066810344828 0.6860826896551724 0.23303445258620692 0.6955150172413793
0 0.27609896551724133 0.3725854827586207 0.2711206551724138 0.37773844827586206 0.26967153879310346 0.38917962643678156 0.2749653232758621 0.39861195977011493 0.29198031896551724 0.40088247701149426 0.2994477887931034 0.39315303448275857 0.3001723448275862 0.3874324482758621 0.29134937068965516 0.37171189655172415 0.27609896551724133 0.3725854827586207
0 0.46300745689655176 0.22882593103448273 0.4580291465517241 0.23397889080459772 0.4565800215517241 0.24542006896551724 0.4618738103448276 0.2548524022988506 0.46612756034482755 0.25542003448275863 0.47857333620689657 0.24253763218390806 0.47929789655172417 0.23681704022988506 0.4740041120689655 0.22738471264367816 0.46300745689655176 0.22882593103448273
0 0.4303329655172414 0.24773487931034482 0.4406050603448276 0.2520142528735632 0.4445433318965517 0.23799659195402298 0.43924955172413793 0.22856426436781607 0.43250664224137936 0.23057311494252875 0.4303329655172414 0.24773487931034482
0 0.41504791379310346 0.1293496724137931 0.4097541336206897 0.11991734482758622 0.40301122413793106 0.12192619540229885 0.39803291379310346 0.12707915517241378 0.39585923275862067 0.14424092528735633 0.4103850775862069 0.14908792528735632 0.41504791379310346 0.1293496724137931
0 0.038051866379310344 0.5444246551724138 0.03909190086206897 0.5532893563218391 0.050088556034482756 0.5518481379310345 0.04904852155172414 0.5429834367816092 0.038051866379310344 0.5444246551724138
0 0.08339399568965518 0.562109764367816 0.07665109051724138 0.5641186149425287 0.073437375 0.572415683908046 0.07873115948275862 0.5818480114942528 0.08723866379310345 0.5829832758620689 0.09470612499999999 0.5752538333333334 0.09543068534482758 0.5695332471264368 0.09013690086206896 0.560100908045977 0.08339399568965518 0.562109764367816
0 0.2838332629310345 0.9262588908045978 0.2746012025862069 0.9308442183908046 0.27315208620689657 0.9422854022988506 0.27844587068965515 0.9517177298850574 0.2826996206896552 0.9522853563218391 0.2901670818965517 0.9445559195402299 0.2916162025862069 0.9331147413793104 0.2863224224137931 0.923682408045977 0.2838332629310345 0.9262588908045978