0 0.5187224669603524 0.41785714285714287 0.5033039647577092 0.4142857142857143 0.4933920704845815 0.4232142857142857 0.4889867841409692 0.4589285714285714 0.5022026431718062 0.48035714285714287 0.5022026431718062 0.5017857142857143 0.5110132158590308 0.5053571428571428 0.5286343612334802 0.44107142857142856 0.5187224669603524 0.41785714285714287
0 0.4713656387665198 0.30892857142857144 0.46365638766519823 0.29642857142857143 0.45484581497797355 0.29642857142857143 0.44713656387665196 0.33035714285714285 0.4251101321585903 0.35535714285714287 0.42731277533039647 0.38035714285714284 0.44493392070484583 0.3875 0.4669603524229075 0.35535714285714287 0.4713656387665198 0.30892857142857144
0 0.4251101321585903 0.21964285714285714 0.41519823788546256 0.16785714285714284 0.3909691629955947 0.16428571428571428 0.3788546255506608 0.18035714285714285 0.3843612334801762 0.2357142857142857 0.4262114537444934 0.2357142857142857 0.43612334801762115 0.24821428571428572 0.44052863436123346 0.23392857142857143 0.4251101321585903 0.21964285714285714
0 0.5352422907488987 0.29464285714285715 0.5231277533039648 0.2571428571428571 0.5033039647577092 0.2642857142857143 0.486784140969163 0.30892857142857144 0.4889867841409692 0.3482142857142857 0.513215859030837 0.3625 0.5286343612334802 0.34464285714285714 0.5352422907488987 0.29464285714285715
0 0.5176211453744494 0.6196428571428572 0.526431718061674 0.6053571428571428 0.5187224669603524 0.5964285714285714 0.512114537444934 0.6107142857142858 0.4724669603524229 0.6 0.45374449339207046 0.6232142857142857 0.45594713656387664 0.6803571428571429 0.47026431718061673 0.7035714285714286 0.4911894273127753 0.7089285714285715 0.5198237885462555 0.6875 0.5176211453744494 0.6196428571428572
0 0.45594713656387664 0.49464285714285716 0.45374449339207046 0.4446428571428571 0.42841409691629956 0.40714285714285714 0.3931718061674009 0.4142857142857143 0.3766519823788546 0.43392857142857144 0.3722466960352423 0.4589285714285714 0.3832599118942731 0.5339285714285714 0.3997797356828194 0.5571428571428572 0.41629955947136565 0.5553571428571429 0.44162995594713655 0.5321428571428571 0.45594713656387664 0.49464285714285716
0 0.11674008810572688 0.34464285714285714 0.08700440528634361 0.30714285714285716 0.06277533039647577 0.30714285714285716 0.03524229074889868 0.3410714285714286 0.030837004405286344 0.3982142857142857 0.053964757709251104 0.44642857142857145 0.0881057268722467 0.44821428571428573 0.11674008810572688 0.4125 0.11674008810572688 0.34464285714285714
0 0.13105726872246695 0.3392857142857143 0.12555066079295155 0.36607142857142855 0.14096916299559473 0.3767857142857143 0.14977973568281938 0.3482142857142857 0.13105726872246695 0.3392857142857143
0 0.15969162995594713 0.4357142857142857 0.15418502202643172 0.4732142857142857 0.17400881057268722 0.48035714285714287 0.17841409691629956 0.4446428571428571 0.15969162995594713 0.4357142857142857
0 0.14647577092511013 0.6392857142857142 0.14317180616740088 0.6553571428571429 0.15418502202643172 0.6589285714285714 0.15859030837004406 0.6446428571428572 0.14647577092511013 0.6392857142857142
0 0.15528634361233482 0.7357142857142858 0.15198237885462554 0.7553571428571428 0.16299559471365638 0.7589285714285714 0.16519823788546256 0.7410714285714286 0.15528634361233482 0.7357142857142858
0 0.23898678414096916 0.6964285714285714 0.23348017621145375 0.7125 0.24669603524229075 0.7232142857142857 0.2511013215859031 0.7017857142857142 0.23898678414096916 0.6964285714285714
0 0.33590308370044053 0.6571428571428571 0.32819383259911894 0.6803571428571429 0.3458149779735683 0.6946428571428571 0.3524229074889868 0.6732142857142858 0.33590308370044053 0.6571428571428571
0 0.355726872246696 0.7 0.3303964757709251 0.7375 0.3303964757709251 0.7553571428571428 0.34030837004405284 0.7714285714285715 0.3590308370044053 0.7732142857142857 0.3766519823788546 0.7339285714285714 0.355726872246696 0.7
0 0.3370044052863436 0.7910714285714285 0.32268722466960353 0.7571428571428571 0.30506607929515417 0.7535714285714286 0.28193832599118945 0.7803571428571429 0.28193832599118945 0.8053571428571429 0.29845814977973567 0.8392857142857143 0.31497797356828194 0.8410714285714286 0.3303964757709251 0.8267857142857142 0.3370044052863436 0.7910714285714285
0 0.24559471365638766 0.825 0.2422907488986784 0.8410714285714286 0.2577092511013216 0.8482142857142857 0.2599118942731278 0.8303571428571429 0.24559471365638766 0.825
0 0.18722466960352424 0.9089285714285714 0.1905286343612335 0.9321428571428572 0.20704845814977973 0.9303571428571429 0.20154185022026433 0.9 0.18722466960352424 0.9089285714285714
0 0.4118942731277533 0.8089285714285714 0.39537444933920707 0.7821428571428571 0.3711453744493392 0.7821428571428571 0.35462555066079293 0.8089285714285714 0.3568281938325991 0.8482142857142857 0.3711453744493392 0.8678571428571429 0.3920704845814978 0.8696428571428572 0.40969162995594716 0.8446428571428571 0.4118942731277533 0.8089285714285714
0 0.31387665198237885 0.875 0.31057268722466963 0.9089285714285714 0.32819383259911894 0.9125 0.3303964757709251 0.8803571428571428 0.31387665198237885 0.875
0 0.4107929515418502 0.8964285714285715 0.3931718061674009 0.9 0.3788546255506608 0.9232142857142858 0.4251101321585903 0.9303571428571429 0.42290748898678415 0.9089285714285714 0.4107929515418502 0.8964285714285715
0 0.44823788546255505 0.7714285714285715 0.44273127753303965 0.7875 0.4581497797356828 0.8303571428571429 0.4581497797356828 0.7839285714285714 0.44823788546255505 0.7714285714285715
0 0.538546255506608 0.7928571428571428 0.5330396475770925 0.8089285714285714 0.5418502202643172 0.8125 0.5462555066079295 0.8017857142857143 0.538546255506608 0.7928571428571428
0 0.5165198237885462 0.825 0.5110132158590308 0.8410714285714286 0.5242290748898678 0.8553571428571428 0.5308370044052864 0.8303571428571429 0.5165198237885462 0.825
0 0.6640969162995595 0.7964285714285714 0.6541850220264317 0.8267857142857142 0.6696035242290749 0.8375 0.6784140969162996 0.8053571428571429 0.6640969162995595 0.7964285714285714
0 0.7125550660792952 0.8642857142857143 0.7026431718061674 0.8946428571428572 0.7202643171806168 0.9053571428571429 0.7290748898678414 0.8839285714285714 0.7125550660792952 0.8642857142857143
0 0.6475770925110133 0.9232142857142858 0.6674008810572687 0.9303571428571429 0.6618942731277533 0.9107142857142857 0.6475770925110133 0.9232142857142858
0 0.7389867841409692 0.775 0.7334801762114538 0.7982142857142858 0.748898678414097 0.8053571428571429 0.7533039647577092 0.7839285714285714 0.7389867841409692 0.775
0 0.7213656387665198 0.7321428571428571 0.6949339207048458 0.7107142857142857 0.6806167400881057 0.7267857142857143 0.6905286343612335 0.7678571428571429 0.6993392070484582 0.7714285714285715 0.710352422907489 0.7535714285714286 0.7202643171806168 0.7696428571428572 0.7268722466960352 0.7553571428571428 0.7213656387665198 0.7321428571428571
0 0.8645374449339207 0.8892857142857142 0.8513215859030837 0.8964285714285715 0.8502202643171806 0.9267857142857143 0.8700440528634361 0.9303571428571429 0.8744493392070485 0.9017857142857143 0.8645374449339207 0.8892857142857142
0 0.998898678414097 0.9178571428571428 0.9790748898678414 0.925 0.961453744493392 0.8892857142857142 0.9416299559471366 0.8892857142857142 0.9229074889867841 0.9160714285714285 0.9229074889867841 0.9410714285714286 0.9118942731277533 0.9589285714285715 0.9196035242290749 0.9964285714285714 0.9933920704845814 0.9982142857142857 1 0.9946428571428572 0.998898678414097 0.9178571428571428
0 0.9702643171806168 0.8035714285714286 0.9669603524229075 0.8339285714285715 0.986784140969163 0.8410714285714286 0.9911894273127754 0.8125 0.9702643171806168 0.8035714285714286
0 1 0.8625 0.9922907488986784 0.8535714285714285 0.9724669603524229 0.8571428571428571 0.9625550660792952 0.8839285714285714 0.9669603524229075 0.9089285714285714 0.9845814977973568 0.9232142857142858 1 0.9125 1 0.8625
0 0.9658590308370044 0.6464285714285715 0.9526431718061674 0.6464285714285715 0.9449339207048458 0.6803571428571429 0.9647577092511013 0.6946428571428571 0.973568281938326 0.6625 0.9658590308370044 0.6464285714285715
0 0.9317180616740088 0.6732142857142858 0.9196035242290749 0.6607142857142857 0.8821585903083701 0.6642857142857143 0.8766519823788547 0.6875 0.8876651982378855 0.7232142857142857 0.9063876651982379 0.7464285714285714 0.9185022026431718 0.7446428571428572 0.9383259911894273 0.7160714285714286 0.9317180616740088 0.6732142857142858
0 0.789647577092511 0.5857142857142857 0.7841409691629956 0.6089285714285714 0.7951541850220264 0.6125 0.7995594713656388 0.5946428571428571 0.789647577092511 0.5857142857142857
0 0.8006607929515418 0.6285714285714286 0.7951541850220264 0.6553571428571429 0.8127753303964758 0.6660714285714285 0.8193832599118943 0.6375 0.8006607929515418 0.6285714285714286
0 0.8568281938325991 0.5839285714285715 0.8469162995594713 0.55 0.8248898678414097 0.5392857142857143 0.8061674008810573 0.5625 0.8039647577092511 0.5839285714285715 0.816079295154185 0.625 0.8325991189427313 0.6267857142857143 0.8524229074889867 0.6053571428571428 0.8568281938325991 0.5839285714285715
0 0.7544052863436124 0.6607142857142857 0.7422907488986784 0.6696428571428571 0.751101321585903 0.6875 0.7577092511013216 0.6803571428571429 0.7544052863436124 0.6607142857142857
0 0.6905286343612335 0.5392857142857143 0.6850220264317181 0.5660714285714286 0.6927312775330396 0.5821428571428572 0.7048458149779736 0.5803571428571429 0.711453744493392 0.5482142857142858 0.6905286343612335 0.5392857142857143
0 0.6894273127753304 0.6053571428571428 0.6574889867841409 0.5714285714285714 0.6354625550660793 0.5714285714285714 0.6211453744493393 0.6232142857142857 0.6376651982378855 0.65 0.6563876651982379 0.6482142857142857 0.6773127753303965 0.6071428571428571 0.6894273127753304 0.6053571428571428
0 0.61765859030837 0.5758928571428571 0.6035242290748899 0.5625 0.5495594713656388 0.5571428571428572 0.5418502202643172 0.5696428571428571 0.5462555066079295 0.6053571428571428 0.5644273127753304 0.6309535714285714 0.5770925110132159 0.6160714285714286 0.6013215859030837 0.5946428571428571 0.61765859030837 0.5758928571428571
0 0.8182819383259912 0.45 0.8127753303964758 0.4732142857142857 0.8281938325991189 0.4767857142857143 0.8281938325991189 0.4517857142857143 0.8182819383259912 0.45
0 0.8270925110132159 0.4107142857142857 0.8259911894273128 0.43392857142857144 0.8370044052863436 0.43392857142857144 0.8414096916299559 0.41964285714285715 0.8270925110132159 0.4107142857142857
0 0.9107929515418502 0.31785714285714284 0.9052863436123348 0.3410714285714286 0.9162995594713657 0.3482142857142857 0.9229074889867841 0.3267857142857143 0.9107929515418502 0.31785714285714284
0 0.9041850220264317 0.19285714285714287 0.8964757709251101 0.21607142857142858 0.9118942731277533 0.22678571428571428 0.9185022026431718 0.2017857142857143 0.9041850220264317 0.19285714285714287
0 0.9019823788546255 0.2357142857142857 0.8964757709251101 0.25892857142857145 0.9118942731277533 0.26964285714285713 0.9185022026431718 0.24107142857142858 0.9019823788546255 0.2357142857142857
0 0.7984581497797357 0.3392857142857143 0.8039647577092511 0.35535714285714287 0.8061674008810573 0.3410714285714286 0.7984581497797357 0.3392857142857143
0 0.789647577092511 0.38571428571428573 0.7863436123348018 0.40535714285714286 0.7973568281938326 0.4089285714285714 0.7995594713656388 0.39107142857142857 0.789647577092511 0.38571428571428573
0 0.7687224669603524 0.24464285714285713 0.7819383259911894 0.2517857142857143 0.7830396475770925 0.24285714285714285 0.7687224669603524 0.24464285714285713
0 0.6806167400881057 0.4017857142857143 0.6574889867841409 0.37857142857142856 0.6266519823788547 0.3892857142857143 0.6200440528634361 0.4035714285714286 0.5980176211453745 0.39285714285714285 0.5947136563876652 0.41964285714285715 0.6123348017621145 0.4303571428571429 0.6211453744493393 0.4732142857142857 0.6497797356828194 0.49107142857142855 0.6828193832599119 0.4517857142857143 0.6806167400881057 0.4017857142857143
0 0.6629955947136564 0.2910714285714286 0.6420704845814978 0.26785714285714285 0.6233480176211453 0.2910714285714286 0.6233480176211453 0.3125 0.6332599118942731 0.33214285714285713 0.6497797356828194 0.3339285714285714 0.6607929515418502 0.3196428571428571 0.6629955947136564 0.2910714285714286
0 0.5914096916299559 0.2392857142857143 0.5837004405286343 0.2625 0.5969162995594713 0.26964285714285713 0.6013215859030837 0.24821428571428572 0.5914096916299559 0.2392857142857143
0 0.5484581497797357 0.12321428571428572 0.5539647577092511 0.15 0.5682819383259912 0.14821428571428572 0.5671806167400881 0.11428571428571428 0.5484581497797357 0.12321428571428572
0 0.7466960352422908 0.07321428571428572 0.7577092511013216 0.08392857142857142 0.7566079295154186 0.06785714285714285 0.7466960352422908 0.07321428571428572
0 0.7808370044052864 0.025 0.7687224669603524 0.048214285714285716 0.7819383259911894 0.06607142857142857 0.7929515418502202 0.04107142857142857 0.7808370044052864 0.025
0 0.5605726872246696 0.02857142857142857 0.5550660792951542 0.044642857142857144 0.566079295154185 0.055357142857142855 0.5726872246696035 0.0375 0.5605726872246696 0.02857142857142857
0 0.40969162995594716 0.044642857142857144 0.38876651982378857 0.04285714285714286 0.3854625550660793 0.05178571428571429 0.3964757709251101 0.05892857142857143 0.3920704845814978 0.07678571428571429 0.4052863436123348 0.08035714285714286 0.41409691629955947 0.06607142857142857 0.40969162995594716 0.044642857142857144
0 0.30506607929515417 0.04285714285714286 0.29515418502202645 0.055357142857142855 0.29955947136563876 0.08392857142857142 0.31497797356828194 0.0875 0.3237885462555066 0.0625 0.30506607929515417 0.04285714285714286
0 0.17951541850220265 0.14285714285714285 0.14537444933920704 0.15535714285714286 0.1486784140969163 0.175 0.1685022026431718 0.16785714285714284 0.19162995594713655 0.18392857142857144 0.1894273127753304 0.15535714285714286 0.17951541850220265 0.14285714285714285
0 0.14647577092511013 0.04642857142857143 0.14096916299559473 0.06964285714285715 0.15418502202643172 0.07678571428571429 0.16079295154185022 0.055357142857142855 0.14647577092511013 0.04642857142857143
0 0.00881057268722467 0.20535714285714285 0.019823788546255508 0.21607142857142858 0.018722466960352423 0.2 0.00881057268722467 0.20535714285714285
0 0.3381057268722467 0.24642857142857144 0.3303964757709251 0.2732142857142857 0.3458149779735683 0.28035714285714286 0.3524229074889868 0.25892857142857145 0.3381057268722467 0.24642857142857144
0 0.33370044052863435 0.4392857142857143 0.32819383259911894 0.4625 0.34140969162995594 0.46964285714285714 0.34801762114537443 0.44821428571428573 0.33370044052863435 0.4392857142857143
0 0.263215859030837 0.45357142857142857 0.2577092511013216 0.4660714285714286 0.2687224669603524 0.4732142857142857 0.2775330396475771 0.4589285714285714 0.263215859030837 0.45357142857142857
0 0.0473568281938326 0.6107142857142858 0.015418502202643172 0.6017857142857143 0.00881057268722467 0.6232142857142857 0.014317180616740088 0.6392857142857142 0.046255506607929514 0.6482142857142857 0.05506607929515418 0.6339285714285714 0.0473568281938326 0.6107142857142858