0 0.19619950613496934 0.5080065620155039 0.23912862883435584 0.5109366976744185 0.28485767791411043 0.5719652596899225 0.3216158251533742 0.5827862480620155 0.3123236656441718 0.602378007751938 0.3246299233128835 0.5943517829457364 0.3414037883435583 0.6153070852713178 0.3288298251533742 0.6814994224806201 0.3564742852760736 0.6731347635658914 0.2991072147239264 0.808169019379845 0.34077914110429447 0.751028011627907 0.3594169938650307 0.7002112674418605 0.4010353803680982 0.654703480620155 0.45314957361963193 0.6613082984496124 0.4654915245398773 0.6455265891472869 0.4960429969325153 0.6719939147286821 0.5207625920245399 0.632675015503876 0.5606776134969325 0.6240396124031008 0.5915324846625767 0.5845853410852713 0.6068706871165644 0.5842469108527132 0.6116416963190184 0.5473068449612403 0.6377077147239264 0.5486703798449613 0.6393575429447852 0.5234312209302325 0.6609024110429448 0.5074464534883721 0.6887788803680981 0.4486711627906977 0.7349184171779141 0.4205116860465116 0.7196516012269939 0.40533915503875967 0.7412143220858897 0.3854766434108527 0.7506135582822085 0.3426184379844961 0.7460924110429448 0.3252701317829458 0.7246010797546012 0.3296216744186047 0.6864608159509202 0.28587373643410857 0.6866571319018405 0.24321858527131782 0.7236829785276073 0.19587346124031008 0.7131336349693251 0.15539408139534883 0.6744936533742331 0.22022288372093024 0.6545093711656442 0.2303571976744186 0.6423815858895705 0.19960601550387597 0.6162798711656442 0.20599795736434107 0.6211936564417178 0.13803596511627905 0.5995417024539877 0.17728717829457363 0.5780682208588958 0.17776098062015502 0.5722006441717791 0.11973024031007752 0.5612943558282208 0.15680567829457365 0.5474632055214724 0.16292687596899225 0.5444847975460123 0.14360586046511628 0.5321606963190184 0.15550982945736433 0.5169117300613497 0.13645955426356587 0.4892851196319018 0.14094646899224808 0.4909170950920245 0.1195850542635659 0.4771751809815951 0.1063175465116279 0.4371530797546012 0.1382193953488372 0.40507670552147235 0.1098470465116279 0.38511027300613493 0.11610361627906977 0.3834961441717792 0.1335872945736434 0.4201472024539877 0.16767472480620155 0.43378203987730063 0.20420867829457365 0.415429736196319 0.19298157364341084 0.3845748619631902 0.23243584108527132 0.3324071288343558 0.23746424806201552 0.289246 0.2849447480620155 0.15418058895705522 0.3073116434108527 0.13894946932515337 0.28438362790697674 0.12816810736196318 0.29431488372093023 0.1309858926380368 0.3485355697674419 0.17045473312883436 0.4368436937984496 0.14591361042944784 0.43738517829457363 0.14259611042944784 0.49174124031007754 0.17183685582822084 0.46977064341085273 0.17463678834355828 0.5278690736434108 0.19619950613496934 0.5080065620155039
0 0.017447499999999998 0.3587954457364341 0.02961097852760736 0.38179114341085274 0.02031882208588957 0.4013829069767442 0.03712838036809816 0.41458272480620156 0.06177658588957055 0.3907747906976744 0.07399360736196318 0.40213726744186046 0.10635553067484663 0.36846576356589145 0.08486420245398774 0.37281731007751934 0.08199288036809817 0.3302298449612403 0.10045226073619631 0.318190507751938 0.10360913803680981 0.29873411627906976 0.0960381963190184 0.2775757558139535 0.08222488957055214 0.2798192131782946 0.07131860122699386 0.3168946550387597 0.04686671165644172 0.2980474379844961 0.017447499999999998 0.3587954457364341
0 0.7314759877300614 0.5020119302325582 0.7298261625766871 0.5272510891472868 0.755892180981595 0.5286146279069768 0.7314759877300614 0.5020119302325582
0 0.6560243220858896 0.567652968992248 0.6653521717791411 0.5403057209302325 0.7129630644171779 0.525684492248062 0.660973800613497 0.491935488372093 0.6547671319018404 0.5075818255813953 0.6761692269938651 0.5226189844961241 0.6362006656441718 0.5428876124031007 0.6560243220858896 0.567652968992248
0 0.7424001257668711 0.4610587480620155 0.7747263527607362 0.4351427286821705 0.7502923128834356 0.4124177713178295 0.7379860552147239 0.420444 0.7424001257668711 0.4610587480620155
0 0.26360626380368096 0.8574191744186046 0.2234413865030675 0.920342949612403 0.19989088036809818 0.9848388100775194 0.20179915030674847 0.9847967015503876 0.2696701533742331 0.8727947635658915 0.26360626380368096 0.8574191744186046
0 0.3716340153374233 0.7115737403100776 0.36218123619631903 0.7660651744186047 0.346753800613497 0.7857923062015504 0.35432474233128836 0.8069506705426357 0.37443395398773005 0.7696721705426357 0.38083693865030677 0.7113706860465117 0.3716340153374233 0.7115737403100776
0 0.5684819018404907 0.9753222519379845 0.5699419723926381 0.9437163333333334 0.5562535981595093 0.9188156046511629 0.5393726533742331 0.9211267480620154 0.5303059049079755 0.9770067558139535 0.5684819018404907 0.9753222519379845
0 1 0.5067804883720931 0.9814976042944784 0.49455663178294573 0.9323796656441719 0.5033950930232558 0.8695733466257668 0.48733282558139535 0.8710268558282208 0.5047488178294575 0.9183878895705522 0.5444159612403101 0.9121633711656442 0.5639400387596899 0.9259588312883436 0.5655743178294573 0.9319870306748466 0.5887053914728682 0.9963182423312884 0.6066726860465117 1 0.5752912286821705 1 0.5067804883720931
0 0.3570910306748466 0.2059008333333333 0.3679794693251534 0.17270313178294575 0.36195126993865034 0.14957206201550388 0.34053132822085885 0.13841263953488372 0.32817153374233127 0.1580720930232558 0.33726737116564415 0.18113547674418606 0.32492542331288343 0.19691718217054266 0.3570910306748466 0.2059008333333333
0 0.005466061349693251 0.2962467829457364 0.014665414110429447 0.29681927519379847 0.010144263803680982 0.27947097286821704 0.005538978527607361 0.2804034457364341 0.005466061349693251 0.2962467829457364
0 0.10565949693251535 0.5196976627906977 0.12119401840490798 0.4767040775193799 0.10452723312883437 0.43248233333333336 0.09527077300613497 0.4443186124031008 0.08615708588957055 0.42513296511627907 0.020211742331288342 0.4246493527131783 0.004852294478527607 0.42960413953488374 0.00455367791411043 0.4944865581395349 0.004740337423312884 0.5147559379844961 0.10565949693251535 0.5196976627906977
0 0.23107581595092022 0.5944773410852714 0.21875171472392638 0.6063813100775194 0.24332853067484664 0.5980843372093023 0.23107581595092022 0.5944773410852714
0 0.3290975337423313 0.6233333100775195 0.32769756441717796 0.5942840968992248 0.29856390490797546 0.5929882441860466 0.2999281779141104 0.6297929379844962 0.3290975337423313 0.6233333100775195
0 0.12375199386503068 0.9206038798449613 0.17771233128834357 0.8593143875968993 0.1348010582822086 0.8525065116279069 0.11625244171779142 0.8839345581395349 0.12375199386503068 0.9206038798449613
0 0.4174900460122699 0.07855437209302325 0.41309382515337423 0.03406188372093023 0.3502875061349693 0.017999616279069767 0.33182812576687115 0.030038953488372093 0.3332994785276074 0.04357720542635659 0.3118795398773006 0.03241778682170543 0.29792345398773007 0.06568317054263566 0.3422168496932515 0.105418 0.34840566871165646 0.09364940697674418 0.39438458282208594 0.10038959302325581 0.4174900460122699 0.07855437209302325
0 0.5525376104294478 0.06006521705426357 0.5382602822085889 0.16312993798449613 0.5584944202453987 0.09870725193798449 0.5525376104294478 0.06006521705426357
0 0.5481633404907975 0 0.5604119509202454 0.015301976744186046 0.5819032822085889 0.010950437984496126 0.5891763006134969 0 0.5481633404907975 0
0 0.7132228680981596 0.13600537596899226 0.7608694509202454 0.11362866666666667 0.7302287423312884 0.1065500465116279 0.7056340766871165 0.11872475581395349 0.7132228680981596 0.13600537596899226
0 0.778382944785276 0.3071095930232558 0.7757793251533742 0.20635601550387597 0.7635623036809817 0.19499353875968992 0.7728009202453988 0.18703499999999998 0.7270004785276074 0.1415173992248062 0.7146049877300614 0.16893233333333332 0.7329215950920246 0.18791491860465118 0.7020667208588957 0.22736918992248062 0.7018168650306749 0.2816575620155039 0.7246546196319018 0.31798845348837207 0.7553131779141105 0.3211893333333333 0.778382944785276 0.3071095930232558