0 0.5515625 0.46319444444444446 0.565234375 0.4583333333333333 0.57265625 0.4465277777777778 0.58359375 0.39652777777777776 0.5859375 0.30069444444444443 0.579296875 0.2833333333333333 0.537109375 0.2569444444444444 0.5390625 0.2659722222222222 0.53515625 0.27847222222222223 0.53515625 0.30069444444444443 0.5421875 0.31319444444444444 0.5359375 0.3215277777777778 0.53828125 0.4548611111111111 0.545703125 0.4638888888888889
0 0.5078125 0.46875 0.51796875 0.4479166666666667 0.509375 0.42430555555555555 0.514453125 0.425 0.519140625 0.43333333333333335 0.528515625 0.43194444444444446 0.53046875 0.41875 0.53515625 0.41180555555555554 0.530078125 0.3972222222222222 0.523046875 0.39305555555555555 0.513671875 0.3972222222222222 0.509375 0.38680555555555557 0.51328125 0.37430555555555556 0.50625 0.36180555555555555 0.508984375 0.35555555555555557 0.516796875 0.3625 0.52109375 0.3590277777777778 0.51640625 0.34930555555555554 0.51796875 0.33541666666666664 0.52578125 0.3215277777777778 0.514453125 0.30694444444444446 0.505078125 0.30972222222222223 0.501171875 0.32916666666666666 0.48125 0.34930555555555554 0.491015625 0.35555555555555557 0.490625 0.36319444444444443 0.4828125 0.36736111111111114 0.46953125 0.40347222222222223 0.4828125 0.4131944444444444 0.4796875 0.4395833333333333 0.4734375 0.4534722222222222 0.476171875 0.4597222222222222 0.483203125 0.45555555555555555 0.48671875 0.4395833333333333 0.494921875 0.42777777777777776 0.4984375 0.4326388888888889 0.496875 0.4479166666666667 0.5 0.4534722222222222 0.4953125 0.4618055555555556 0.49609375 0.4673611111111111
0 0.5578125 0.6770833333333334 0.573046875 0.6513888888888889 0.580859375 0.6555555555555556 0.584375 0.6493055555555556 0.5765625 0.6354166666666666 0.588671875 0.6222222222222222 0.5953125 0.6076388888888888 0.596875 0.5840277777777778 0.590234375 0.5736111111111111 0.576171875 0.5694444444444444 0.566015625 0.5861111111111111 0.562890625 0.5763888888888888 0.556640625 0.5763888888888888 0.553515625 0.5888888888888889 0.540625 0.6034722222222222 0.53984375 0.6118055555555556 0.545703125 0.6152777777777778 0.550390625 0.6305555555555555 0.557421875 0.6319444444444444 0.5640625 0.6423611111111112 0.56171875 0.6534722222222222 0.5546875 0.6604166666666667 0.553125 0.6701388888888888
0 0.43984375 0.4909722222222222 0.45 0.4756944444444444 0.44921875 0.46458333333333335 0.443359375 0.45416666666666666 0.434765625 0.4513888888888889 0.423828125 0.46111111111111114 0.4125 0.4618055555555556 0.4125 0.4673611111111111 0.419921875 0.46944444444444444 0.427734375 0.4888888888888889
0 0.4671875 0.5409722222222222 0.4734375 0.5256944444444445 0.471484375 0.49583333333333335 0.466015625 0.4930555555555556 0.460546875 0.5041666666666667 0.44453125 0.5104166666666666 0.44453125 0.5201388888888889 0.457421875 0.5402777777777777
0 0.52734375 0.5381944444444444 0.53671875 0.5243055555555556 0.530859375 0.5111111111111111 0.512890625 0.5069444444444444 0.5 0.5284722222222222 0.501171875 0.5347222222222222
0 0.50390625 0.5701388888888889 0.519140625 0.5680555555555555 0.52265625 0.5590277777777778 0.500390625 0.5458333333333333 0.484375 0.5520833333333334 0.485546875 0.5652777777777778
0 0.50390625 0.7520833333333333 0.51171875 0.7326388888888888 0.505859375 0.7138888888888889 0.500390625 0.7166666666666667 0.4921875 0.7340277777777777 0.494921875 0.7486111111111111
0 0.44296875 0.9048611111111111 0.45546875 0.8784722222222222 0.4546875 0.8659722222222223 0.445703125 0.8583333333333333 0.437109375 0.8597222222222223 0.43359375 0.8673611111111111 0.43671875 0.9020833333333333
0 0.6453125 0.9229166666666667 0.659765625 0.9097222222222222 0.665625 0.8951388888888889 0.665625 0.8770833333333333 0.659765625 0.8680555555555556 0.643359375 0.8666666666666667 0.63515625 0.8826388888888889 0.63359375 0.9131944444444444
0 0.63203125 0.9770833333333333 0.646875 0.9576388888888889 0.64765625 0.9465277777777777 0.643359375 0.9361111111111111 0.629296875 0.9361111111111111 0.61953125 0.9548611111111112 0.615625 0.9770833333333333
0 0.72890625 0.5631944444444444 0.736328125 0.5597222222222222 0.738671875 0.5513888888888889 0.749609375 0.5513888888888889 0.75234375 0.5465277777777777 0.74765625 0.5118055555555555 0.738671875 0.5027777777777778 0.724609375 0.5027777777777778 0.71484375 0.5215277777777778 0.7171875 0.5354166666666667 0.715625 0.5548611111111111
0 0.90703125 0.9048611111111111 0.908984375 0.8958333333333334 0.917578125 0.8902777777777777 0.921875 0.8798611111111111 0.921484375 0.8402777777777778 0.906640625 0.85 0.90078125 0.8618055555555556 0.89765625 0.8868055555555555 0.9046875 0.8895833333333333 0.9046875 0.9034722222222222
0 0.8828125 0.9756944444444444 0.896875 0.9423611111111111 0.89609375 0.9284722222222223 0.890234375 0.9194444444444444 0.879296875 0.9222222222222223 0.8703125 0.9465277777777777 0.87265625 0.9715277777777778
0 0.909375 0.7854166666666667 0.9140625 0.78125 0.913671875 0.7736111111111111 0.92109375 0.7673611111111112 0.92265625 0.7590277777777777 0.92109375 0.7423611111111111 0.912890625 0.7361111111111112 0.90546875 0.7409722222222223 0.90234375 0.7534722222222222 0.90390625 0.7673611111111112 0.90078125 0.7743055555555556 0.902734375 0.7833333333333333
0 0.9828125 0.55625 0.98671875 0.5506944444444445 0.98828125 0.5381944444444444 0.984765625 0.5277777777777778 0.980078125 0.525 0.97265625 0.5326388888888889 0.97109375 0.5479166666666667 0.976171875 0.5569444444444445
0 0.76015625 0.23819444444444443 0.778515625 0.2375 0.78203125 0.2298611111111111 0.779296875 0.2222222222222222 0.772265625 0.22083333333333333 0.764453125 0.20555555555555555 0.748828125 0.20277777777777778 0.740234375 0.18055555555555555 0.711328125 0.16666666666666666 0.70703125 0.15486111111111112 0.70703125 0.13680555555555557 0.702734375 0.13333333333333333 0.7 0.15069444444444444 0.70078125 0.18541666666666667 0.70625 0.22569444444444445 0.712109375 0.22916666666666666 0.712109375 0.2152777777777778 0.723828125 0.2263888888888889 0.741796875 0.225 0.748828125 0.23472222222222222
0 0.59453125 0.13125 0.5984375 0.12708333333333333 0.596875 0.11597222222222223 0.583203125 0.10555555555555556 0.5859375 0.12430555555555556
0 0.39921875 0.9854166666666667 0.409375 0.9756944444444444 0.408203125 0.9611111111111111 0.394921875 0.9597222222222223 0.3890625 0.9701388888888889 0.389453125 0.9833333333333333
0 0.4890625 0.6520833333333333 0.50234375 0.6340277777777777 0.50234375 0.6270833333333333 0.495703125 0.6152777777777778 0.487109375 0.6152777777777778 0.47265625 0.6284722222222222 0.473828125 0.6361111111111111 0.47890625 0.6354166666666666 0.483203125 0.6527777777777778
0 0.51640625 0.6604166666666667 0.51953125 0.6548611111111111 0.5140625 0.64375 0.504296875 0.6361111111111111 0.5 0.65625
0 0.4015625 0.5965277777777778 0.409375 0.5895833333333333 0.409375 0.5784722222222223 0.404296875 0.5722222222222222 0.393359375 0.5763888888888888 0.38984375 0.5951388888888889
0 0.29140625 0.5645833333333333 0.308984375 0.5569444444444445 0.3125 0.5423611111111111 0.305078125 0.5375 0.294921875 0.5430555555555555 0.28984375 0.5590277777777778 0.2890625 0.5645833333333333
0 0.2703125 0.5118055555555555 0.278125 0.5034722222222222 0.278125 0.4951388888888889 0.270703125 0.4847222222222222 0.262109375 0.4847222222222222 0.259375 0.49236111111111114 0.26015625 0.5090277777777777
0 0.2984375 0.7993055555555556 0.303125 0.7951388888888888 0.3046875 0.7854166666666667 0.298828125 0.7777777777777778 0.289453125 0.7791666666666667 0.284375 0.7951388888888888
0 0.27265625 0.8034722222222223 0.2796875 0.7993055555555556 0.279296875 0.7861111111111111 0.269140625 0.7833333333333333 0.26328125 0.7895833333333333 0.266796875 0.8041666666666667
0 0.403125 0.7326388888888888 0.41484375 0.7173611111111111 0.405859375 0.6958333333333333 0.399609375 0.6930555555555555 0.3890625 0.7034722222222223 0.3875 0.7173611111111111 0.394921875 0.7319444444444444
0 0.00546875 0.7368055555555556 0.01640625 0.7270833333333333 0.01875 0.7173611111111111 0.016015625 0.7111111111111111 0.006640625 0.7111111111111111 0 0.7201388888888889 0 0.7368055555555556
0 0.8046875 0.7284722222222222 0.81484375 0.7159722222222222 0.81640625 0.7020833333333333 0.809765625 0.6861111111111111 0.799609375 0.6833333333333333 0.790625 0.6993055555555555 0.7859375 0.71875
0 0.6015625 0.8881944444444444 0.61171875 0.8715277777777778 0.608984375 0.8611111111111112 0.598828125 0.8611111111111112 0.59296875 0.8715277777777778 0.59375 0.8840277777777777
0 0.58828125 0.84375 0.59609375 0.8340277777777778 0.596875 0.8243055555555555 0.584765625 0.8083333333333333 0.580859375 0.8097222222222222 0.58046875 0.8381944444444445
0 0.57734375 0.6979166666666666 0.58359375 0.6854166666666667 0.580078125 0.6763888888888889 0.573046875 0.6722222222222223 0.56171875 0.6826388888888889 0.562109375 0.6958333333333333
0 0.7578125 0.5909722222222222 0.77265625 0.56875 0.771484375 0.5513888888888889 0.756640625 0.5527777777777778 0.75234375 0.5590277777777778 0.753125 0.5854166666666667
0 0.759375 0.5270833333333333 0.7640625 0.5201388888888889 0.7640625 0.50625 0.754296875 0.49722222222222223 0.74765625 0.5090277777777777 0.74765625 0.51875 0.753515625 0.5277777777777778
0 0.5 0.27708333333333335 0.50390625 0.27152777777777776 0.501953125 0.25833333333333336 0.494921875 0.2513888888888889 0.48515625 0.2534722222222222 0.48515625 0.26458333333333334 0.490234375 0.275
0 0.296875 0.059027777777777776 0.29921875 0.04652777777777778 0.295703125 0.04027777777777778 0.286328125 0.0375 0.28359375 0.04236111111111111 0.284765625 0.05555555555555555
0 0.4828125 0.5451388888888888 0.4875 0.5229166666666667 0.476171875 0.5180555555555556 0.47265625 0.5284722222222222 0.4734375 0.5381944444444444 0.478515625 0.5458333333333333
0 0.48515625 0.5076388888888889 0.49375 0.4965277777777778 0.491796875 0.4861111111111111 0.480859375 0.4888888888888889 0.475 0.4965277777777778 0.478515625 0.5069444444444444
0 0.51484375 0.28958333333333336 0.52265625 0.27291666666666664 0.516796875 0.2638888888888889 0.511328125 0.2638888888888889 0.50625 0.2743055555555556 0.50625 0.28680555555555554
0 0.55078125 0.5840277777777778 0.55546875 0.5784722222222223 0.55546875 0.5715277777777777 0.541015625 0.5583333333333333 0.53984375 0.5729166666666666 0.545703125 0.5847222222222223
0 0.471875 0.8506944444444444 0.4765625 0.8423611111111111 0.474609375 0.8291666666666667 0.4609375 0.8340277777777778 0.461328125 0.8486111111111111
0 0.52421875 0.7993055555555556 0.53046875 0.7909722222222222 0.5296875 0.78125 0.514453125 0.7777777777777778 0.51328125 0.7909722222222222 0.517578125 0.7986111111111112
0 0.58515625 0.74375 0.58828125 0.73125 0.580859375 0.725 0.57578125 0.7326388888888888 0.5765625 0.7395833333333334
0 0.42109375 0.6673611111111111 0.43125 0.6506944444444445 0.429296875 0.6416666666666667 0.422265625 0.6402777777777777 0.41328125 0.6506944444444445 0.41171875 0.6645833333333333
0 0.440625 0.4909722222222222 0.448828125 0.48194444444444445 0.461328125 0.48055555555555557 0.4625 0.4701388888888889 0.458984375 0.4652777777777778 0.450390625 0.46805555555555556 0.448828125 0.45694444444444443 0.439453125 0.45 0.424609375 0.4597222222222222 0.4125 0.46041666666666664 0.4125 0.46875 0.419921875 0.4722222222222222 0.428515625 0.49027777777777776
0 0.5859375 0.7201388888888889 0.5953125 0.7076388888888889 0.592578125 0.7 0.58203125 0.70625 0.58125 0.7159722222222222
0 0.55625 0.7743055555555556 0.565234375 0.7722222222222223 0.56875 0.7576388888888889 0.559765625 0.7569444444444444 0.55078125 0.7743055555555556
0 0.55625 0.7451388888888889 0.56015625 0.7395833333333334 0.557421875 0.7305555555555555 0.5484375 0.7368055555555556 0.549609375 0.7444444444444445
0 0.54609375 0.7284722222222222 0.5515625 0.71875 0.550390625 0.7083333333333334 0.543359375 0.7111111111111111 0.5390625 0.7201388888888889 0.540234375 0.7277777777777777
0 0.553125 0.6576388888888889 0.552734375 0.6430555555555556 0.546484375 0.6430555555555556 0.5421875 0.6493055555555556 0.544921875 0.6555555555555556
0 0.51484375 0.6090277777777777 0.51875 0.6006944444444444 0.516796875 0.5958333333333333 0.505078125 0.5944444444444444 0.49921875 0.5993055555555555 0.501171875 0.6069444444444444
0 0.3296875 0.10625 0.33515625 0.08541666666666667 0.323828125 0.08333333333333333 0.325 0.09930555555555555 0.32265625 0.10486111111111111
0 0.81640625 0.9673611111111111 0.8234375 0.9604166666666667 0.823046875 0.9472222222222222 0.818359375 0.9458333333333333 0.81328125 0.9520833333333333 0.81171875 0.9645833333333333
0 0.82109375 0.9340277777777778 0.8265625 0.9256944444444445 0.826171875 0.9138888888888889 0.819140625 0.9166666666666666 0.815625 0.9243055555555556 0.815625 0.9298611111111111
0 0.528125 0.6604166666666667 0.534375 0.6520833333333333 0.533203125 0.6430555555555556 0.5234375 0.6506944444444445 0.52265625 0.6590277777777778
0 0.49296875 0.6881944444444444 0.49921875 0.6784722222222223 0.496484375 0.6708333333333333 0.491796875 0.6722222222222223 0.4875 0.6826388888888889 0.487890625 0.6875
0 0.4359375 0.7243055555555555 0.440625 0.71875 0.44140625 0.7104166666666667 0.433984375 0.7055555555555556 0.42734375 0.71875
0 0.44921875 0.69375 0.45234375 0.6895833333333333 0.451171875 0.6805555555555556 0.44296875 0.6881944444444444
0 0.60078125 0.19652777777777777 0.60234375 0.18680555555555556 0.5984375 0.17152777777777778 0.594140625 0.1638888888888889 0.590234375 0.16527777777777777 0.58984375 0.18541666666666667 0.593359375 0.19305555555555556
0 0.57421875 0.16319444444444445 0.574609375 0.15138888888888888 0.568359375 0.1486111111111111 0.56328125 0.15347222222222223 0.565234375 0.16111111111111112
0 0.99453125 0.69375 0.9984375 0.6881944444444444 0.9984375 0.6784722222222223 0.988671875 0.675 0.9859375 0.6826388888888889 0.9875 0.6909722222222222
0 0.928125 0.6243055555555556 0.93203125 0.61875 0.93125 0.60625 0.921484375 0.6013888888888889 0.91796875 0.6145833333333334 0.922265625 0.6236111111111111
0 0.75 0.38125 0.75546875 0.3770833333333333 0.75546875 0.3701388888888889 0.745703125 0.3638888888888889 0.74375 0.3770833333333333
0 0.74765625 0.4701388888888889 0.7515625 0.46041666666666664 0.741796875 0.45555555555555555 0.73984375 0.4618055555555556
0 0.52890625 0.8784722222222222 0.534375 0.8659722222222223 0.531640625 0.8583333333333333 0.526171875 0.8583333333333333 0.521875 0.86875 0.526171875 0.8791666666666667
0 0.5015625 0.76875 0.50546875 0.7631944444444444 0.503515625 0.7555555555555555 0.49453125 0.7590277777777777 0.495703125 0.7680555555555556
0 0.4921875 0.80625 0.49765625 0.7951388888888888 0.496484375 0.7902777777777777 0.491015625 0.7916666666666666 0.48671875 0.8034722222222223
0 0.54296875 0.9743055555555555 0.546875 0.9631944444444445 0.541796875 0.9583333333333334 0.53828125 0.9729166666666667