0 0.6175999670542636 0.5917746618705035 0.5975788720930233 0.5822452661870503 0.5553642015503876 0.5266405539568345 0.5371414031007752 0.5409453669064749 0.5220320368217055 0.5306203956834533 0.5201374593023257 0.5500857482014389 0.5577782674418604 0.599335582733813 0.5683864244186047 0.6430300143884893 0.5313977093023255 0.6625031690647483 0.5281153468992248 0.6907081870503597 0.5095183604651162 0.6923012949640287 0.5316756162790698 0.7185144460431655 0.5181956143410853 0.7355989100719424 0.5436352286821705 0.7336070395683453 0.5594929748062015 0.7693554388489209 0.5961801511627908 0.7768949100719424 0.6107100717054263 0.7582212338129497 0.6242263992248062 0.7609989388489209 0.6476388275193798 0.8019098201438849 0.6689750542635658 0.7629752086330935 0.6958387790697674 0.7721058453237409 0.6980712209302325 0.7454900323741007 0.6847601511627907 0.7589992661870504 0.6566412519379845 0.7351709064748201 0.6369943488372093 0.7383532194244604 0.5913883410852713 0.6513670215827337 0.5988340484496124 0.5969429964028777 0.646261988372093 0.6247395071942446 0.6593441666666666 0.677967237410072 0.7000620813953489 0.6827251079136691 0.7003399903100774 0.7387363884892086 0.709113523255814 0.7387344388489209 0.7177544515503875 0.7621698848920864 0.75074875 0.7653405 0.7663285891472867 0.745077618705036 0.7676800465116279 0.7164757841726619 0.749251992248062 0.7144936618705036 0.7404058081395348 0.674771273381295 0.7524617054263566 0.6465643057553957 0.7621162248062016 0.6485483741007194 0.7809911182170542 0.70296654676259 0.811378784883721 0.7200412661870503 0.8173767538759691 0.7375186474820143 0.7871343856589147 0.7998926043165469 0.7616711356589148 0.884908381294964 0.7664139321705427 0.8876880323741008 0.8206718062015504 0.8121997050359712 0.8529903779069767 0.8296712338129497 0.8727698895348838 0.8030515215827339 0.881265515503876 0.7470382949640288 0.8694385096899224 0.7085083021582733 0.8746881007751939 0.7005622661870504 0.8834979612403101 0.7204224820143884 0.9006708391472869 0.7077068741007194 0.8879991724806202 0.6870530251798561 0.8911126007751938 0.6624232338129497 0.8782720019379845 0.6453446187050359 0.8831474031007752 0.6246868705035971 0.8720687771317829 0.6115802949640288 0.8605796337209303 0.5658998417266187 0.8740233139534884 0.5289532050359712 0.8712713798449613 0.46340863309352515 0.8768588352713178 0.4483121366906475 0.9121219050387597 0.44472910791366904 0.9180472248062016 0.422482154676259 0.9027325988372094 0.39587024100719426 0.8500187461240309 0.3561576007194245 0.8441897093023256 0.33510498920863313 0.8527579864341085 0.3188160971223022 0.8344988643410852 0.31325874820143884 0.8293818798449613 0.2977673848920863 0.7857194670542635 0.314064071942446 0.781725054263566 0.3367078417266187 0.7664830775193798 0.34982026618705037 0.7409708120155039 0.3120877985611511 0.729216457364341 0.31328214028776974 0.6957753178294573 0.2576754784172662 0.6712166879844961 0.2616533705035971 0.6673912054263565 0.2807219100719424 0.7146865348837209 0.3319558165467626 0.7149644437984496 0.38796709352517983 0.7040910736434108 0.3911474604316547 0.6857956259689922 0.36572793884892085 0.6874613139534883 0.41299954676258993 0.664966195736434 0.3939368561151079 0.651112003875969 0.3983096151079137 0.6030319709302325 0.30179011870503597 0.599206488372093 0.3208586582733813 0.6148953003875969 0.3601822805755396 0.6130370465116279 0.3995098021582734 0.6375357170542636 0.4586936474820144 0.5949232248062016 0.4734011294964029 0.5844603682170543 0.5091553705035972 0.6061108255813954 0.5460942086330935 0.6175999670542636 0.5917746618705035
0 0.750181996124031 0.839227928057554 0.7439787693798449 0.8054636043165467 0.7362551550387597 0.803876345323741 0.7166809011627907 0.8467830000000001 0.7202411686046513 0.8745892553956836 0.750181996124031 0.839227928057554
0 0.5398950872093023 0.8952859928057554 0.548595972868217 0.8555597050359712 0.5290453507751938 0.8154424496402878 0.5242425988372094 0.875824535971223 0.5398950872093023 0.8952859928057554
0 0.5893138875968992 0.8603175791366906 0.583822715116279 0.8321145071942446 0.5732872093023256 0.8281444136690647 0.57034271124031 0.8491989784172662 0.5782715852713178 0.8670731726618706 0.5893138875968992 0.8603175791366906
0 0.45931310852713175 0.3931880683453237 0.4645990232558139 0.40510419784172663 0.460472 0.4511853669064748 0.4854411453488372 0.47978135251798565 0.4909559496124031 0.4249605179856115 0.5075857054263566 0.40310843165467625 0.5350120445736434 0.328123809352518 0.5044595852713178 0.3248521474820144 0.4944671996124031 0.33001853597122305 0.4856210174418605 0.29029614388489206 0.4763043624031008 0.2811616151079137 0.48653832751937987 0.31214433453237406 0.4736014476744186 0.3383652841726619 0.47350516472868215 0.3816648525179856 0.45931310852713175 0.3931880683453237
0 0.5291398817829458 0.4833468345323741 0.5363930271317829 0.5155219496402877 0.5465180174418605 0.4869181654676259 0.5291398817829458 0.4833468345323741
0 0.5775450891472867 0.46982979496402877 0.5834704069767442 0.4475828417266187 0.575915722868217 0.4424203525179856 0.5578618585271318 0.4531499424460432 0.5775450891472867 0.46982979496402877
0 0.5684936472868216 0.41382047122302157 0.5965035717054263 0.37806233093525177 0.5836629728682171 0.36098370863309354 0.5528411589147286 0.3943590179856115 0.5684936472868216 0.41382047122302157
0 0.8889746899224806 0.35694342805755397 0.8939227403100776 0.37601002158273383 0.9049886763565891 0.2862305215827338 0.8903861046511629 0.2651798597122302 0.8732495503875969 0.2977576366906475 0.8624851550387598 0.3605245107913669 0.8805753449612402 0.36965708992805757 0.8889746899224806 0.35694342805755397
0 0.9123035290697674 0.5440399532374101 0.8777288817829457 0.6362081366906475 0.9172515794573642 0.5631065395683453 0.9123035290697674 0.5440399532374101
0 0.8798287170542636 0.6330297194244604 0.8988598488372094 0.5809865899280576 0.8889637499999999 0.5428534064748202 0.8827005639534884 0.5722508201438848 0.8712477480620154 0.5464325395683453 0.8798287170542636 0.6330297194244604