0 0.5130641431718062 0.5870469214285715 0.5284740396475771 0.5844642142857143 0.536353654185022 0.5719128285714286 0.534123486784141 0.5355313964285714 0.5175985088105727 0.5199233857142858 0.5137292621145374 0.49913133571428575 0.5046472334801763 0.4991220214285714 0.4993806607929515 0.5684102285714285 0.5130641431718062 0.5870469214285715
0 0.5780825198237884 0.6741637035714286 0.5877220925110133 0.683268375 0.5961592466960353 0.67981235 0.5974154515418502 0.6438675785714286 0.613994218061674 0.6109701142857142 0.6073708105726873 0.5875767285714285 0.5892067511013216 0.5875581 0.5739177334801762 0.6273862428571428 0.5780825198237884 0.6741637035714286
0 0.6384994427312775 0.7426531071428571 0.6573419229074889 0.7890125357142856 0.6811889735682819 0.7829738 0.6898881277533039 0.762627725 0.6746193524229074 0.7110749428571429 0.6345428656387666 0.7274910714285714 0.6227940066079295 0.7192504071428572 0.6211549251101323 0.7348397857142858 0.6384994427312775 0.7426531071428571
0 0.5555587621145375 0.7300085749999999 0.5633174977973568 0.68021175 0.5541145925110132 0.6429569964285715 0.5283329185022027 0.6385997035714286 0.5167922665198238 0.6619744607142857 0.519492640969163 0.7130812678571429 0.53786490969163 0.7447153178571428 0.5555587621145375 0.7300085749999999
0 0.525780614537445 0.3077201 0.5078785528634361 0.29081142142857147 0.4868729977973569 0.2938214714285714 0.46332148898678416 0.32584561071428575 0.4776833898678414 0.39082310000000003 0.47182572907488984 0.4081404964285714 0.4808204273127753 0.41377982857142853 0.48456879735682823 0.39732643928571426 0.5244706189427313 0.39217034285714286 0.5382078920704846 0.3623015642857143 0.525780614537445 0.3077201
0 0.6218269911894273 0.4212868928571429 0.6018156431718062 0.4052422214285714 0.5863184140969163 0.4134549428571429 0.5662532753303965 0.44591574285714286 0.559314077092511 0.4879178785714286 0.5704516079295154 0.5355686571428572 0.6014796079295154 0.5620186678571428 0.6339384823788546 0.5412638750000001 0.6462113392070485 0.5157244464285715 0.6459157973568281 0.48973903928571433 0.6218269911894273 0.4212868928571429
0 0.9112292819383261 0.5004051928571428 0.9464758612334802 0.5251271928571429 0.9696780396475772 0.5156231178571429 0.9899178436123348 0.4719022857142858 0.9838184317180617 0.4147288 0.9529650947136564 0.37701875714285715 0.9199486806167401 0.38867819285714283 0.8989766696035242 0.43456369642857146 0.9112292819383261 0.5004051928571428
0 0.8984862136563876 0.51121925 0.8989228810572688 0.4830691678571428 0.8822232356828195 0.4787211928571429 0.8789450748898678 0.5098999535714286 0.8984862136563876 0.51121925
0 0.8536538546255507 0.42888710714285716 0.8521558942731278 0.390341 0.8318825484581497 0.3911863785714286 0.8341127114537444 0.42756781071428573 0.8536538546255507 0.42888710714285716
0 0.8295517511013215 0.22617857857142856 0.8298137488986783 0.20928853214285714 0.8186224317180617 0.210143225 0.8169833502202642 0.22573260357142858 0.8295517511013215 0.22617857857142856
0 0.803702988986784 0.136070375 0.8033201123348018 0.11571498571428572 0.792128795154185 0.11656967857142858 0.7932438766519824 0.13476039285714284 0.803702988986784 0.136070375
0 0.7306436299559471 0.20702139285714286 0.7330149185022026 0.1892673392857143 0.7184245616740088 0.18405535357142858 0.7180752290748899 0.20657541785714284 0.7306436299559471 0.20702139285714286
0 0.6449285374449338 0.28315645357142855 0.6481193656387665 0.25760770714285713 0.6286655594713657 0.25065839285714286 0.6262069383259912 0.2740424642857143 0.6449285374449338 0.28315645357142855
0 0.60182259030837 0.17960491428571426 0.5920418986784141 0.22463572857142858 0.6182064471365639 0.2493484107142857 0.635692088105727 0.20302624285714285 0.6324677158590308 0.1856995357142857 0.6200739823788547 0.173993525 0.60182259030837 0.17960491428571426
0 0.6196911057268722 0.15363813571428572 0.6395277885462555 0.18094283928571428 0.6570469757709251 0.17749612857142857 0.6743579515418502 0.14243399285714287 0.6698438303964758 0.11817659999999999 0.647897859030837 0.09173590357142858 0.6317557555066079 0.09648328214285715 0.6195702290748898 0.11639269642857145 0.6196911057268722 0.15363813571428572
0 0.7011002885462555 0.08486110714285713 0.7013622863436123 0.06797105714285714 0.6853075154185022 0.06708842142857142 0.6864225991189427 0.08527913928571429 0.7011002885462555 0.08486110714285713
0 0.5447509140969163 0.16568765714285716 0.5654071387665198 0.18519767142857144 0.5886093149779736 0.17569359642857144 0.5995924251101322 0.14322348214285716 0.5903895176211453 0.105968725 0.573132332599119 0.09252538928571429 0.5527716497797357 0.09900078214285714 0.5404114603524229 0.13017023214285714 0.5447509140969163 0.16568765714285716
0 0.6266840947136565 0.06313053214285715 0.6237217202643173 0.028913771428571426 0.6062025374449339 0.032360485714285715 0.6098971145374449 0.06441256785714286 0.6266840947136565 0.06313053214285715
0 0.5462355748898678 0.06997738214285715 0.5557542687224669 0.04183661428571429 0.5101694537444934 0.053050074999999995 0.5161479889867842 0.07297811785714285 0.5300061387665198 0.08035477857142857 0.5462355748898678 0.06997738214285715
0 0.5167188303964758 0.21632985714285716 0.5190901167400881 0.19857580357142857 0.49658660132158594 0.1630397464285714 0.5049699691629956 0.20808919285714286 0.5167188303964758 0.21632985714285716
0 0.4263687400881057 0.2309620857142857 0.4287400286343612 0.21320802857142857 0.41965799779735685 0.21319871428571427 0.41737404405286344 0.22532275357142856 0.4263687400881057 0.2309620857142857
0 0.44165775991189427 0.1911339392857143 0.44402904625550665 0.17337988571428573 0.42879381718061677 0.16470255714285714 0.4269800704845815 0.19155197142857142 0.44165775991189427 0.1911339392857143
0 0.3054944008810573 0.2767451285714286 0.30950477092511014 0.24340169285714286 0.2928051255506608 0.23905371428571429 0.2901718392070484 0.27369781785714287 0.3054944008810573 0.2767451285714286
0 0.24683743392070484 0.22991178214285712 0.2508478039647577 0.1965683464285714 0.23203887004405285 0.193084375 0.2274709603524229 0.21733245357142858 0.24683743392070484 0.22991178214285712
0 0.2781476806167401 0.14809081785714287 0.2869677114537445 0.16499018214285716 0.2984210308370044 0.1472454392857143 0.2781476806167401 0.14809081785714287
0 0.23764782819383262 0.3269134107142857 0.23872936563876654 0.3022286714285714 0.2226745947136564 0.3013460357142857 0.2223252643171806 0.3238661 0.23764782819383262 0.3269134107142857
0 0.262260627753304 0.3615854571428571 0.29144134140969163 0.37200942857142855 0.3022497841409692 0.3507993464285714 0.28534193171806166 0.3148359428571429 0.2762599008810573 0.31482662857142857 0.2689378281938326 0.3364733714285714 0.25654409251101323 0.3247673642857143 0.25279572466960354 0.34122075357142856 0.262260627753304 0.3615854571428571
0 0.10814836784140969 0.25315613214285715 0.10372158149779737 0.22326872142857143 0.08409310792951542 0.22757943928571428 0.0850335242290749 0.25703018928571425 0.09678238546255506 0.26527085714285714 0.10814836784140969 0.25315613214285715
0 0.03153555066079295 0.23791957857142856 0.038857625550660795 0.2162728357142857 0.024703933920704847 0.18291076785714286 0.006142030837004406 0.19002647142857143 0.009726671806167401 0.30093061071428573 0.0229572731277533 0.29551109285714283 0.03604967400881057 0.26217697142857144 0.03153555066079295 0.23791957857142856
0 0.05626228414096916 0.5354743750000001 0.05751848898678414 0.49952960357142856 0.03595539207048458 0.4934442964285714 0.03332210572687225 0.5280884 0.043606550660792956 0.5406584142857143 0.05626228414096916 0.5354743750000001
0 0.07146397136563877 0.5012762464285714 0.08532211894273127 0.5086529035714286 0.12053515418502203 0.4904994464285714 0.12161669383259913 0.46581471071428576 0.1046215088105727 0.435481325 0.08250087004405288 0.42030066071428573 0.07122221806167402 0.4267853678571429 0.05739761233480176 0.46228416428571434 0.07146397136563877 0.5012762464285714
0 0.2233125242290749 0.5304486857142857 0.22439405947136565 0.5057639464285714 0.2132027422907489 0.5066186392857143 0.21220853744493393 0.5256733607142857 0.2233125242290749 0.5304486857142857
0 0.2050275859030837 0.49318461785714285 0.2054642511013216 0.46503453571428566 0.18665531718061673 0.46155056428571434 0.18548644493392072 0.4918653178571428 0.2050275859030837 0.49318461785714285
0 0.15930164977973568 0.5585335642857143 0.17491975550660793 0.5875662785714286 0.19794726872246696 0.5893222392857143 0.2116845396475771 0.5594534571428571 0.20992458149779736 0.5377974 0.1909074383259912 0.5026980071428571 0.17476533480176212 0.5074453857142858 0.1596509823788546 0.5360134964285714 0.15930164977973568 0.5585335642857143
0 0.243518781938326 0.44385239642857144 0.2535076850220264 0.43043700714285715 0.2418461585903084 0.4165663214285714 0.2368080396475771 0.4260890285714286 0.243518781938326 0.44385239642857144
0 0.32705055066079297 0.5084677428571429 0.31676610572687225 0.49589772857142855 0.3054874537444934 0.5023824357142856 0.3049634581497797 0.5361625357142857 0.3266138876651982 0.536617825 0.32705055066079297 0.5084677428571429
0 0.3735422378854626 0.4838295785714286 0.37790194052863435 0.42796607857142854 0.35724571365638763 0.4084560642857143 0.3396391982378854 0.41753279285714284 0.32701700660792954 0.4655922892857142 0.31573835682819384 0.4720769964285714 0.3524493502202643 0.49246964642857144 0.3735422378854626 0.4838295785714286
0 0.3897855286343612 0.4725141357142857 0.40573911453744493 0.4799648357142857 0.45838400220264314 0.4639946821428571 0.4635094515418502 0.4488419607142857 0.4528421321585903 0.41591655714285714 0.4308186850220264 0.39820850714285716 0.42137746475770926 0.41761662499999996 0.4020445330396476 0.44791275 0.3897855286343612 0.4725141357142857
0 0.2203969911894273 0.6733637642857143 0.22147853083700442 0.648679025 0.2060686343612335 0.6512617321428571 0.21058275330396475 0.675519125 0.2203969911894273 0.6733637642857143
0 0.2190534537444934 0.7149385535714285 0.2159164162995595 0.6919818249999999 0.20536997136563875 0.6963018607142857 0.2037308898678414 0.7118912428571428 0.2190534537444934 0.7149385535714285
0 0.1556672092511013 0.8378697 0.15674874889867843 0.8131849607142857 0.1449125550660793 0.8105743107142857 0.14245393392070485 0.8339583821428571 0.1556672092511013 0.8378697
0 0.18456567621145376 0.9565646428571428 0.18775650440528635 0.9310158964285715 0.171056859030837 0.9266679214285715 0.16924311233480174 0.953517332142857 0.18456567621145376 0.9565646428571428
0 0.17893647356828196 0.9141165357142857 0.18001801321585903 0.8894317964285714 0.1633183678414097 0.8850838178571429 0.16214949559471364 0.9153985714285714 0.17893647356828196 0.9141165357142857
0 0.2511965396475771 0.7595792821428571 0.2516667444933921 0.7743046535714286 0.2593716938325991 0.7730133035714286 0.2511965396475771 0.7595792821428571
0 0.2594254845814978 0.7245078321428571 0.25904260792951544 0.7041524392857142 0.24785128854625552 0.7050071321428572 0.24896637224669604 0.7231978464285714 0.2594254845814978 0.7245078321428571
0 0.290990781938326 0.8514341285714285 0.2915483237885463 0.8605294857142857 0.3049362643171806 0.8531807714285714 0.290990781938326 0.8514341285714285
0 0.42116230616740086 0.6116385107142857 0.40498665859030836 0.5735104357142857 0.37434153303964757 0.5674158142857143 0.34979581718061675 0.6184946785714285 0.36093334801762117 0.6661454571428571 0.387272563876652 0.6795981071428572 0.4148679845814978 0.6571059892857143 0.4186163524229075 0.6406525999999999 0.4416438656387665 0.6424085571428572 0.4399712400881057 0.6151224821428571 0.42116230616740086 0.6116385107142857
0 0.43576596035242293 0.7511068785714285 0.43189671585903083 0.7303148285714286 0.41885810792951544 0.7151434785714286 0.4027160044052864 0.719890857142857 0.39474905726872245 0.7380722607142858 0.39779876211453746 0.7666590000000001 0.42202868942731275 0.7809756571428571 0.43576596035242293 0.7511068785714285
0 0.4757013281938326 0.7888262392857143 0.478892154185022 0.7632774928571429 0.4649466718061674 0.76153085 0.4645973414096916 0.7840509142857143 0.4757013281938326 0.7888262392857143
0 0.5377908744493393 0.8846017178571428 0.5276810947136564 0.8607716714285714 0.514293154185022 0.8681203857142857 0.5214741057268723 0.9006091285714286 0.5377908744493393 0.8846017178571428
0 0.5432789559471366 0.9811853142857144 0.5456502444933921 0.9634312571428573 0.5331691762114538 0.957355267857143 0.5300656828193833 0.9772739964285715 0.5432789559471366 0.9811853142857144
0 0.7067757378854626 0.8899720535714285 0.6949395418502202 0.8873614035714286 0.6959337488986783 0.8683066821428571 0.6826331409691629 0.8700253785714285 0.6767754845814978 0.8873427749999999 0.6848633061674009 0.9064068107142856 0.7052239889867842 0.8999314178571428 0.7067757378854626 0.8899720535714285
0 0.792611704845815 0.8510824357142857 0.7832341321585904 0.8250877142857144 0.7678242356828193 0.8276704178571428 0.7639012004405287 0.8553838392857143 0.7853769647577092 0.8670991607142857 0.792611704845815 0.8510824357142857
0 0.8685328039647577 0.6857218071428571 0.8758010881057269 0.7125805357142857 0.8875499493392071 0.7208212035714285 0.9179868656387665 0.6953004 0.9112761233480177 0.6775370321428571 0.8935822731277533 0.692243775 0.8685328039647577 0.6857218071428571
0 0.9366008876651983 0.8014253321428572 0.9376824273127754 0.7767405928571429 0.9237369449339207 0.77499395 0.9212783237885462 0.7983780214285715 0.9366008876651983 0.8014253321428572
0 0.716979795154185 0.682534775 0.7195257488986785 0.6535206892857143 0.7034709779735683 0.65263805 0.701012359030837 0.6760221249999999 0.716979795154185 0.682534775
0 0.6863751607929516 0.4936783 0.6874567004405286 0.4689935607142857 0.673511218061674 0.46724691785714284 0.6710525991189427 0.4906309892857143 0.6863751607929516 0.4936783
0 0.7512929052863436 0.45216871785714285 0.7543090682819383 0.4378800035714286 0.7424728744493393 0.43526935357142854 0.7366152180616741 0.45258674642857144 0.7512929052863436 0.45216871785714285
0 0.9239122070484581 0.17820291785714285 0.9180545506607929 0.1955203107142857 0.9296287444933921 0.21502101071428573 0.9618256189427313 0.21115626785714287 0.9642842400881058 0.18777219642857143 0.9561090814977974 0.174338175 0.9239122070484581 0.17820291785714285