0 0.5781185456553756 0.15895459566074951 0.5974172253313697 0.16716256607495067 0.6071137164948454 0.16827518244575937 0.598078765095729 0.15985890532544378 0.5829928306332842 0.15400730966469428 0.5781185456553756 0.15895459566074951
0 0.5962180058910161 0.12769223372781066 0.5895997879234168 0.1315778392504931 0.5887806045655376 0.13732756311637082 0.6174928622974963 0.16459636291913216 0.6222728431516936 0.16563181459566076 0.6287334167893962 0.16019227120315582 0.623080765832106 0.14133822781065086 0.6273667025036819 0.13519964003944773 0.6314429167893961 0.13851430177514792 0.63373297275405 0.13574283431952663 0.6202642923416789 0.11587956706114398 0.6004194904270987 0.11150474556213018 0.5962180058910161 0.12769223372781066
0 0.6410887393225332 0.18520960946745563 0.6402160684830633 0.16739101775147927 0.633303675994109 0.17068097337278107 0.6364664013254786 0.18572809566074952 0.6410887393225332 0.18520960946745563
0 0.6428960103092783 0.1938079654832347 0.6390717444771723 0.18606450394477317 0.6296483136966127 0.18303531262327416 0.6272217275405008 0.18676506804733728 0.6277579985272459 0.19896355917159764 0.6365832275405007 0.21683308579881658 0.6388943961708395 0.21657384319526626 0.6428960103092783 0.1938079654832347
0 0.6306912967599411 0.25552720907297827 0.6338216502209131 0.2495182435897436 0.6346520942562591 0.26231238362919135 0.6411337812960236 0.2593850650887574 0.6387170478645067 0.2470831824457594 0.6333698321060383 0.24736865384615386 0.6239984793814434 0.233332275147929 0.61749567820324 0.23374736785009864 0.6178320795287188 0.23936746942800788 0.6249654543446245 0.2451681282051282 0.624030853460972 0.2543883648915187 0.6306912967599411 0.25552720907297827
0 0.6250499072164948 0.25521702958579884 0.6242208703976436 0.2769983915187377 0.6348308505154638 0.2663785473372781 0.63268717820324 0.2521600897435897 0.6274764926362297 0.2514872741617357 0.6250499072164948 0.25521702958579884
0 0.6094825972017673 0.29531076134122286 0.6154491281296023 0.2826971785009862 0.6019705957290133 0.278865550295858 0.604271911634757 0.29463794575936886 0.6094825972017673 0.29531076134122286
0 0.6094600758468336 0.258223033530572 0.6127171067746686 0.26728741814595663 0.618064322533137 0.26700194674556216 0.6190932290132548 0.25179897435897436 0.6154688321060383 0.2506339003944773 0.6094600758468336 0.258223033530572
0 0.5743435471281296 0.3291130966469428 0.5732611539027982 0.32074775542406314 0.5691790957290133 0.31477645167652857 0.5640164801178204 0.3217847278106509 0.5699421929307805 0.3387221972386588 0.5686191126656849 0.3533295187376726 0.5709302812960235 0.353070275147929 0.5743435471281296 0.3291130966469428
0 0.5273404027982327 0.2759211282051282 0.5320992702503682 0.2744443540433925 0.5284115346097201 0.2657426055226825 0.5194399219440353 0.26486300394477313 0.5156058033873343 0.2731511804733728 0.5191260427098674 0.2963306301775148 0.5221620905743741 0.2963044013806706 0.5273404027982327 0.2759211282051282
0 0.5257217400589101 0.25535729585798816 0.5223492916053019 0.24976342307692306 0.5191978262150221 0.2532601646942801 0.5201436877761414 0.2625837928994083 0.5257217400589101 0.25535729585798816
0 0.5354280839469809 0.2404382741617357 0.5403122216494846 0.21945935009861933 0.533126768041237 0.22466587869822485 0.5323920360824742 0.24046450295857988 0.5354280839469809 0.2404382741617357
0 0.5188389042709867 0.21055233530571993 0.5161392562592046 0.2161986646942801 0.5178099977908689 0.2257553076923077 0.5235147275405008 0.23360216370808679 0.5266450802650957 0.22759319723865878 0.5271067511045655 0.2137111469428008 0.5188389042709867 0.21055233530571993