0 0.2294234382022472 0.41740194444444445 0.22006903089887642 0.38960723703703704 0.20319110674157304 0.38960723703703704 0.19305101966292135 0.406284062962963 0.18663701966292134 0.6101119333333334 0.1678615533707865 0.6379066407407408 0.13678774719101125 0.645318562962963 0.11068636235955057 0.6101119296296297 0.09937129213483145 0.4544615592592593 0.07569005337078652 0.4414906925925926 0.06541902247191012 0.46557944074074076 0.0686879691011236 0.5989940481481482 0.059725221910112355 0.6286417370370371 0.031071567415730333 0.6582894296296297 0.04317348876404494 0.6897900962962963 0.07234975280898877 0.7101728851851852 0.057499140449438206 0.7546444185185186 0.09531078651685393 0.7639093222222222 0.1155254831460674 0.7342616333333334 0.11925391573033708 0.7620563444444445 0.1318141488764045 0.7676152814814815 0.14483269662921347 0.7472324962962963 0.1370484606741573 0.7101728851851852 0.1666830393258427 0.7046139407407408 0.16936390449438204 0.7917040333333333 0.1929141938202247 0.8120868185185185 0.20213883426966295 0.7676152851851852 0.23615657303370788 0.7527914407407408 0.2836499915730337 0.7713212444444444 0.3011171741573034 0.7379675962962963 0.34069541573033707 0.7268497111111112 0.3598625449438202 0.7564974037037037 0.37759161516853934 0.7083199037037037 0.4254123988764045 0.7083199074074074 0.4445795280898876 0.7379675962962963 0.49527877528089886 0.7342616333333334 0.5181100393258427 0.7157318259259259 0.5628559438202246 0.7305556703703704 0.5716222696629213 0.7120258666666667 0.6025651292134832 0.7120258666666667 0.6176764606741573 0.7324086518518519 0.6212739466292135 0.7676152851851852 0.6693566235955056 0.7527914370370371 0.7195320842696629 0.7787331666666667 0.7468108061797752 0.8269106666666667 0.7778191432584269 0.8232047037037037 0.7797821573033707 0.7917040333333333 0.7470084016853933 0.7361146111111111 0.7570175393258427 0.7268497111111112 0.8156974382022472 0.7490854814814816 0.8599195589887642 0.7935570148148148 0.8940670702247191 0.8509994148148149 0.889748202247191 0.9362365222222222 0.9104200337078652 0.9603252703703704 0.938549904494382 0.9603252703703704 0.9488864101123595 0.932530562962963 0.9084605477528089 0.7527914407407408 0.8972740702247192 0.7490854777777778 0.8686204101123595 0.7787331703703704 0.8493223398876404 0.7564974 0.7461584297752809 0.7046139444444445 0.6895724943820225 0.6434655814814815 0.6739385561797753 0.5730523148148148 0.6766884241573033 0.41740194444444445 0.6645210280898877 0.3896072333333333 0.644764643258427 0.3933131925925926 0.6343626685393259 0.42481386666666665 0.6255939887640449 0.6027000074074075 0.6066875786516853 0.6379066407407408 0.574109070224719 0.6508775037037038 0.5686187443820224 0.3247529111111111 0.5563204016853932 0.30437012592592594 0.5408162359550561 0.3062231037037037 0.5264894073033708 0.32104695185185184 0.5229538623595505 0.521168862962963 0.43202047191011234 0.6527304851851852 0.41115222191011236 0.6397596185185185 0.40762138483146065 0.5211688592592593 0.38681860674157303 0.504492037037037 0.37674399438202244 0.5174629 0.37157398033707867 0.6508775037037038 0.3522104353932584 0.6323476962962963 0.35109974438202246 0.5359927037037037 0.32748398033707865 0.5193158777777778 0.3126976629213483 0.6397596222222222 0.27285753089887643 0.6657013518518519 0.2978470505617978 0.6842311555555556 0.2766514382022472 0.6897901 0.260035404494382 0.6749662518518519 0.23465422471910113 0.5989940481481482 0.2294234382022472 0.41740194444444445
0 0.796007702247191 0.6694073111111111 0.7998670814606741 0.6897900962962963 0.8126892078651686 0.6805251962962963 0.796007702247191 0.6694073111111111
0 0.5221646601123595 0.8046749 0.5268097162921349 0.7805861481481482 0.49900720786516856 0.7620563444444445 0.48173644382022474 0.7842921111111111 0.5221646601123595 0.8046749
0 0.40100978370786516 0.8157927814814815 0.40866424719101124 0.7805861481481482 0.4039525449438202 0.8880590259259259 0.4303812921348315 0.9047358518518519 0.4433343651685393 0.8880590259259259 0.4368595926966292 0.7768801888888889 0.38674960674157305 0.7472324962962963 0.3689550589887641 0.7991159555555556 0.40100978370786516 0.8157927814814815
0 0.31040493258426965 0.8491464333333334 0.3234889494382022 0.8250576851851852 0.3040599297752809 0.8102338407407408 0.28960215730337074 0.8324696074074074 0.31040493258426965 0.8491464333333334
0 0.04330325842696629 0.7620563407407407 0.04650908426966292 0.7398205740740741 0.03538808146067416 0.7324086518518519 0.020930303370786517 0.7546444222222223 0.024789685393258425 0.7750272074074075 0.04330325842696629 0.7620563407407407
0 0 0.7877103333333334 0.00483688202247191 0.7898510518518519 0.009350991573033707 0.7731742259259259 0 0.7682001444444444 0 0.7877103333333334
0 0 0.6890603259259259 0.020604115168539328 0.6934960592592593 0.003989261235955056 0.5989940444444445 0 0.5963352814814815 0 0.6890603259259259
0 0.3790574915730337 1 0.38255933426966293 0.9844140185185185 0.3686253426966292 0.9770020962962963 0.3599244887640449 0.9918259407407407 0.37130266292134834 1 0.3790574915730337 1
0 0.48108053932584266 0.9010298888888889 0.48559464887640447 0.884353062962963 0.47166065730337076 0.8769411407407408 0.46570731741573035 0.8954709481481481 0.48108053932584266 0.9010298888888889
0 0.7398087247191012 0.9844140185185185 0.7332018314606742 0.9603252740740741 0.7176976629213483 0.9621782518518518 0.7186131095505618 0.9899729629629631 0.7398087247191012 0.9844140185185185