0 0.3793196052631579 0.4813696029411765 0.38069674473684206 0.5144729669117647 0.2712606894736842 0.5705347573529411 0.15410909210526316 0.5991709227941177 0.1507038894736842 0.6121407573529412 0.18918040789473684 0.6204052022058824 0.38346397368421054 0.5493832977941177 0.35376114736842107 0.6255879301470588 0.2756851763157895 0.7084975330882353 0.2851098 0.7137900514705882 0.3433925236842105 0.6608192794117647 0.40787359210526314 0.5671962352941177 0.41589516315789476 0.6019781654411764 0.38865353684210524 0.7057368272058824 0.39497898684210525 0.7313554852941176 0.3814852789473684 0.8495057426470588 0.39199396315789475 0.8492489301470588 0.40115142105263163 0.7532959889705882 0.44337804210526316 0.6620577426470587 0.44257409999999997 0.737556143382353 0.4284942394736842 0.7784010220588236 0.43295759473684214 0.8224746360294117 0.44516240526315787 0.8313811029411765 0.4543069052631579 0.7667245477941177 0.4918782921052631 0.7216236948529412 0.5098224 0.6788434338235294 0.5677602263157895 0.7124055220588236 0.5378161447368421 0.6247719154411765 0.5487968315789474 0.6042531727941176 0.5886634447368421 0.6143245919117648 0.6001031763157895 0.6048403014705882 0.4825443578947369 0.4972564669117647 0.5020186184210527 0.49125772058823525 0.5183937052631579 0.5055851139705883 0.5709500868421052 0.47300467647058825 0.47250767368421054 0.4772513455882353 0.5216718052631579 0.4263443566176471 0.46633524210526317 0.4553108382352941 0.4589257289473684 0.43524151470588235 0.4802620815789474 0.41078780882352944 0.45722960263157897 0.4260782389705882 0.43961743947368426 0.41362202205882354 0.43452906842105266 0.3861321948529412 0.4193781 0.40123001102941175 0.38461281315789475 0.38735203676470586 0.3591320894736842 0.3437920441176471 0.3591191342105263 0.3750884301470588 0.35000054210526316 0.3771522169117647 0.3174033815789474 0.35217558088235296 0.2738514447368421 0.28512491911764704 0.26627596315789476 0.29267383088235294 0.2977761052631579 0.35449617647058823 0.3507526631578947 0.4268393566176471 0.3315844342105263 0.4401944044117647 0.26080382631578947 0.4456060220588235 0.2550774815789474 0.46599635661764705 0.35846820526315787 0.45426498529411763 0.3618604526315789 0.4725915404411764 0.3793196052631579 0.4813696029411765
0 0.58937915 0.3786661029411765 0.5861269631578948 0.3953140882352941 0.6031270684210527 0.3930576948529412 0.6063792552631578 0.3764097095588235 0.58937915 0.3786661029411765
0 0.8804737815789474 0.13775232352941177 0.866100847368421 0.13994451470588237 0.8628486605263158 0.15659249632352942 0.8804737815789474 0.13775232352941177
0 0.6447416289473684 0.2871068419117647 0.6342329447368421 0.28736365073529413 0.6365411289473684 0.31123953308823527 0.6447416289473684 0.2871068419117647
0 0.7455440473684211 0.18155051102941178 0.7300870500000001 0.1892920294117647 0.7320892052631579 0.20581161029411765 0.7455440473684211 0.18155051102941178
0 0.8505037921052632 0.11271148897058823 0.8302514999999999 0.13161586397058822 0.8396761210526316 0.13690838602941177 0.8505037921052632 0.11271148897058823
0 0.7627854078947368 0.34313236029411764 0.7400589578947367 0.3657790845588235 0.7545849052631578 0.3672650477941176 0.7627854078947368 0.34313236029411764
0 0.7892489973684211 0.25227932352941174 0.7859968131578947 0.26892730882352944 0.8029969184210526 0.26667091911764707 0.8111974157894737 0.2425382242647059 0.7892489973684211 0.25227932352941174
0 0.8088503657894737 0.3125515036764706 0.8164128921052631 0.33629898161764704 0.830479797368421 0.3267504926470588 0.8321888736842105 0.30461737867647054 0.8088503657894737 0.3125515036764706
0 0.8204949342105263 0.18155981985294117 0.8149216052631579 0.20562830882352942 0.8343958684210526 0.1996295625 0.8450705236842105 0.17175451838235295 0.8204949342105263 0.18155981985294117
0 0.7130739894736843 0.22284480514705884 0.7279059684210526 0.23168706985294119 0.7340913605263159 0.2223311875 0.7171042105263158 0.1932911911764706 0.6994790868421052 0.21213136397058824 0.7166322078947369 0.2135531213235294 0.7130739894736843 0.22284480514705884
0 0.815738502631579 0.09883351470588235 0.7732188105263158 0.15141907352941178 0.7929991 0.15277663235294117 0.815738502631579 0.09883351470588235
0 0.6921837236842104 0.2896293492647059 0.7037894263157894 0.2525268235294118 0.6886384631578947 0.2676246433823529 0.6762417710526316 0.3489291875 0.6535153236842105 0.37157591544117646 0.6556704921052632 0.39177364705882356 0.68041205 0.3543501102941176 0.7000393289473684 0.3520295183823529 0.704069547368421 0.3224759007352941 0.6932548315789474 0.3153764080882353 0.6921837236842104 0.2896293492647059
0 0.8262188263157894 0.540404275735294 0.8333223078947369 0.5531173014705882 0.8424409 0.5510535147058824 0.8392016657894737 0.5364051139705882 0.8262188263157894 0.540404275735294
0 0.8636631052631579 0.4290325 0.8482061105263159 0.4367740183823529 0.8576307315789473 0.4420665330882353 0.8636631052631579 0.4290325
0 0.8696825263157895 0.44729485294117644 0.8571587289473684 0.4623284705882353 0.8831244131578947 0.45433014338235295 0.8696825263157895 0.44729485294117644
0 0.759953397368421 0.46470395588235297 0.7859061236842104 0.48800201470588234 0.7973458552631578 0.4785177279411765 0.789949297368421 0.4271520147058824 0.7622874921052631 0.4259870661764706 0.7593413368421053 0.4499913529411765 0.759953397368421 0.46470395588235297
0 0.8568786131578948 0.39237939338235295 0.8363202868421054 0.4039274669117647 0.8457449105263157 0.40921998161764706 0.8568786131578948 0.39237939338235295
0 0.9001868447368422 0.6748266102941177 0.9026350894736842 0.7336770330882354 0.9126717710526315 0.7536821544117647 0.9197882078947368 0.7350987941176471 0.943891797368421 0.7455554264705883 0.9551785131578947 0.7323929852941177 0.9505621421052631 0.6846412205882353 0.9259995078947368 0.6631501323529412 0.9001868447368422 0.6748266102941177
0 0.8919733894736842 0.7302556911764706 0.850397694736842 0.7423173823529412 0.8791306078947368 0.7692293933823529 0.8919733894736842 0.7302556911764706
0 0.9073915184210527 0.8164033345588235 0.8968698789473685 0.8479565294117647 0.9276179 0.8600917316176471 0.9271718078947369 0.8177608897058823 0.9073915184210527 0.8164033345588235
0 0.2323485815789474 0.8678778823529412 0.2369779052631579 0.8843332610294118 0.2508917947368421 0.8711066176470589 0.24765256315789475 0.8564582132352941 0.2323485815789474 0.8678778823529412
0 0.09947282368421052 0.8030100992647059 0.09374648157894737 0.8234004375 0.10827242894736842 0.8248864007352941 0.11925311842105263 0.8043676580882353 0.09947282368421052 0.8030100992647059
0 0.43537992894736843 0.943917830882353 0.4404683 0.9714076580882354 0.45206104736842107 0.9656015220588235 0.4458886131578947 0.9436610220588235 0.43537992894736843 0.943917830882353
0 0.46398573684210526 0.9045589154411765 0.4670849105263158 0.8842327794117647 0.45642320789473684 0.8808114375 0.4496387157894737 0.8441583308823529 0.43913002894736847 0.8444151360294118 0.4397420921052631 0.8591277463235294 0.46398573684210526 0.9045589154411765
0 0.17113510789473685 0.5343217573529412 0.13481375789473685 0.546255044117647 0.1760704657894737 0.5581334375 0.17113510789473685 0.5343217573529412
0 0.18427096315789473 0.5340007463235293 0.20729048684210527 0.5500067095588235 0.23449324736842106 0.5401372022058823 0.2127108 0.5222600661764706 0.18427096315789473 0.5340007463235293
0 0.5451867894736842 0.7387304007352942 0.5349841368421052 0.7463435147058823 0.5444087578947369 0.7516360367647058 0.5451867894736842 0.7387304007352942
0 0.6403794657894737 0.37189692647058825 0.6258535184210526 0.37041096323529416 0.6173469868421053 0.38718735294117645 0.6403794657894737 0.37189692647058825
0 0.5328702868421052 0.2530218272058824 0.5251417868421052 0.2568925845588235 0.529618097368421 0.2696698125 0.5328702868421052 0.2530218272058824
0 0.5333410605263158 0.42237729044117645 0.5438942210526315 0.4389935036764706 0.5530448447368421 0.42189577573529413 0.5333410605263158 0.42237729044117645
0 0.5310017210526315 0.47152511029411764 0.5272831342105263 0.43479707720588234 0.517794602631579 0.45957611764705886 0.5223091657894737 0.4732728823529411 0.5310017210526315 0.47152511029411764