0 1 0.30614908181818185 0.9334015303030304 0.25814204318181816 0.9497769121212121 0.21942437954545455 0.9358823484848485 0.21380177727272728 0.8980929939393939 0.24806631590909092 0.8799194818181818 0.24814565227272728 0.8124178666666666 0.19729098863636366 0.8356972636363637 0.17672962045454546 0.8240912121212122 0.1551838977272727 0.7550607212121212 0.1691250818181818 0.710030796969697 0.1454519659090909 0.7048864393939394 0.10000833636363636 0.648462009090909 0.059335181818181815 0.6561737242424243 0.02974855909090909 0.6708952272727272 0.020591072727272727 0.6609600121212121 0.005768224999999999 0.4941820666666667 0.004312747727272728 0.07794839696969698 0.006129852272727272 0.03910131818181818 0.01766596363636364 0.03272616363636363 0.010873884090909091 0.030120333333333332 0.019978477272727273 0.020716263636363638 0.013199618181818182 0.018427748484848485 0.029122738636363638 0.0005564545454545454 0.02390946590909091 0.011712875757575757 0.5032726045454545 0.017908615151515154 0.6364072840909091 0.048870893939393936 0.6507385977272727 0.03885142727272727 0.6632855113636363 0.022966430303030305 0.6474417295454546 0.018835563636363635 0.6563256477272726 0.020672745454545456 0.6958031772727272 0.03520711212121212 0.6826245068181818 0.03637060909090909 0.7076257772727272 0.022581818181818182 0.7042760159090908 0.021190757575757578 0.7069342795454545 0.025800660606060604 0.8059923386363637 0.047928593939393936 0.8257871499999999 0.027559124242424245 0.8437783477272728 0.02894738181818182 0.8736094068181819 0.04868823636363637 0.8746598795454545 0.07969859090909091 0.8574747181818182 0.10317029696969696 0.8084962045454546 0.2599721181818182 0.8578243704545454 0.2988384333333333 0.8792510886363636 0.33562777878787875 0.9211466113636364 0.36915742727272727 0.9255468431818182 0.39546574242424243 0.9049722522727273 0.41730280303030304 0.9185167477272728 0.4565729696969697 0.9160720068181818 0.5240553545454545 0.9339638409090909 0.5564215060606061 0.9133628045454546 0.5734507575757576 0.9212450249999999 0.5981244333333333 0.9631934431818182 0.7282813848484848 0.993314840909091 0.770541996969697 0.9249312159090909 0.798629203030303 0.9100321204545454 0.8558613363636364 0.9029623568181817 0.9007470121212121 0.8584369659090909 0.8970834606060605 0.8448131340909091 0.8801599818181818 0.8392037545454546 0.8414186727272727 0.853012709090909 0.8017254181818182 0.8463660795454545 0.7409547424242424 0.8750476863636364 0.7457433151515152 0.8477471272727273 0.7691284848484848 0.8294586022727273 0.7512338181818182 0.7704308068181818 0.7676284363636364 0.7646759727272727 0.7952060212121211 0.7713754954545454 0.797831087878788 0.7952337318181819 0.820812406060606 0.8008166636363636 0.8335434757575757 0.7814379977272727 0.8084659484848485 0.7633610431818181 0.8110717787878787 0.75425645 0.8698712575757577 0.7483164931818181 0.914862706060606 0.7060639477272728 0.9097375818181818 0.6935831454545455 0.8705731878787879 0.6983007318181818 0.8408994 0.6791071863636364 0.9296130333333334 0.5673279840909091 0.9260167787878788 0.49005133181818183 0.9125260696969697 0.4605572704545454 0.9232667030303031 0.4309574227272727 0.9885278696969697 0.40111956363636364 1 0.37877083636363634 1 0.30614908181818185
0 0.17141231818181818 0.8752607681818182 0.15961396060606062 0.8821321886363637 0.16912380303030303 0.8911838909090909 0.18060484848484848 0.8774939431818182 0.17558549393939393 0.8672859840909092 0.1590851 0.8707679749999999 0.17141231818181818 0.8752607681818182
0 0.19983607878787876 0.9001430295454546 0.2146633515151515 0.8932583863636363 0.20619199393939394 0.8739722818181818 0.1811337090909091 0.8888581545454545 0.19983607878787876 0.9001430295454546
0 0.21636511515151513 1 0.20635547878787877 0.9751336159090909 0.18045101212121212 0.9718367477272727 0.16827565757575758 1 0.21636511515151513 1
0 0.08713146666666667 0.8869952249999999 0.12150728787878788 0.9095782 0.12235346666666666 0.9277609409090909 0.15433500303030304 0.9639941931818182 0.17261428787878788 0.9661876977272728 0.18377801212121211 0.9456792227272728 0.1605659090909091 0.9025877704545454 0.13612302121212122 0.8981478704545455 0.14372896363636362 0.8662884045454545 0.08753531515151515 0.8631237659090909 0.08713146666666667 0.8869952249999999
0 0.0336618 0.9749132522727273 0.03840916363636364 0.9792767568181818 0.061073166666666664 0.9780411613636364 0.07181380303030303 0.948441315909091 0.048515166666666665 0.9360398545454545 0.03243786363636363 0.9486132159090909 0.0336618 0.9749132522727273
0 0.5813067242424242 0.9598569045454546 0.5672006151515151 0.9496886181818183 0.5461039606060606 0.9520540204545455 0.5428827333333333 0.9804843886363637 0.5731719151515151 0.980352159090909 0.5813067242424242 0.9598569045454546
0 0.503225690909091 1 0.5162571 0.9942404522727273 0.5138435787878788 0.9749279022727273 0.4894006878787879 0.970488 0.44919780606060605 0.9854399886363636 0.4498753939393939 1 0.503225690909091 1
0 1 0.8104246977272727 0.9936722969696969 0.8046086409090909 0.9754987848484848 0.8046879772727272 0.9657966333333334 0.8240534204545454 0.9904510696969697 0.8330390068181819 1 0.8208518477272727 1 0.8104246977272727
0 1 0.5484958431818182 0.9905952515151515 0.5431920636363636 0.9515366272727274 0.5501824909090909 0.9446518545454546 0.564989025 0.9631426787878788 0.571728215909091 0.9978165818181818 0.5681668863636363 1 0.5626658704545454 1 0.5484958431818182
0 0.8447840181818183 0.17668995227272727 0.841947406060606 0.14828602954545453 0.9205935121212121 0.14566938863636364 0.9287283181818182 0.1251741340909091 0.9456517999999999 0.1307835159090909 0.9281129212121212 0.1444999090909091 0.949526893939394 0.14895303409090907 0.9485941818181819 0.16146027954545455 0.9602867696969697 0.15231601818181817 0.995362606060606 0.1573914909090909 0.9884394545454546 0.00862615 0.7266044454545455 0.006341106818181818 0.7062037636363637 0.0306668 0.6995990242424243 0.006105429545454546 0.6640156696969697 0.005794890909090909 0.6739241454545455 0.02057785 0.6478273727272726 0.045698125000000006 0.6645585484848484 0.07972465227272728 0.7047806636363636 0.09773549318181818 0.7101173363636364 0.11476197954545456 0.7367429666666667 0.1010059159090909 0.773407303030303 0.10766576590909091 0.7917058242424243 0.14282210227272726 0.8270143575757576 0.15289782954545456 0.8447840181818183 0.17668995227272727