0 0.019991686915887853 0.3756956083333333 0.021567642523364485 0.4138137708333333 0.03509992056074766 0.42001107499999996 0.057599446261682244 0.4022677375 0.0599698691588785 0.3731485 0.04680551869158879 0.3480618958333333 0.019991686915887853 0.3756956083333333
0 0.19163930841121496 0.27882857916666665 0.2075420093457944 0.25590664166666666 0.20063585514018692 0.24015852916666666 0.18476245327102803 0.2483510625 0.19163930841121496 0.27882857916666665
0 0.27823811448598135 0.42204711666666667 0.24956829906542055 0.38626374583333334 0.22935128971962618 0.41907605833333333 0.2269808691588785 0.4481953 0.2292633878504673 0.463264275 0.2533681658878505 0.4689096916666667 0.2738945046728972 0.44666689583333336 0.27823811448598135 0.42204711666666667
0 0.368252535046729 0.5089373291666667 0.39546360046728973 0.44768491666666665 0.35681064485981306 0.4483218666666666 0.32898091822429903 0.48843525416666667 0.3385082242990654 0.5150924499999999 0.368252535046729 0.5089373291666667
0 0.43425007943925237 0.5459939083333333 0.43120239485981304 0.5834329333333332 0.45691243224299066 0.6124671125 0.4389779392523364 0.6603483958333333 0.4567952242990654 0.6713847333333334 0.47673220560747664 0.6132735041666667 0.5227178481308411 0.5800365583333333 0.5274000887850467 0.5512568874999999 0.5188593785046729 0.5268494208333333 0.4561016448598131 0.52184095 0.43425007943925237 0.5459939083333333
0 0.6361890887850468 0.6661625708333333 0.6225982079439253 0.689424075 0.6041622593457945 0.6572487166666666 0.5740793154205608 0.6675637208333334 0.5852118738317758 0.7176096708333334 0.607991429906542 0.7251652541666667 0.6262059509345794 0.7025828916666667 0.626795308411215 0.7384513208333333 0.6383544018691589 0.7401491666666666 0.6509293901869159 0.7293673374999999 0.6605738971962616 0.6971069125 0.6559795630841122 0.6816983708333333 0.6361890887850468 0.6661625708333333
0 0.7281310771028038 0.6144180916666666 0.7272323878504673 0.5679801458333333 0.7160412266355141 0.547393 0.6698048551401868 0.5406016208333334 0.6708956705607477 0.6565267 0.684089320093458 0.6668839 0.7154974883177571 0.6546587291666667 0.7281310771028038 0.6144180916666666
0 0.774575894859813 0.8485601625 0.8000645023364487 0.8228366166666666 0.8031121869158878 0.7853975875 0.7902864719626168 0.7561511 0.7582596425233644 0.7472372375 0.7440207967289719 0.7640891208333334 0.7389999252336449 0.7970286875 0.7534601962616821 0.8349345333333333 0.774575894859813 0.8485601625
0 0.47414369392523364 0.9180915458333333 0.4877345771028037 0.8948300416666667 0.4692693271028037 0.8773840875 0.45931548831775704 0.8990749958333333 0.47414369392523364 0.9180915458333333
0 0.4844880934579439 0.20186887083333332 0.44981081308411214 0.1967753375 0.43720652336448595 0.22228657083333334 0.44574723598130844 0.2466940333333333 0.48174973831775697 0.24987740416666665 0.4844880934579439 0.20186887083333332
0 0.5083128457943925 0.18221537083333333 0.5105660607476635 0.21201375 0.5257328948598131 0.22687040833333333 0.5458913014018691 0.22351690416666664 0.5942473691588785 0.16116072083333333 0.5262180327102803 0.1490634916666667 0.5083128457943925 0.18221537083333333
0 0.6662100957943925 0.3548498375 0.6410894205607477 0.36168409583333333 0.6436519672897196 0.40205199166666666 0.6664901238317756 0.38014875833333334 0.6674474158878504 0.3971278916666667 0.6819662897196261 0.40557493333333333 0.687944453271028 0.38961450416666665 0.6662100957943925 0.3548498375
0 0.6613943294392524 0.28468356666666667 0.6733506565420561 0.2527627125 0.6614822359813084 0.24049535416666667 0.6435770443925234 0.27364723333333335 0.6613943294392524 0.28468356666666667
0 0.7608904369158879 0.25509682083333335 0.7246372056074766 0.21188512499999998 0.7110756214953271 0.220417225 0.7258159228971963 0.28362199166666663 0.7452970654205607 0.2885882708333333 0.7608904369158879 0.25509682083333335
0 0.6618631495327102 0.04901309166666667 0.6599192640186916 0.029784225 0.640099488317757 0.02897783333333333 0.6377290700934579 0.058097075000000005 0.6446645257009347 0.05911577916666667 0.6618631495327102 0.04901309166666667