0 0.5450515929853181 1 0.5484659314845024 0.9964818956521738 0.5633080766721045 0.989183868115942 0.5947675065252855 0.9903177695652173 0.8880377569331159 0.8756167521739131 0.8969464477977163 0.8616806869565217 0.8939903597063622 0.828495263768116 0.8665429477977161 0.6734947826086957 0.8406658768352366 0.5537148173913043 0.8347537006525286 0.4873439724637681 0.8383295171288744 0.4471245188405797 0.8462535546492659 0.420135552173913 0.8650662275693312 0.3754499188405797 0.894164828711256 0.33868624927536234 0.8967453539967373 0.3152802971014493 0.8906188001631321 0.2952797739130435 0.8625388947797715 0.2495238536231884 0.8419840587275693 0.18589367971014492 0.8289266313213703 0.18204190144927537 0.8146786835236541 0.18761442028985506 0.7998429233278956 0.17699260579710147 0.7763128491027732 0.13393653623188406 0.7597072659053834 0.09265156376811594 0.750015533442088 0.08300408985507246 0.721523893964111 0.08220256666666667 0.706887616639478 0.06702339565217391 0.6966165815660685 0.01728846666666667 0.6963880220228384 0.014397873913043478 0.5523198703099511 0.011419255072463767 0.554550969004894 0.022085979710144928 0.5642214249592169 0.09146625942028985 0.5713028450244698 0.20814561304347826 0.5592087944535074 0.27707954202898555 0.5453449216965742 0.31535031304347827 0.5360393907014682 0.3324278115942029 0.5105059673735726 0.3588384304347826 0.4895202479608483 0.3939221797101449 0.4845544265905383 0.44812328840579707 0.4734577960848287 0.49427043478260874 0.47146933931484497 0.5219241579710145 0.47600215008156604 0.5724102536231884 0.4777315473083198 0.7165657449275362 0.49607503915171286 0.8781130869565217 0.492308248776509 0.8989967739130434 0.4685552862969005 0.9262041492753623 0.46142492985318107 0.9469102492753623 0.4639905611745514 0.9653172637681159 0.4806025277324633 0.9886823942028985 0.48457879363784667 1 0.5450515929853181 1
0 0.43692135889070144 0.30400384782608697 0.4521709820554649 0.26369798695652175 0.44445706769983684 0.2562631927536232 0.4160377691680261 0.05237012608695652 0.4103963597063622 0.03217985797101449 0.266244411908646 0.08855917101449276 0.2707953075040783 0.0882723811594203 0.2787065791190865 0.09712309710144928 0.29018302854812394 0.09562076521739131 0.30774986052202286 0.21566472608695653 0.31644204567699835 0.2540722623188406 0.32612952365415987 0.27566629565217393 0.35283006280587276 0.305537468115942 0.3712267463295269 0.31775279275362317 0.40169194861337687 0.3327135565217391 0.42721686052202285 0.33019605942028984 0.43335192577487763 0.3263034623188406 0.43692135889070144 0.30400384782608697
0 0.1799742308319739 0.6523551333333334 0.17781182381729202 0.6128868449275363 0.17029951957585646 0.594921415942029 0.1606056590538336 0.5912472231884057 0.1613993401305057 0.5849643565217392 0.15586272756933117 0.5751848869565217 0.14280317210440455 0.5773063898550724 0.1408210995106036 0.5870402724637681 0.15128736296900488 0.6441644043478261 0.16077961174551386 0.6583692333333333 0.17027611500815662 0.6606275028985508 0.1799742308319739 0.6523551333333334
0 0.3935160391517129 0.7890707695652175 0.3891678197389886 0.7758402826086956 0.3818443613376835 0.7831838971014493 0.38629019657422514 0.8001089869565218 0.3935160391517129 0.7890707695652175
0 0.43961706606851547 0.7904506405797102 0.4358587862969005 0.7874412057971014 0.4261606712887439 0.7957135753623189 0.42516750652528545 0.8065537956521739 0.4304070212071778 0.8171960217391305 0.44139327161500813 0.8031939565217392 0.43961706606851547 0.7904506405797102
0 0.40704026101141927 0.8711283666666667 0.4138713923327895 0.8572583 0.4136804184339315 0.8379225333333333 0.4093300709624796 0.8306653260869565 0.4064609584013051 0.8310409101449275 0.40101344942903755 0.8488491652173913 0.4025901712887439 0.8661498376811594 0.40704026101141927 0.8711283666666667
0 0.3627303352365416 0.8406788478260869 0.36718893637846656 0.821764252173913 0.36461904893964114 0.8153038014492754 0.35076794208809137 0.8177348884057971 0.3382007145187602 0.8263828405797101 0.33809458972267536 0.8465813608695651 0.3451166933115824 0.8520470594202898 0.3627303352365416 0.8406788478260869
0 0.2651634942903752 0.9012349260869564 0.2737772145187602 0.8821883347826087 0.26983008972267536 0.8538698521739131 0.25994312805872755 0.8368331753623188 0.25192785970636217 0.8422076971014492 0.24984391761827082 0.8601935391304348 0.2539905261011419 0.8839546637681159 0.2651634942903752 0.9012349260869564
0 0.14946935399673736 1 0.15779028466557912 0.9962351753623189 0.15661040293637848 0.9757930695652175 0.15285212398042414 0.9727836347826087 0.1460252479608483 0.9747071405797101 0.14255981158238173 0.9827815130434783 0.1453387960848287 1 0.14946935399673736 1
0 0.3792319216965742 0.8961890594202898 0.3756709983686787 0.894595547826087 0.3699285187601957 0.9072932768115942 0.3741769975530179 0.9228024420289855 0.3789263132137031 0.920944936231884 0.38219439233278957 0.91145464057971 0.3792319216965742 0.8961890594202898
0 0.4849031345840131 0.8578461826086956 0.47837548531810764 0.8529336536231884 0.467094264274062 0.8618251913043479 0.4678815611745514 0.8734621695652174 0.4715400986949429 0.8787502811594203 0.4856904314845024 0.8694831608695652 0.4849031345840131 0.8578461826086956