0 0.6064363540209791 0.6044042087227415 0.597361784965035 0.5468410654205608 0.5898286346153846 0.5325207118380062 0.5749019632867133 0.5250248317757009 0.5684184702797203 0.5233655155763239 0.5595900935314685 0.532343253894081 0.5486899755244755 0.6810979392523364 0.5551336634615385 0.6913587336448598 0.5465245270979021 0.7042783348909657 0.545142951048951 0.7291296277258568 0.5487169265734266 0.7436969563862929 0.5459801066433566 0.7534985576323988 0.5946127325174826 0.7303431697819315 0.6030889781468531 0.7119285015576323 0.6064363540209791 0.6044042087227415
0 0.4933735865384616 0.5406014003115265 0.49521385489510483 0.5705830934579439 0.4798156363636364 0.5794547211838006 0.49236435576923077 0.6218388894080997 0.5008075340909091 0.6276754563862929 0.500767729020979 0.6362769361370717 0.489501381993007 0.641795176012461 0.5104399982517482 0.66731788317757 0.5135822316433567 0.6896512414330218 0.5238522036713287 0.694169992211838 0.5373770847902097 0.6795679049844237 0.5295383461538462 0.6628588971962617 0.5286613863636364 0.6470914485981308 0.5344871599650349 0.636925176012461 0.5299168076923076 0.6323948380062305 0.5207828426573426 0.6389839190031152 0.518125631993007 0.6315825607476635 0.5267347683566433 0.61866296105919 0.5231607928321679 0.6040956323987539 0.5285946293706294 0.5930939096573209 0.5387782517482517 0.5991658676012461 0.5468692980769231 0.5955655031152648 0.553432402972028 0.5800218582554517 0.5486428111888112 0.5715496588785047 0.5472875646853147 0.5564999657320873 0.5369312456293706 0.5535344205607476 0.5311918208041958 0.5621474875389408 0.5254922010489511 0.5621590732087227 0.5365325708041958 0.5370492149532711 0.5265149064685314 0.5122210919003115 0.5133752237762238 0.5120088753894081 0.5121596075174825 0.5181040046728972 0.5168628513986014 0.5281294080996884 0.5130365673076923 0.533871453271028 0.5138271791958042 0.551192109034268 0.5096089589160839 0.5560987024922118 0.5012055865384615 0.5416606542056075 0.4982825935314686 0.5232691604361371 0.49070963811188817 0.5175502866043614 0.487275291958042 0.5241277819314641 0.4933735865384616 0.5406014003115265
0 0.5875958068181818 0.3992035638629283 0.5945575865384616 0.4001451230529595 0.5986429143356643 0.38974345950155764 0.6089196232517483 0.4099119657320872 0.6248426704545454 0.4073708551401869 0.6328871730769231 0.3967222180685358 0.632614652097902 0.3700823271028037 0.6261244213286713 0.3527732585669782 0.6134562858391609 0.33619353115264794 0.6230219938811189 0.32183842056074763 0.6194945611888112 0.3143193676012461 0.6105332928321678 0.31780203426791276 0.5951614038461538 0.2867726744548287 0.5895083269230769 0.2938325342679128 0.5906443330419581 0.3049403660436137 0.5980445917832168 0.3137656495327103 0.5999644702797203 0.3265443816199377 0.5919199676573427 0.3371930202492212 0.584001618006993 0.3376869719626168 0.577830451048951 0.35406606853582556 0.5710879125874125 0.35706637071651093 0.5714400437062936 0.366503300623053 0.5848920541958041 0.38475392990654206 0.5875958068181818 0.3992035638629283
0 0.43856917045454546 0.4776358785046729 0.42865806905594406 0.4982038130841122 0.42026143444055947 0.49941551869158873 0.4199160410839161 0.5056283426791277 0.43249109003496505 0.5081115218068536 0.444069763986014 0.5206316915887851 0.4538149064685315 0.5188199236760124 0.46098918706293707 0.5080535919003115 0.46255019667832165 0.4957456401869159 0.45218713986013986 0.4771303395638629 0.43856917045454546 0.4776358785046729
0 0.4586173513986014 0.45609162616822435 0.4760683409090909 0.46549379906542054 0.48146911013986016 0.47874331152647975 0.4877333636363636 0.4764607632398754 0.4917654117132867 0.44336107165109034 0.485753465034965 0.42533424766355143 0.47483251136363636 0.4246396651090343 0.4592217910839161 0.44521918535825544 0.4586173513986014 0.45609162616822435
0 0.5621670708041958 0.45444756697819316 0.5525878872377622 0.43750316666666667 0.5232195681818181 0.4374434034267913 0.5215256669580419 0.4442562866043614 0.5345459344405594 0.4702729454828661 0.5548200935314686 0.4683203099688473 0.5621670708041958 0.45444756697819316
0 0.5453070445804197 0.40287344236760125 0.5284672325174825 0.39824858411214953 0.5077147875874126 0.4009189735202492 0.5055891442307693 0.41549788785046726 0.5230401337412588 0.42490006074766357 0.5486617805944056 0.41349890965732083 0.5453070445804197 0.40287344236760125
0 0.5472722237762238 0.21770043613707163 0.5397788784965035 0.19477860436137073 0.529555451048951 0.1973081277258567 0.525603013986014 0.2132048582554517 0.5336609921328672 0.23385572897196263 0.5395798522727273 0.2377860046728972 0.5472722237762238 0.21770043613707163
0 0.4815529711538462 0.06719007788161993 0.49203544405594407 0.06000093613707165 0.49368280332167835 0.04613977725856698 0.48139986625874126 0.014745747663551403 0.47426539073426577 0.01691059968847352 0.4686257893356643 0.055269968847352025 0.4720668741258741 0.06434222897196261 0.4815529711538462 0.06719007788161993
0 0.7022373111888112 0.08764765576323988 0.7205983286713287 0.08856604205607477 0.7276862613636363 0.07935291588785047 0.728808791083916 0.05916123676012461 0.7231887814685314 0.041969862928348915 0.7151473068181818 0.03305785669781932 0.6991299816433567 0.03089156230529595 0.6942522054195804 0.03414406853582554 0.6940929842657343 0.06854998909657321 0.7022373111888112 0.08764765576323988
0 0.7786595209790209 0.4399107476635514 0.7633476503496504 0.44722916978193145 0.7638792167832168 0.46920944236760126 0.7604050655594407 0.4843884174454829 0.7701171407342657 0.5068278831775701 0.7857811424825175 0.5089463925233645 0.7963499632867133 0.5002040451713395 0.8037300096153847 0.46208006542056074 0.8009864501748252 0.4562319127725857 0.7888033374125875 0.4545841838006231 0.7867107613636364 0.44491186292834894 0.7786595209790209 0.4399107476635514
0 0.9956149143356643 0.08585664485981308 0.9947514291958042 0.10138870249221185 0.9867467316433567 0.1034358613707165 0.9886733496503497 0.1318643473520249 0.9944660550699301 0.14594930996884733 0.9977420655594406 0.1486451448598131 0.998741756993007 0.08742302647975078 0.99831193006993 0.08465652180685358 0.9956149143356643 0.08585664485981308
0 0.9934966302447552 0.21858531931464173 0.9859702176573427 0.21991472118380062 0.9832333968531468 0.22971632242990656 0.9862825445804195 0.2379531308411215 0.9836786153846154 0.2532498021806854 0.986382368006993 0.26769943457943923 0.9943472613636364 0.2742537570093458 0.9957043968531468 0.27343404984423675 0.9965461730769231 0.22188282866043615 0.9934966302447552 0.21858531931464173
0 0.7289068522727273 0.8932578380062306 0.7344270367132867 0.8807029096573208 0.7674887473776224 0.8695255607476635 0.7784427683566434 0.8459689112149532 0.7960199117132868 0.8452163971962616 0.8056719676573426 0.8293080809968848 0.8135903173076924 0.8288141292834891 0.8171110113636364 0.8206834283489097 0.8136699274475524 0.8116111697819314 0.7932628776223777 0.8080687352024922 0.7804287823426573 0.8102451744548287 0.7719923417832167 0.8200583613707165 0.7520635777972028 0.8157981728971962 0.7383194545454546 0.8264583971962616 0.7391829396853147 0.8109263380062305 0.7324404003496504 0.8139266401869159 0.7238447395104896 0.8581457476635515 0.7208158059440559 0.8968582024922118 0.7227822281468532 0.9166852087227414 0.7277843225524476 0.9134495155763239 0.7289068522727273 0.8932578380062306
0 0.5921227255244755 0.9091856588785047 0.587911243006993 0.9297420062305296 0.6037877473776224 0.9201526230529595 0.6062189798951049 0.9079623644859813 0.6021269134615385 0.9027142725856697 0.5921227255244755 0.9091856588785047
0 0.5046784947552448 0.32148166666666667 0.49906522377622375 0.31994004672897197 0.49728497377622377 0.32830613707165107 0.5125637762237762 0.34523894859813087 0.5221362229020979 0.34653359345794393 0.5302670734265734 0.3343317492211838 0.5306988155594407 0.3265657211838006 0.5170275664335665 0.3043732289719626 0.5105440725524475 0.30271391433021805 0.5046784947552448 0.32148166666666667
0 0.5294697246503496 0.3013613411214953 0.5330038942307692 0.3245301479750779 0.544356590034965 0.3174587009345794 0.5511389344405594 0.3058569174454829 0.548003437937063 0.2991733146417445 0.5294697246503496 0.3013613411214953
0 0.42437920804195806 0.3622626168224299 0.4161087272727273 0.3533196370716511 0.40296904458041954 0.3531074205607477 0.4057193409090909 0.37460532710280375 0.41764340821678325 0.3809126744548287 0.4236884204545454 0.3746882632398754 0.42437920804195806 0.3622626168224299
0 0.3049664615384616 0.40479557009345796 0.31353579283216787 0.4004774501557632 0.31052645104895105 0.3836391604361371 0.2914213645104895 0.37244839096573207 0.28881069755244754 0.37209530685358255 0.28933552622377623 0.3784258271028037 0.29399896416083915 0.3970527102803738 0.3049664615384616 0.40479557009345796
0 0.26339543706293705 0.45863881931464173 0.27231016346153847 0.44810787694704046 0.27282825349650347 0.43878864018691593 0.26464412150349653 0.4282924548286604 0.2531585340909091 0.42986883333333337 0.25125213024475523 0.4483896105919003 0.25382299213286713 0.45734417445482867 0.26339543706293705 0.45863881931464173
0 0.318808541958042 0.1163816277258567 0.3138462534965035 0.11101584112149533 0.2979232054195804 0.11355695015576323 0.30258664423076925 0.13218383489096572 0.3129429632867133 0.13514938006230529 0.31994454720279725 0.12748945950155763 0.318808541958042 0.1163816277258567
0 0.29296091695804194 0.10819116355140186 0.2853879615384616 0.10247229127725857 0.27890446853146855 0.10081297663551402 0.2740818094405595 0.11659201090342679 0.2802199090909091 0.12446415109034269 0.29170549650349653 0.12288777258566978 0.29296091695804194 0.10819116355140186
0 0.419934388986014 0.24507758566978194 0.4270688645104895 0.2429127336448598 0.4384148216783217 0.22019153426791277 0.42631131993006993 0.2013408442367601 0.4171308111888112 0.20088165109034264 0.40795704020979023 0.2160722118380062 0.40883400087412586 0.23183966199376946 0.419934388986014 0.24507758566978194
0 0.8763693688811188 0.3146334439252337 0.8847592666083915 0.2977719828660436 0.8838823059440559 0.28200453271028036 0.8733465515734267 0.2664956464174455 0.8518567762237762 0.2745434096573209 0.8558692325174826 0.29699446105919003 0.8648837814685315 0.31620982087227417 0.8763693688811188 0.3146334439252337
0 0.6672955262237762 0.07744478971962616 0.6570188173076924 0.05727628504672897 0.6480575480769231 0.06075895327102803 0.6464101905594405 0.07462011214953271 0.6522892447552447 0.08715186915887851 0.6636021354895105 0.08868190186915888 0.6672955262237762 0.07744478971962616
0 0.6475596722027972 0.11702745171339564 0.6394618872377622 0.10497806074766355 0.630414270979021 0.11001393769470404 0.6290792386363636 0.1419135062305296 0.6333440017482517 0.14405518535825546 0.6478254545454545 0.12801758878504674 0.6475596722027972 0.11702745171339564
0 0.6243968304195804 0.28133737071651094 0.6182121879370629 0.2664169579439252 0.6011133295454545 0.26645171651090344 0.5998579090909091 0.28114832554517133 0.6118285192307692 0.294503945482866 0.6199195655594406 0.29090358099688474 0.6243968304195804 0.28133737071651094
0 0.8277373645104895 0.44028883800623053 0.8125847159090909 0.41320133956386296 0.8070179877622378 0.41870799532710284 0.8045071451048951 0.4481012118380062 0.8089047998251748 0.45573796105919007 0.8253526756993007 0.4595273707165109 0.8277373645104895 0.44028883800623053
0 0.8028401949300699 0.5175131137071651 0.8142792395104895 0.5088884610591901 0.8151427229020979 0.49335640342679127 0.8103531311188812 0.48488420249221187 0.803869638111888 0.48322488785046724 0.7967817062937063 0.49243801557632394 0.7961772666083916 0.5033104563862928 0.8028401949300699 0.5175131137071651
0 0.49864270629370633 0.7533558566978192 0.5069064501748252 0.7466490809968848 0.5099023164335664 0.7321878629283489 0.505896597902098 0.7253865638629283 0.49488929632867135 0.7262451853582554 0.4885852377622378 0.7371292149532711 0.4878944501748252 0.7495548613707165 0.49864270629370633 0.7533558566978192
0 0.26791561800699304 0.9529711604361372 0.2660820865384615 0.9386392211838005 0.2523777692307692 0.9406979657320872 0.250252125 0.9552768785046728 0.2529956844405594 0.9611250327102804 0.2636110498251748 0.9594309595015575 0.26791561800699304 0.9529711604361372
0 0.5072567159090909 0.4485859937694704 0.5034169571678322 0.42302852803738317 0.49867390909090903 0.42160460280373835 0.49254254720279717 0.42938221962616824 0.49106788548951047 0.4401369657320872 0.49433627272727276 0.45231563707165107 0.5072567159090909 0.4485859937694704
0 0.5125778741258742 0.4790384641744548 0.503696215909091 0.46531817289719624 0.4962561520979021 0.4650943691588785 0.49169253846153843 0.4762137866043613 0.4977442884615385 0.4856391323987539 0.5097547045454546 0.4903932725856697 0.5125778741258742 0.4790384641744548
0 0.530874 0.7334593348909657 0.5232079589160838 0.7136439143302181 0.5134628155594406 0.7154556822429906 0.5126856800699301 0.7294345358255452 0.5176945122377622 0.7418485981308411 0.5237860681818182 0.74267246105919 0.530874 0.7334593348909657
0 0.5864199965034965 0.3966972118380062 0.5815440559440559 0.38977821806853585 0.575930784965035 0.3882365996884735 0.5686701564685315 0.40055613862928346 0.5690688312937062 0.41704134267912774 0.5859882534965034 0.40446324143302176 0.5864199965034965 0.3966972118380062
0 0.498352979020979 0.08041641744548286 0.4970112089160839 0.09666623208722742 0.5119378802447552 0.10416211526479752 0.5149337465034965 0.08970089719626168 0.5102305026223777 0.07967549065420561 0.498352979020979 0.08041641744548286
0 0.5717841949300699 0.15529046417445483 0.5653405061188811 0.14502966978193146 0.5579004423076923 0.1448058660436137 0.5526393033216783 0.15270117757009344 0.553124326048951 0.16763317601246105 0.5703095323426574 0.16604521183800625 0.5717841949300699 0.15529046417445483
0 0.6199324187062937 0.21970308411214956 0.6186304545454546 0.22735141900311526 0.6238119833916084 0.23665906853582555 0.6324676634615385 0.2307877429906542 0.629763909965035 0.21633811059190033 0.6199324187062937 0.21970308411214956
0 0.4525447648601399 0.2972170124610592 0.44226805594405594 0.27704850623052957 0.43165269143356644 0.27874258099688476 0.43252965122377623 0.29451002959501554 0.44188959527972027 0.30751256542056077 0.4498079449300699 0.3070186137071651 0.4525447648601399 0.2972170124610592
0 0.4754706398601398 0.49201599376947036 0.46163343181818184 0.4885796697819314 0.4530573627622378 0.4772480342679128 0.43952574213286716 0.4762003660436137 0.42883076660839164 0.4950974003115265 0.42034778321678323 0.49786231308411216 0.4198296923076923 0.5071815498442367 0.43327496416083916 0.5097824236760125 0.44920475 0.5228910669781931 0.4600791590909091 0.5165373769470405 0.46251039160839164 0.5043471183800623 0.4719101407342657 0.508748176012461 0.476128361013986 0.5038415809968847 0.4754706398601398 0.49201599376947036
0 0.6236858295454545 0.24681375545171338 0.6239516127622378 0.2578038909657321 0.6353110463286713 0.266382199376947 0.6388317403846154 0.2582514984423676 0.629166208916084 0.24286030529595015 0.6236858295454545 0.24681375545171338
0 0.5933737928321678 0.1769890031152648 0.6023019947552448 0.19775756853582555 0.6123527255244755 0.19833445794392524 0.6093433846153846 0.18149616822429906 0.5994653505244756 0.17781286760124612 0.5933737928321678 0.1769890031152648
0 0.5902119685314685 0.2102063878504673 0.5884317185314686 0.21857247975077881 0.5980507071678323 0.22691539875389408 0.60165775 0.2172314906542056 0.5976520323426574 0.21043019158878504 0.5902119685314685 0.2102063878504673
0 0.5907900777972027 0.23923493769470405 0.5853029606643356 0.2275386308411215 0.5787331197552448 0.22743252180685355 0.5769528688811189 0.2357986121495327 0.581177826923077 0.24654177258566978 0.5888371311188811 0.25070743769470405 0.5907900777972027 0.23923493769470405
0 0.5794643339160839 0.30890540031152647 0.5760299877622378 0.3154828940809969 0.5804276424825175 0.3231196433021807 0.5873894213286713 0.3240612024922118 0.5887311914335664 0.3078113878504673 0.5794643339160839 0.30890540031152647
0 0.5469011223776225 0.3663142554517134 0.5430681013986014 0.3564065451713396 0.527709687937063 0.3566766931464174 0.525059215034965 0.3649250887850467 0.5312836634615384 0.37124402180685356 0.544423347027972 0.3714562398753894 0.5469011223776225 0.3663142554517134
0 0.2976489222027972 0.8912673582554517 0.2999141958041958 0.8978332663551402 0.2976158548951049 0.9155185919003115 0.3103636005244755 0.9148953582554518 0.305567270979021 0.8907734049844237 0.2976489222027972 0.8912673582554517
0 0.5548788688811189 0.30166808099688475 0.555231 0.3111050109034268 0.5656338627622378 0.32111883021806853 0.5675004615384615 0.3111995327102804 0.5610567736013986 0.300938738317757 0.5548788688811189 0.30166808099688475
0 0.5299810769230769 0.2763923504672897 0.5236237368881119 0.2645783489096573 0.517924118006993 0.26458993457943925 0.5171867875874127 0.2699673084112149 0.5213253968531468 0.28226367601246105 0.5264603828671328 0.2845230514018692 0.5299810769230769 0.2763923504672897
0 0.45242472727272726 0.22052144548286606 0.4590013068181818 0.23627730996884735 0.4675706381118881 0.23195919003115265 0.467218506993007 0.22252225856697816 0.4623425673076923 0.21560326635514018 0.45242472727272726 0.22052144548286606
0 0.47845852447552445 0.256905007788162 0.4752366809440559 0.2517746105919003 0.46792950874125877 0.2570458753894081 0.47659192657342664 0.2668243037383177 0.47845852447552445 0.256905007788162
0 0.6037209903846155 0.8661550841121495 0.6089821302447552 0.8582597757009346 0.6142830743006993 0.841762984423676 0.6131470681818182 0.8306551526479751 0.6046640856643357 0.8334200654205608 0.6002731687062937 0.8414330716510903 0.5994562272727273 0.8640134049844236 0.6037209903846155 0.8661550841121495
0 0.5713500673076922 0.864906785046729 0.5686995944055945 0.8731551806853581 0.5740538208041959 0.8793564190031153 0.5811882954545454 0.8771915669781931 0.581487146853147 0.8639304672897197 0.5713500673076922 0.864906785046729
0 0.7836230524475525 0.650276546728972 0.784978298951049 0.6653262414330219 0.796244645979021 0.6598080015576324 0.7966763881118881 0.6520419719626168 0.7908438767482517 0.6465584890965732 0.7836230524475525 0.650276546728972
0 0.7975061826923077 0.5582611386292835 0.7937595104895104 0.546800222741433 0.7845391966783216 0.5549425093457945 0.7863261844405595 0.5622261728971962 0.7975061826923077 0.5582611386292835
0 0.5807981215034965 0.07200581775700934 0.575483701048951 0.05720309968847352 0.5724810979020979 0.05601456386292836 0.5670472622377623 0.06701628660436137 0.5711858706293707 0.07931265420560747 0.5772774274475525 0.08013651713395638 0.5807981215034965 0.07200581775700934
0 0.5316345515734265 0.17568093925233647 0.5297679527972028 0.1856002352024922 0.539559638986014 0.19083674143302182 0.542210111013986 0.1825883457943925 0.5382043924825175 0.17578704828660435 0.5316345515734265 0.17568093925233647
0 0.5238288802447552 0.13472069626168223 0.5278811407342657 0.14857026791277259 0.5338863487762238 0.15094733956386291 0.535493902097902 0.1456876604361371 0.5300931328671329 0.13243814797507789 0.5238288802447552 0.13472069626168223