0 0.4680096483979764 0 0.3163594182124789 0.06226366816816816 0.3106805573355818 0.08306242342342343 0.31308415851602023 0.10208165915915916 0.32517482799325464 0.11558470420420419 0.35454142748735246 0.12199469819819819 0.36352633642495785 0.13831181831831832 0.38853248903878584 0.30194404354354354 0.42456564249578416 0.436425984984985 0.4335048650927487 0.4866183258258258 0.4425915708263069 0.5105883018018018 0.46504448903878587 0.5444597582582583 0.4838556720067454 0.5905989264264264 0.5126863001686341 0.6064625585585586 0.5435133347386172 0.6107340045045045 0.5566946534569983 0.6191724669669669 0.5796835438448567 0.6435902852852853 0.6090231635750422 0.6977181921921922 0.6328638490725126 0.8110442327327326 0.6419235750421586 0.8827321216216216 0.6460621795952782 0.9518237042042041 0.7979914789207421 0.8894454564564565 0.7763126762225969 0.7752318018018018 0.7729472048903878 0.7212120930930931 0.7826986627318718 0.6956633738738739 0.8091900792580101 0.6724752402402403 0.8157526821247891 0.6559304339339339 0.8205307504215851 0.6047229189189189 0.8313354502529511 0.5464242327327328 0.8424642478920742 0.5249268048048048 0.8572721897133221 0.5188470465465466 0.8685027866779088 0.5050024714714715 0.8711452411467115 0.43004890240240246 0.8855085801011804 0.3656723408408408 0.8860258482293423 0.34237601051051053 0.8774938187183811 0.32279509009009005 0.8406214494097808 0.3117721201201201 0.8113192386172007 0.28532959759759763 0.7968436736930861 0.26665000900900904 0.7829871753794266 0.23232694594594597 0.7711914730185497 0.16637916966966967 0.7641551349072513 0.035381186186186186 0.7609845581787521 0 0.4680096483979764 0
0 0.5041859983136594 1 0.5042064114671163 0.9638981141141141 0.4775819123102867 0.7532235060060061 0.48286897301854975 0.7402802642642643 0.4580498634064081 0.7150749564564565 0.448880063237774 0.6972948168168168 0.44211386340640807 0.6985339129129129 0.4175357596964587 0.7163196996996997 0.3928932672849916 0.7541380135135135 0.37884360033726816 0.7799125345345345 0.36162378161888703 0.8285336621621621 0.3581856450252951 0.8561070840840841 0.3600719772344014 0.8984226486486486 0.37220412984822937 1 0.5041859983136594 1
0 0.10151863659359191 0.6260011576576576 0.10663123355817875 0.6869981936936936 0.11103124030354132 0.6944252447447448 0.1238240699831366 0.686094978978979 0.1264582487352445 0.6727020135135136 0.12407335244519392 0.6675254684684685 0.13219818802698144 0.6564949699699699 0.13454567537942663 0.6339861306306306 0.12626292833052277 0.5958356996996996 0.11501362647554805 0.5958375810810811 0.10670389881956156 0.6054050615615616 0.10151863659359191 0.6260011576576576
0 0.28101700337268126 0.29684136036036035 0.2812714991568297 0.31597349849849854 0.2900528111298482 0.31698490840840843 0.29067187774030356 0.30134143543543546 0.28101700337268126 0.29684136036036035
0 0.3318507327150084 0.250577996996997 0.3178976492411467 0.24630372672672673 0.31576724957841484 0.2602593198198198 0.3195294865092749 0.26948715465465467 0.33077878752107925 0.2694852717717718 0.33351476391231033 0.26374516066066067 0.3318507327150084 0.250577996996997
0 0.29462728330522764 0.2504716831831832 0.2968085826306914 0.24034251651651653 0.29193699156829683 0.22233657507507507 0.2819123330522766 0.21491046396396396 0.2790423634064081 0.22301398498498498 0.2820837344013491 0.24023243843843842 0.29184040725126476 0.25238536786786786 0.29462728330522764 0.2504716831831832
0 0.24312358853288366 0.30855209309309306 0.2567390817875211 0.2998840630630631 0.2574599468802698 0.2918934444444445 0.24834104553119732 0.27793973273273276 0.22886510961214163 0.28131925825825826 0.22371204300168632 0.29189909009009013 0.22908741146711636 0.31046765915915914 0.24312358853288366 0.30855209309309306
0 0.15301910370994942 0.3624748993993994 0.15783458094435077 0.3389527657657657 0.15413673440134906 0.3096924039039039 0.1410894080944351 0.29889053303303303 0.1351323811129848 0.32365082132132134 0.1374528878583474 0.3488598933933934 0.14410379932546374 0.3638268978978979 0.15301910370994942 0.3624748993993994
0 0.046052005902192245 0.2555776726726727 0.052716406408094434 0.2466857222222222 0.0523279173693086 0.22991699399399398 0.045409020236087685 0.21967680780780782 0.04028814755480607 0.22024037537537539 0.03330486087689713 0.2300327192192192 0.0332404713322091 0.25006524774774774 0.046052005902192245 0.2555776726726727
0 0.015650868465430016 0.29576033783783784 0.002807139966273187 0.3002641756756757 0.00489185497470489 0.3201838018018018 0.01024851939291737 0.3249096801801802 0.01714871163575042 0.32130717417417415 0.01988468802698145 0.3155670630630631 0.015650868465430016 0.29576033783783784
0 0.24809482546374365 0.19724699099099102 0.24255326897133223 0.1910580960960961 0.2376172892074199 0.1930846816816817 0.23768689291736933 0.2107538003003003 0.24638510961214166 0.21795504804804805 0.24930597807757168 0.21367795495495495 0.24809482546374365 0.19724699099099102
0 0.3560486239460371 0.15446287987987986 0.3403671197301855 0.15705397597597598 0.3383198136593592 0.16481973273273273 0.3406216155143339 0.1761861126126126 0.3535162436762226 0.1755087012012012 0.3583504258010118 0.16582926126126127 0.3560486239460371 0.15446287987987986