0 0.34334191297935107 0.23678978189300412 0.3339441961651917 0.2420962890946502 0.3490429203539823 0.2492105936213992 0.36388404277286135 0.2501821306584362 0.37538771533923304 0.2421547294238683 0.409196005899705 0.2366084279835391 0.43392290265486727 0.20861858230452676 0.4149850973451327 0.198190012345679 0.3926804778761062 0.19570891152263376 0.3700323923303835 0.18503745576131686 0.3551483362831858 0.1830421244855967 0.27901071386430676 0.1321136923868313 0.24670731120943953 0.12060597839506172 0.24033294247787612 0.10977466049382716 0.247238302359882 0.09797489711934157 0.26388484660766964 0.08905898148148149 0.29786487020648966 0.08760785802469136 0.29962735840707966 0.07669661008230452 0.265161494100295 0.04891579218106996 0.2534002227138643 0.05080042695473251 0.23053747050147494 0.03501 0.21194313126843656 0.032771783950617285 0.17830657522123894 0.04241326234567901 0.17582779056047199 0.05389020987654321 0.16293446017699115 0.06407280452674897 0.14853624336283186 0.09130941460905351 0.10192048967551623 0.10908589917695473 0.08269572271386431 0.10946097119341563 0.07253877581120943 0.11430938477366255 0.06487418584070796 0.1256510534979424 0.0698159646017699 0.1376137695473251 0.11469637315634218 0.16668894135802467 0.15530836873156342 0.1822119012345679 0.19470243805309734 0.20398523148148148 0.29232894395280234 0.23794267283950618 0.31320096902654865 0.24155517283950617 0.32908828466076695 0.23218116152263377 0.34334191297935107 0.23678978189300412
0 0.24016120796460175 0.10567948353909465 0.24367039380530975 0.11877359979423868 0.27896778171091446 0.13108989711934158 0.34898863274336284 0.17732977880658435 0.3833979896755162 0.1861165987654321 0.40121952654867254 0.16992651646090537 0.41368352359882 0.14950597839506172 0.41199333038348085 0.1444946111111111 0.32780471828908553 0.09569369855967078 0.31452498820058994 0.09666214403292181 0.3044109749262537 0.10253435288065844 0.2993833303834808 0.08852404629629629 0.2616930250737463 0.08973228497942387 0.25220944247787613 0.09299120576131686 0.24016120796460175 0.10567948353909465
0 0.48293157374631274 0.17731756172839505 0.46386496902654867 0.16381760802469136 0.4136405899705015 0.1484821841563786 0.3842001533923304 0.187598487654321 0.45390689970501474 0.20870160493827158 0.4831462404129793 0.1824365329218107 0.48293157374631274 0.17731756172839505
0 0.619466308259587 0.20381639197530865 0.597032889380531 0.19826390843621397 0.5808021076696166 0.19944756481481482 0.5768771592920353 0.19408570884773663 0.5148757197640118 0.2155515329218107 0.48039406784660765 0.2226873271604938 0.4977704793510324 0.2311759146090535 0.5712598008849558 0.2365993024691358 0.56196152359882 0.2619236028806584 0.5638234513274336 0.271030146090535 0.5825601607669617 0.2943099495884774 0.5952953289085545 0.2980023806584362 0.6072576961651917 0.2832665133744856 0.6092212787610619 0.2595040329218107 0.6219858082595869 0.24625005452674897 0.6243787256637168 0.23272551748971193 0.651340377581121 0.20508616152263376 0.6402095353982301 0.20435750925925927 0.6257977463126844 0.2136239156378601 0.619466308259587 0.20381639197530865
0 0.48549400589970504 0.22077501851851852 0.5192593628318584 0.21420492386831277 0.5767483598820059 0.19101432613168723 0.5713908185840708 0.1867838683127572 0.5430982315634219 0.18268559979423868 0.5083589778761062 0.18367862860082304 0.4828299174041298 0.2101865853909465 0.48549400589970504 0.22077501851851852
0 0.2415508672566372 0.10352429012345679 0.2436274587020649 0.11774980555555556 0.2820046991150442 0.13292227572016463 0.3308100575221239 0.1673593024691358 0.3655199498525074 0.18331268209876542 0.44652927138643067 0.2092396306584362 0.452474308259587 0.20983300411522635 0.4632616828908555 0.20237130349794238 0.483103308259587 0.18141273868312757 0.46837741297935104 0.1655423816872428 0.41131996902654866 0.1460841059670782 0.3323171622418879 0.09741847119341564 0.30701855899705016 0.09412878703703705 0.3112304690265487 0.088687 0.25730938053097346 0.09107889609053499 0.2415508672566372 0.10352429012345679
0 0.3355598761061947 0.3159170874485597 0.3477798436578171 0.3073239866255144 0.3578237802359882 0.2644875771604938 0.34647826991150443 0.2586399526748971 0.3279697994100295 0.25844932510288066 0.3230122300884956 0.28140322119341565 0.30506189380530974 0.29452191975308645 0.27715570648967547 0.29963780041152266 0.25338913421828907 0.3152345082304527 0.25579562241887904 0.3196801759259259 0.3355598761061947 0.3159170874485597
0 0.40664049115044243 0.3697816234567901 0.3851549646017699 0.3248226121399177 0.40122637905604713 0.2846161193415638 0.3677399705014749 0.26240374588477366 0.32330980088495576 0.26153516049382713 0.2425832713864307 0.3126203395061728 0.3377737418879056 0.3241692366255144 0.33367687758112097 0.36761222119341563 0.40664049115044243 0.3697816234567901
0 0.47128233628318583 0.4112791512345679 0.455595592920354 0.38131961831275724 0.38157342772861363 0.38055419958847736 0.38346309882005897 0.42561548456790127 0.47128233628318583 0.4112791512345679
0 0.3833771902654867 0.4235668713991769 0.48352492772861355 0.41215470576131685 0.6318728230088496 0.3584908148148148 0.6064469262536873 0.3086845339506173 0.46427402064896756 0.37657800205761316 0.3816593377581121 0.38260281275720165 0.3833771902654867 0.4235668713991769
0 0.6494187536873157 0.4239613950617284 0.7023812123893806 0.4085214650205761 0.6810396548672566 0.39364189300411523 0.6342611489675517 0.40732562654320986 0.6494187536873157 0.4239613950617284
0 0.336713796460177 0.36944459876543206 0.2921977168141593 0.3665274012345679 0.2856609587020649 0.3965754475308642 0.3318424380530973 0.394454274691358 0.3737524955752212 0.4057789773662552 0.3785365103244838 0.37872182201646093 0.336713796460177 0.36944459876543206
0 0.4881678436578171 0.3111466234567902 0.42526130235988197 0.2931356666666667 0.39306180678466074 0.30164644650205763 0.47739585840707965 0.3365866121399177 0.49399136283185846 0.3351709722222222 0.4881678436578171 0.3111466234567902
0 0 0.36693272633744856 0.019972241887905605 0.3678900987654321 0.012869092920353981 0.33964495576131687 0 0.33785090740740736 0 0.36693272633744856
0 0.2495920103244838 0.5070329938271605 0.2787031209439528 0.46818100720164607 0.25120325073746314 0.4475869351851852 0.22080756047197642 0.4991114104938272 0.2495920103244838 0.5070329938271605
0 0.24308413864306785 0.2636128251028807 0.22700128466076697 0.2233605524691358 0.18795784513274336 0.20977191872427983 0.1986991533923304 0.25418665637860083 0.24308413864306785 0.2636128251028807