0 0.3858992226890756 0.5726330597014926 0.42792067647058823 0.6052982723880597 0.40318234873949577 0.6291953097014926 0.37185851680672266 0.6347175559701493 0.36279961764705887 0.6177806529850746 0.3331276302521008 0.6159988432835821 0.3017950504201681 0.6405575 0.24739787394957982 0.6341181156716418 0.20781480252100842 0.6761606529850746 0.12458907142857142 0.6262146082089552 0.11550828571428572 0.656868723880597 0.1534001218487395 0.7077940820895523 0.21356126050420168 0.7267420858208955 0.31413138655462186 0.699995514925373 0.3536882016806723 0.7150622014925373 0.38419485714285717 0.6941555746268656 0.43776611344537814 0.7042469888059701 0.48805117647058827 0.6908737014925374 0.5102898487394958 0.725523776119403 0.5276036134453781 0.7154585932835822 0.5259648907563025 0.6942080373134328 0.5523331806722689 0.7105979664179105 0.5836657647058824 0.6860393097014925 0.605087268907563 0.7053050037313433 0.6932947983193277 0.6762296455223881 0.722949281512605 0.716084276119403 0.7534471848739496 0.714214052238806 0.8103352647058824 0.6811427388059702 0.7567596344537815 0.6805695261194029 0.7765511680672269 0.6595482611940299 0.7493744621848739 0.6087375447761194 0.8779909831932773 0.5339676156716417 0.9373612100840336 0.48042200746268654 0.8796734663865546 0.46003612686567164 0.8170039243697479 0.518671645522388 0.7922743529411764 0.5235322723880597 0.7799248823529411 0.4926488694029851 0.8186820252100839 0.4542583582089552 0.7857194789915967 0.438530052238806 0.7560431176470589 0.446266447761194 0.8170564411764706 0.40445319402985075 0.7725528361344537 0.3922622723880597 0.7593643151260505 0.39358551119402985 0.7791339663865546 0.42015526492537314 0.7098876722689076 0.4413795858208955 0.7263623781512605 0.4635210485074627 0.7164644243697479 0.4787907835820896 0.6802025546218488 0.4681523880597015 0.6299087394957984 0.5005620820895522 0.6579595084033613 0.44302051865671643 0.6192417521008403 0.39574719402985076 0.606874781512605 0.4029366082089552 0.6159249285714286 0.43890992164179105 0.5821101974789916 0.4839428731343283 0.27462271428571433 0.580228578358209 0.28450316806722686 0.6030316604477611 0.2993391596638656 0.6039225634328358 0.31088896218487394 0.5813487686567164 0.3273636764705882 0.6034902313432835 0.3858992226890756 0.5726330597014926
0 0.5638085882352941 0.849833645522388 0.5901900084033614 0.8376689589552239 0.572063449579832 0.8228315597014925 0.5531022142857143 0.8306825932835822 0.5638085882352941 0.849833645522388
0 0.642957218487395 0.8038213805970149 0.6627487521008404 0.7828001119402984 0.6462652899159663 0.7796950597014926 0.6091687478991596 0.7917451044776119 0.642957218487395 0.8038213805970149
0 0.6718164075630252 0.7807006082089553 0.7023099369747899 0.7883485932835821 0.7055961302521009 0.8118132947761194 0.7501084831932774 0.8049678059701493 0.7839144621848739 0.7789712649253732 0.7493044411764705 0.7610288097014926 0.7666225798319328 0.7414454253731343 0.6866611554621849 0.7625551044776119 0.6718164075630252 0.7807006082089553
0 0.5187066344537815 0.3463481268656716 0.5821802184873949 0.33165160074626865 0.6761692184873949 0.2770120373134328 0.8295065588235294 0.21641789179104476 0.8674465336134454 0.16264300373134327 0.8229429327731093 0.1504520820895522 0.7289670630252101 0.17653703358208955 0.6811422647058823 0.21702704477611942 0.6044801554621848 0.23304681343283584 0.4635010378151261 0.3054879514925373 0.3876648529411765 0.31785569029850747 0.3711726344537815 0.3337870485074627 0.3382057100840336 0.32757694402985077 0.3192357268907563 0.3544643917910448 0.2903896680672269 0.34903055223880597 0.23350158403361346 0.3821018656716418 0.262343268907563 0.3970539104477612 0.3406572268907563 0.3737300820895522 0.3711463781512605 0.3908962723880597 0.4239135924369748 0.35704869402985073 0.43051660504201683 0.33735066791044777 0.4519381050420168 0.3566163619402985 0.47832389915966383 0.33493347014925373 0.5187066344537815 0.3463481268656716
0 0.15518763445378153 0.40542568656716416 0.15601792857142857 0.39225545522388056 0.1370610714285714 0.3905882873134328 0.13128398739495797 0.4066342873134328 0.15518763445378153 0.40542568656716416
0 0.14939303781512606 0.45954450746268655 0.16424653361344538 0.42236259328358206 0.15188393697478994 0.4200338059701492 0.12302912605042017 0.43363637686567164 0.14939303781512606 0.45954450746268655
0 0.22442517647058824 0.403237776119403 0.22196053781512606 0.38563925 0.19476194537815128 0.38241955970149255 0.1650812142857143 0.3996741567164179 0.17166671848739495 0.41804894776119406 0.22442517647058824 0.403237776119403
0 0.16752397478991596 0.4648637052238806 0.16504182352941174 0.4853379925373134 0.17906064705882352 0.4708445223880597 0.16752397478991596 0.4648637052238806
0 0.26067391596638656 0.44243078358208954 0.2705718739495798 0.4271610447761194 0.2590352016806723 0.4211802276119403 0.2474897731092437 0.43423582089552243 0.26067391596638656 0.44243078358208954
0 0.5442446260504202 0.37590828731343284 0.5508301302521008 0.3942830746268656 0.5599021596638655 0.3826653656716418 0.5442446260504202 0.37590828731343284
0 0.4708424453781513 0.4725019813432836 0.48731278151260504 0.5041616455223881 0.5384193949579832 0.4966545373134329 0.5277086428571428 0.4870216902985075 0.550790743697479 0.4799469141791045 0.5549203613445378 0.46168676865671643 0.5425665168067227 0.4403215708955224 0.47827576050420173 0.4396337201492537 0.4708424453781513 0.4725019813432836
0 0.5376459831932773 0.3860881119402985 0.5607149579831934 0.40756795149253733 0.5862748277310924 0.3895370895522388 0.6225410714285714 0.3906572798507463 0.6068922857142857 0.3648637910447761 0.6167946134453782 0.34007585074626867 0.5838276890756302 0.3338657462686567 0.5483829957983193 0.3386117313432836 0.5376459831932773 0.3860881119402985
0 0.7643548697478991 0.2955277014925373 0.7330222857142857 0.32008636194029855 0.7734050210084034 0.33150101865671644 0.7313616848739495 0.34642682462686564 0.7346522521008404 0.36037332462686567 0.8022510798319328 0.3369348582089552 0.7643548697478991 0.2955277014925373
0 0.04213674369747899 0.6868349888059702 0.051208777310924374 0.6752172798507463 0.03225629411764706 0.664031906716418 0.02071086974789916 0.6770875000000001 0.04213674369747899 0.6868349888059702
0 0.10313693277310923 0.6735763470149254 0.09078747058823529 0.6426929440298507 0.07595147478991596 0.6418020410447761 0.07346932773109244 0.6622763320895523 0.10313693277310923 0.6735763470149254
0 0.16911017226890757 0.6003327089552238 0.16415900840336137 0.6127266791044775 0.2070151344537815 0.6227034552238806 0.26884563025210084 0.5962745820895523 0.29686576470588233 0.605360447761194 0.3084155672268908 0.5827866529850746 0.277100487394958 0.5692724925373135 0.26720253361344537 0.5845422276119403 0.16911017226890757 0.6003327089552238
0 0.5077639411764706 0.8411801119402985 0.5036386974789916 0.849922052238806 0.5193006134453781 0.8471609291044776 0.5077639411764706 0.8411801119402985
0 0.45747449999999995 0.8640716007462687 0.46984147058823533 0.856882182835821 0.45583578151260506 0.8428210447761194 0.4442903529411765 0.8558766380597015 0.45747449999999995 0.8640716007462687
0 0.3214640462184874 0.8860459552238806 0.3354959957983193 0.8429978656716418 0.3107708025210084 0.8383402873134328 0.2918095672268908 0.8461913246268657 0.2851978025210084 0.8849257649253731 0.3214640462184874 0.8860459552238806