0 0.47604166666666664 0.7707509881422925 0.490625 0.7944664031620553 0.509375 0.7865612648221344 0.5552083333333333 0.8181818181818182 0.571875 0.7984189723320159 0.5927083333333333 0.8221343873517787 0.609375 0.8142292490118577 0.63125 0.7766798418972332 0.63125 0.741106719367589 0.6166666666666667 0.7055335968379447 0.6354166666666666 0.6699604743083004 0.6333333333333333 0.6462450592885376 0.6479166666666667 0.6146245059288538 0.6416666666666667 0.5988142292490118 0.6458333333333334 0.5790513833992095 0.6364583333333333 0.5770750988142292 0.6145833333333334 0.5237154150197628 0.6427083333333333 0.5335968379446641 0.65 0.5 0.634375 0.4782608695652174 0.615625 0.49407114624505927 0.6083333333333333 0.43280632411067194 0.5760416666666667 0.4268774703557312 0.5458333333333333 0.3774703557312253 0.5458333333333333 0.3458498023715415 0.5364583333333334 0.32806324110671936 0.5114583333333333 0.3675889328063241 0.49375 0.3577075098814229 0.49583333333333335 0.3339920948616601 0.484375 0.30434782608695654 0.471875 0.308300395256917 0.46875 0.33794466403162055 0.44583333333333336 0.3616600790513834 0.44583333333333336 0.424901185770751 0.3854166666666667 0.4881422924901186 0.39791666666666664 0.5158102766798419 0.35208333333333336 0.6185770750988142 0.3541666666666667 0.6818181818181818 0.3854166666666667 0.6857707509881423 0.36666666666666664 0.733201581027668 0.36875 0.7529644268774703 0.384375 0.7628458498023716 0.396875 0.7470355731225297 0.428125 0.7865612648221344 0.44166666666666665 0.8280632411067194 0.4510416666666667 0.7865612648221344 0.47604166666666664 0.7707509881422925
0 0.36875 0.7964426877470355 0.37395833333333334 0.8142292490118577 0.38333333333333336 0.8122529644268774 0.38229166666666664 0.7865612648221344 0.36875 0.7964426877470355
0 0.40729166666666666 0.7944664031620553 0.3958333333333333 0.8122529644268774 0.40625 0.8241106719367589 0.4125 0.8162055335968379 0.40729166666666666 0.7944664031620553
0 0.3260416666666667 0.6403162055335968 0.3229166666666667 0.658102766798419 0.3375 0.66600790513834 0.3416666666666667 0.642292490118577 0.3260416666666667 0.6403162055335968
0 0.35208333333333336 0.43280632411067194 0.3572916666666667 0.45454545454545453 0.36666666666666664 0.4525691699604743 0.365625 0.4268774703557312 0.35208333333333336 0.43280632411067194
0 0.6708333333333333 0.5237154150197628 0.6760416666666667 0.5375494071146245 0.6895833333333333 0.5355731225296443 0.690625 0.5098814229249012 0.6708333333333333 0.5237154150197628
0 0.678125 0.5731225296442688 0.66875 0.5909090909090909 0.675 0.5948616600790514 0.6875 0.5830039525691699 0.678125 0.5731225296442688
0 0.6583333333333333 0.6897233201581028 0.659375 0.7075098814229249 0.6729166666666667 0.7094861660079052 0.6739583333333333 0.6798418972332015 0.6583333333333333 0.6897233201581028
0 0.55 0.883399209486166 0.5552083333333333 0.9090909090909091 0.56875 0.9071146245059288 0.5677083333333334 0.8695652173913043 0.55 0.883399209486166
0 0.44375 0.9308300395256917 0.45208333333333334 0.9387351778656127 0.4510416666666667 0.9130434782608695 0.44375 0.9308300395256917
0 0.4354166666666667 0.8557312252964426 0.44583333333333336 0.8596837944664032 0.440625 0.8379446640316206 0.4354166666666667 0.8557312252964426
0 0.2604166666666667 0.7766798418972332 0.26875 0.7806324110671937 0.2635416666666667 0.7628458498023716 0.2604166666666667 0.7766798418972332
0 0.29791666666666666 0.7015810276679841 0.2989583333333333 0.7233201581027668 0.3145833333333333 0.7252964426877471 0.315625 0.6996047430830039 0.29791666666666666 0.7015810276679841
0 0.2677083333333333 0.08695652173913043 0.26666666666666666 0.14031620553359683 0.29583333333333334 0.1442687747035573 0.29791666666666666 0.08893280632411067 0.2677083333333333 0.08695652173913043
0 0.21770833333333334 0.13043478260869565 0.2125 0.1482213438735178 0.22291666666666668 0.16798418972332016 0.23125 0.14031620553359683 0.21770833333333334 0.13043478260869565
0 0.221875 0.3557312252964427 0.21666666666666667 0.3695652173913043 0.225 0.3814229249011858 0.23125 0.37351778656126483 0.221875 0.3557312252964427
0 0.5635416666666667 0.04743083003952569 0.5604166666666667 0.0691699604743083 0.5666666666666667 0.07312252964426877 0.5708333333333333 0.05731225296442688 0.5635416666666667 0.04743083003952569
0 0.40520833333333334 0.15810276679841898 0.4041666666666667 0.17588932806324112 0.41041666666666665 0.17588932806324112 0.41458333333333336 0.16403162055335968 0.40520833333333334 0.15810276679841898
0 0.7885416666666667 0.391304347826087 0.7854166666666667 0.424901185770751 0.7979166666666667 0.4288537549407115 0.8 0.39723320158102765 0.7885416666666667 0.391304347826087
0 0.7083333333333334 0.7371541501976284 0.71875 0.7450592885375494 0.7177083333333333 0.7312252964426877 0.7083333333333334 0.7371541501976284
0 0.665625 0.8023715415019763 0.6708333333333333 0.8162055335968379 0.6729166666666667 0.8043478260869565 0.665625 0.8023715415019763