0 0.04712767886178862 0.4100429598540146 0.09423481300813008 0.4704049343065693 0.20356669918699186 0.5613596386861315 0.16870072764227642 0.606459291970803 0.18384415040650406 0.6296437627737226 0.13269963821138211 0.622384098540146 0.18105797154471545 0.6626140656934306 0.2097840325203252 0.6688675875912409 0.24507567479674797 0.634708503649635 0.3239788333333333 0.675647412408759 0.3477903699186992 0.660168401459854 0.37330458536585365 0.6884516642335766 0.4013212032520325 0.6764709087591241 0.3960068170731707 0.6967515145985402 0.41072457317073174 0.7089954124087592 0.4380317398373984 0.6787803795620438 0.4835780894308943 0.6990269379562043 0.5363994715447155 0.6970951678832117 0.5617717967479675 0.7217315693430657 0.6021198536585366 0.7129518759124088 0.6932125569105692 0.753444996350365 0.7538765243902439 0.743922310218978 0.7989714024390244 0.7002745912408759 0.7957337479674798 0.6693506167883212 0.7076207276422765 0.7054414744525548 0.6773338780487804 0.6590725328467153 0.624370605691057 0.6573574489051095 0.598856394308943 0.629074193430657 0.5702722195121952 0.6264675218978102 0.5586502276422765 0.6415007408759125 0.5297822804878048 0.6316003576642335 0.5104337845528455 0.6049176277372263 0.5562381097560976 0.5795041897810218 0.6065570934959349 0.6178364270072992 0.6261635609756098 0.5988591605839416 0.6331806178861789 0.6223408248175183 0.6474727032520325 0.6236441605839416 0.6609134512195122 0.6030663613138686 0.384965243902439 0.46525045985401464 0.3607022317073171 0.416835197080292 0.37567795528455283 0.383419102189781 0.3651652723577236 0.3746734562043796 0.31992850813008133 0.41467432116788316 0.336490825203252 0.47432735036496354 0.2942982113821139 0.4356979160583942 0.2578714512195122 0.44068215328467153 0.251138174796748 0.42449419708029196 0.27074464227642275 0.40551692700729924 0.2085198861788618 0.37492419343065697 0.23204765040650407 0.3521514708029197 0.2197162113821138 0.3489504087591241 0.17516308536585368 0.3542318430656934 0.22590773577235773 0.4035046496350365 0.19900043089430897 0.3917065437956204 0.1648180975609756 0.40208676277372263 0.19496305284552848 0.4448088503649635 0.17774290243902438 0.47282895985401463 0.15504067073170733 0.4645291094890511 0.10568910975609756 0.3987711496350365 0.04712767886178862 0.4100429598540146
0 0.31479476829268294 0.805630894160584 0.3377807764227642 0.8212244562043796 0.35136341869918697 0.8042935109489051 0.3346850162601626 0.7939473321167884 0.31479476829268294 0.805630894160584
0 0.25535619105691054 0.7420678576642336 0.27049961382113824 0.7652523248175183 0.304823837398374 0.7585189598540146 0.2716089227642276 0.7414734635036496 0.25535619105691054 0.7420678576642336
0 0.17673681300813007 0.7084226605839417 0.14059383739837397 0.7207006094890511 0.16821058536585365 0.750733 0.2094099756097561 0.7638344416058395 0.21668500813008132 0.7416561094890511 0.24708793495934958 0.738718197080292 0.2361495894308943 0.7190319854014598 0.16369593089430895 0.6869873211678832 0.17673681300813007 0.7084226605839417
0 0.5580955284552847 0.36579162408759125 0.6023906829268293 0.4061701861313869 0.6344704796747968 0.39404083576642335 0.7049634918699187 0.42798322992700727 0.7350826422764227 0.41775160583941606 0.6867243008130082 0.37752163868613137 0.6582820243902439 0.3785618248175182 0.6449573536585367 0.3498327700729927 0.6124518902439025 0.35102155474452557 0.5995528943089431 0.3332330693430657 0.5294855528455285 0.31023124452554746 0.40796411788617887 0.21972233211678832 0.33775488617886174 0.1930736496350365 0.29934167479674795 0.14700190875912408 0.21441469105691058 0.1081093211678832 0.1698615650406504 0.11339075547445256 0.19651089430894308 0.17084886131386862 0.33189875203252034 0.25172054014598544 0.4117951300813008 0.3181874416058394 0.4696729227642277 0.3416350620437956 0.5101628658536586 0.33650222627737225 0.5314720040650406 0.36128722627737225 0.5552835487804878 0.3458082153284672 0.5580955284552847 0.36579162408759125
0 0.8071106260162602 0.43885570072992697 0.8055756463414634 0.451694 0.8281359918699187 0.4563469927007299 0.825465894308943 0.44001043795620437 0.8071106260162602 0.43885570072992697
0 0.7939536544715448 0.46672721532846717 0.8015382723577236 0.504796306569343 0.8312317520325203 0.4836241131386861 0.8061432073170731 0.46628142335766426 0.7939536544715448 0.46672721532846717
0 0.7971655040650406 0.44469748175182483 0.7719350650406505 0.42370793430656933 0.7454534308943089 0.42285039416058395 0.739997162601626 0.43948414233576644 0.7876460487804878 0.4614798284671533 0.7971655040650406 0.44469748175182483
0 0.7833248902439025 0.5072884270072993 0.771277231707317 0.5113810729927007 0.7820736910569106 0.5274204306569342 0.7833248902439025 0.5072884270072993
0 0.6918065203252033 0.4558547445255475 0.6985397967479675 0.47204269708029195 0.7125481056910569 0.46605231751824816 0.7038541788617887 0.4517620912408759 0.6918065203252033 0.4558547445255475
0 0.44012132926829267 0.3664541094890511 0.42401048780487804 0.37069535766423356 0.43060187398373984 0.38323645620437957 0.44012132926829267 0.3664541094890511
0 0.41480061382113825 0.44772512408759124 0.4155100650406504 0.4659594051094891 0.4362516463414634 0.47615698175182486 0.4243458780487805 0.48389648540145985 0.471710987804878 0.49859846350364967 0.49299432520325204 0.4704297518248175 0.4917173170731707 0.43760805109489054 0.43034389837398374 0.4288964525547445 0.41480061382113825 0.44772512408759124
0 0.3773290162601626 0.3212739525547445 0.38238543089430893 0.3466533467153285 0.36292084959349596 0.3692774708029197 0.39767074390243906 0.3734846715328467 0.4188379918699187 0.3946228175182482 0.4446101788617886 0.3772460802919708 0.4427656178861789 0.32983695255474454 0.4098344837398374 0.3200851678832117 0.3773290162601626 0.3212739525547445
0 0.2670555162601626 0.3106986751824818 0.2296355325203252 0.2901549197080292 0.27012547154471545 0.28502208759124087 0.24461125609756096 0.25673882481751825 0.20119324796747967 0.2911951094890511 0.2614573536585366 0.3236855693430657 0.2670555162601626 0.3106986751824818
0 0.856991081300813 0.7273690656934306 0.8635824674796747 0.7399101642335767 0.8857171422764227 0.7336225912408759 0.8770232195121952 0.7193323649635037 0.856991081300813 0.7273690656934306
0 0.8250273658536584 0.6901915620437956 0.8078072154471545 0.7182116751824817 0.838068256097561 0.711626908759124 0.8393194552845529 0.691494897810219 0.8250273658536584 0.6901915620437956
0 0.628266093495935 0.600608288321168 0.6352831504065041 0.6240899562043796 0.6635835447154472 0.6194029087591241 0.7178238211382114 0.653939697080292 0.7604163008130082 0.6505559890510949 0.757888093495935 0.637866295620438 0.6672210609756097 0.6083137481751825 0.6604877845528455 0.592125791970803 0.628266093495935 0.600608288321168
0 0.3927046951219512 0.821041810218978 0.38065703252032523 0.8251344562043795 0.3950910081300813 0.8300846496350365 0.3927046951219512 0.821041810218978
0 0.42606149593495934 0.8417341642335767 0.4365741788617886 0.8504798065693431 0.4505824837398374 0.8444894270072993 0.4418885609756098 0.830199200729927 0.42606149593495934 0.8417341642335767
0 0.5975665284552845 0.8573741824817518 0.5808881260162602 0.8470280072992701 0.5565090284552845 0.8479195948905109 0.5622748861788618 0.8915332664233576 0.5970247764227643 0.8957404671532846 0.5975665284552845 0.8573741824817518