0 0.6081836183206107 0.23341687931034483 0.588300534351145 0.2749153505747126 0.5726027290076336 0.2767222356321839 0.5674268053435114 0.30742556321839076 0.5650527786259542 0.27479056896551723 0.5533351068702289 0.2572345804597701 0.5386279427480916 0.268029724137931 0.539806179389313 0.3120051724137931 0.5684174503816795 0.31641382183908046 0.5536927251908398 0.3825248620689655 0.5576552938931297 0.4184778908045977 0.5495074427480916 0.422216448275862 0.5580480381679389 0.4331363735632184 0.591049748091603 0.37752472413793103 0.6061496488549618 0.38138806321839086 0.6299777404580152 0.43115852298850577 0.6170467099236641 0.4802588908045977 0.5951823396946565 0.5037808505747126 0.6118707862595419 0.5109622183908046 0.6180373511450381 0.4892471436781609 0.6375101335877863 0.48840609195402296 0.6492278053435115 0.5059620804597701 0.6474341106870228 0.5229727586206896 0.6609454809160306 0.5235180689655172 0.6708870229007634 0.5027688333333333 0.7092346793893131 0.506756948275862 0.7354719236641222 0.47853060344827586 0.7601030648854963 0.5023021206896552 0.7974600877862595 0.4973019827586207 0.7944881603053435 0.4703372183908046 0.7674654274809161 0.46924659770114946 0.753168572519084 0.4393843275862069 0.7647162175572519 0.36663722413793104 0.7810119198473282 0.3591601091954023 0.8106489541984733 0.2619252126436782 0.850004820610687 0.21958568965517242 0.8611421564885496 0.18749599425287355 0.8609545648854962 0.15250880459770116 0.8109067900763359 0.07564879885057471 0.8344230038167939 0.04381466666666666 0.7462143854961832 0.021246333333333332 0.7067959923664122 0.05192345977011494 0.6545442251908398 0.03273154597701149 0.6378382213740459 0.08086607471264368 0.5913427061068702 0.08061651149425286 0.5654982099236641 0.12350135057471265 0.5632942099236641 0.18116944252873562 0.5887284007633588 0.17894202873563217 0.5813836030534352 0.15668164942528734 0.5948949694656489 0.15722695977011494 0.6016418702290076 0.18515756896551722 0.5954753053435115 0.20687263218390803 0.6081836183206107 0.23341687931034483
0 0.495719820610687 0.2337587988505747 0.4939261297709924 0.2507694827586207 0.489553251908397 0.25547387356321843 0.4927303320610687 0.26210993103448277 0.4909366374045801 0.2791206091954023 0.49630015648854964 0.2834044827586207 0.5042428511450382 0.29999463218390804 0.5117928053435115 0.3019262988505747 0.5203509618320611 0.2575303218390805 0.5247238358778625 0.25282593103448275 0.5167811374045802 0.23623578160919542 0.5076426450381679 0.23098608045977012 0.5106321335877863 0.2026349482758621 0.5156029045801527 0.1922603275862069 0.4951394847328244 0.18411312643678163 0.4804323244274809 0.19490827011494255 0.4780407328244275 0.21758917816091955 0.495719820610687 0.2337587988505747
0 0.477782893129771 0.40386559195402305 0.47460581679389313 0.39722952873563216 0.4793889923664122 0.3518677183908046 0.4875368435114504 0.3481291609195402 0.4887326412213741 0.3367887068965517 0.48019204580152675 0.3258687816091954 0.4726420916030534 0.32393711494252875 0.46787647328244275 0.3139830229885057 0.4674837328244275 0.2993245402298851 0.441058893129771 0.2925636954022989 0.42893091603053435 0.31566512643678163 0.42792271374045804 0.36199277586206896 0.43109979389312975 0.36862883333333335 0.42093553435114506 0.4650226781609195 0.42609389694656485 0.48963525287356324 0.4237023091603054 0.5123161609195402 0.440390751908397 0.5194975287356323 0.4447636221374046 0.5147931321839081 0.44952924427480917 0.5247472241379311 0.4445584694656488 0.5351218390804597 0.4477355496183206 0.541757908045977 0.4606490190839695 0.5479734367816093 0.46720833206106865 0.5409168563218391 0.462049965648855 0.516304275862069 0.4745706946564886 0.5078613333333334 0.47735502671755725 0.499838908045977 0.4924549312977099 0.5037022471264369 0.49643506106870233 0.48433936781609194 0.47815807633587787 0.47383997126436783 0.4785683816793893 0.4331825517241379 0.47539130534351143 0.42654649425287355 0.477782893129771 0.40386559195402305
0 0.4866635458015267 0.5953916954022989 0.48268341603053433 0.6147545747126437 0.49182190839694656 0.620004275862069 0.49838121755725184 0.612947683908046 0.4989791183206107 0.6072774597701149 0.4942135 0.597323367816092 0.4866635458015267 0.5953916954022989
0 0.46000402671755725 0.07612927011494253 0.4665633358778626 0.06907268390804598 0.46716123664122133 0.0634024540229885 0.4542477671755725 0.057186925287356326 0.450865534351145 0.07087956896551724 0.46000402671755725 0.07612927011494253
0 0.4671436717557252 0.11871835632183908 0.4705259045801527 0.10502570689655173 0.4613874122137404 0.09977600574712644 0.45482810305343513 0.10683259770114942 0.45800517938931296 0.11346865517241378 0.4671436717557252 0.11871835632183908
0 0.3928048167938931 0.19869301149425286 0.38942258396946566 0.21238566091954025 0.4023360534351145 0.2186011896551724 0.405718286259542 0.20490854597701147 0.3928048167938931 0.19869301149425286
0 0.4780934198473282 0.05164147701149425 0.4814756488549618 0.03794882758620689 0.47611213358778626 0.03366496551724138 0.46955282061068704 0.04072155172413793 0.46895492748091605 0.0463917816091954 0.4780934198473282 0.05164147701149425
0 0.4890256030534351 0.0398805 0.4878298091603053 0.05122094827586207 0.49537975954198477 0.053152614942528736 0.4949870152671756 0.03849413793103448 0.4890256030534351 0.0398805
0 0.4887137404580153 0 0.48506303435114506 0.003927471264367816 0.4844651374045802 0.00959769540229885 0.4898286526717557 0.013881563218390805 0.496387965648855 0.006824977011494253 0.4931204427480916 0 0.4887137404580153 0
0 0.5441935687022901 0 0.5448647595419848 0.025051051724137928 0.5464532977099237 0.028369080459770112 0.5514240687022901 0.01799446551724138 0.5573854809160306 0.016608103448275863 0.5585812786259542 0.005267649425287357 0.5560593396946565 0 0.5441935687022901 0
0 0.5283463396946565 0.10817277586206897 0.5303276259541985 0.12614929310344827 0.5416525572519084 0.12904679310344827 0.5472212213740458 0.11300194827586206 0.542455606870229 0.10304785632183908 0.5349056526717557 0.10111618390804597 0.5283463396946565 0.10817277586206897
0 0.5913602709923663 0.025300614942528738 0.5939394503816794 0.037606902298850574 0.6014894045801527 0.03953857471264367 0.6010966564885496 0.02488009195402299 0.5913602709923663 0.025300614942528738
0 0.7176523435114504 0.9048881781609196 0.7101023893129771 0.9029565114942528 0.7035430801526718 0.9100130977011494 0.7061222595419847 0.9223193850574714 0.7152607519083969 0.9275690804597702 0.7218200610687023 0.9205125 0.7224179618320611 0.9148422701149426 0.7176523435114504 0.9048881781609196