0 0.7448702611111111 0.2093055095465394 0.7401743380952381 0.2005833353221957 0.7119101587301587 0.20447260262529832 0.6910090071428571 0.21941525894988068 0.6528681190476191 0.21413886992840095 0.6324913087301587 0.20645158711217182 0.5806141896825397 0.20319943198090692 0.5683921222222222 0.20672474224343676 0.5504597253968254 0.1983323985680191 0.5298803206349206 0.22829723866348448 0.5325228420634921 0.2515639892601432 0.5372187650793651 0.2602861646778043 0.5525384277777777 0.2585803341288783 0.5658292746031746 0.25048354534606204 0.5928168761904762 0.2547137684964201 0.6098585031746031 0.2509610023866348 0.6562926674603174 0.2650846455847255 0.6755709095238095 0.26417483054892604 0.691365746031746 0.2817101324582339 0.7087834912698412 0.2852125918854415 0.7291357182539683 0.3138354081145585 0.7558708388888888 0.301860776849642 0.7608833039682539 0.29150102505966585 0.7611305801587301 0.2736017673031026 0.7539753507936509 0.25900036515513125 0.7593639341269841 0.2558958365155131 0.7630454484126984 0.26142253102625296 0.7623773706349207 0.25231369928400954 0.7458600849206349 0.2334365250596659 0.7448702611111111 0.2093055095465394
0 0.7115950515873016 0.4150106252983294 0.7026783801587302 0.416807406921241 0.698734696031746 0.4225956801909308 0.7031982357142856 0.4558014021479713 0.7068104841269842 0.46251076849642003 0.702466096031746 0.4819793520286397 0.6928567634920635 0.4956028365155131 0.6924411658730159 0.5026988579952267 0.6940394912698413 0.5096015536992841 0.6981366031746031 0.5080322255369928 0.7006651761904762 0.5127287816229117 0.709943073015873 0.511602937947494 0.7358269015873016 0.47313194988066826 0.743169830952381 0.44349693914081145 0.7386966015873015 0.4378110429594272 0.7390824095238095 0.4175464427207637 0.7347328190476191 0.40291091646778043 0.7282605603174603 0.40400263603818615 0.724579046031746 0.3984759403341289 0.7115950515873016 0.4150106252983294
0 0.6525939261904762 0.601781739856802 0.6544149452380952 0.6117207112171837 0.6612484277777777 0.6112999284009547 0.6393522484126984 0.5680074582338902 0.6237406261904762 0.5678596813842482 0.6281445896825397 0.5747282494033413 0.6277289928571429 0.5818242708830549 0.6230777523809524 0.592854960620525 0.6202080523809523 0.6281758687350836 0.6252852968253968 0.6782573806682578 0.6430344801587301 0.669262200477327 0.6579631301587302 0.6537168579952267 0.6505457301587302 0.6504304272076372 0.6452413063492064 0.6589365727923627 0.6409907690476191 0.6562869522673032 0.642148196031746 0.5954931563245823 0.6445926095238095 0.5947880942720764 0.6474973023809524 0.6067398747016707 0.6525939261904762 0.601781739856802
0 0.5758123952380952 0.5929233627684964 0.5808896396825397 0.6430048747016707 0.5708647103174603 0.6637243806682577 0.5814638674603174 0.6742319116945108 0.590603230952381 0.6754714081145584 0.6020186888888889 0.6652026062052506 0.6065410865079365 0.6290174331742244 0.6021766007936508 0.6077976181384248 0.5970501873015873 0.5995871778042959 0.5986730976190476 0.5855543353221957 0.5838234023809523 0.572397183770883 0.5764357904761904 0.5822793293556087 0.5758123952380952 0.5929233627684964
0 0.6135667555555555 0.5227363042959428 0.6202617063492064 0.5246808627684965 0.6202468119047619 0.5180965739856802 0.6339532563492064 0.5029037637231504 0.6173123317460317 0.49297621718377094 0.5992808801587302 0.4725979665871122 0.5873507722222222 0.47797688424821 0.5878110515873016 0.4906337267303103 0.619455096031746 0.5179373723150358 0.6135667555555555 0.5227363042959428
0 0.5516542984126984 0.47199543198090693 0.5600712126984126 0.4718930548926014 0.5626392642857143 0.46223836396181384 0.5551920761904762 0.44578335680190934 0.5446621849206349 0.4340931551312649 0.5165067492063492 0.4224485047732697 0.5083966880952381 0.430988776849642 0.508119623015873 0.4357194582338902 0.5165663253968253 0.4487856575178998 0.5516542984126984 0.47199543198090693
0 0.5449697555555555 0.5382590966587112 0.5473300087301587 0.5321524176610979 0.541288242063492 0.5327324021479714 0.5405806865079366 0.5379748174224344 0.5449697555555555 0.5382590966587112
0 0.5529412849206349 0.5320841658711217 0.5565237444444444 0.5256249546539379 0.5546334611111111 0.5168686539379476 0.5656333214285715 0.5136958747016707 0.5672018587301587 0.5074299904534606 0.5517682468253968 0.4905656264916468 0.5462411301587301 0.49603549522673035 0.5494377817460318 0.5098408842482101 0.5455782563492063 0.5210307756563246 0.5529412849206349 0.5320841658711217
0 0.5766927563492064 0.5368602470167064 0.5812352523809523 0.5413634749403341 0.5845406484126984 0.539634946300716 0.5858864928571429 0.530332785202864 0.5785383587301588 0.5258636825775657 0.5766927563492064 0.5368602470167064
0 0.5991229682539683 0.530002954653938 0.5874006587301587 0.5318338603818616 0.5879302031746032 0.5433080346062052 0.6124882857142857 0.5548276073985681 0.6153482952380952 0.5470265226730311 0.6067630603174603 0.5363256634844868 0.5991229682539683 0.530002954653938
0 0.7929682476190476 0.38650115871121715 0.7947892658730159 0.3964401288782817 0.8252111047619048 0.42409630548926014 0.8373639047619048 0.4217536646778043 0.840916576984127 0.4021258770883055 0.8390262928571429 0.39336957637231507 0.8252453785714287 0.375640946300716 0.8091734777777778 0.36283632577565633 0.7911025476190476 0.3568093233890215 0.7911174420634921 0.3633936109785203 0.7971048365079365 0.370580584725537 0.7929682476190476 0.38650115871121715
0 0.7853586619047619 0.48907507398568023 0.792053611904762 0.4910196324582339 0.7975807277777778 0.4855497625298329 0.800757280952381 0.4586667505966587 0.793656423015873 0.4362983902147971 0.7858777984126983 0.43234102267303104 0.7710876801587302 0.44552102505966584 0.7706720833333334 0.4526170465393795 0.7778571007936508 0.48038702505966585 0.7853586619047619 0.48907507398568023
0 0.8685126793650795 0.3891277780429594 0.8573050206349206 0.39584856801909307 0.8488635222222222 0.4168864809069212 0.8491308968253968 0.4396756229116945 0.8594529896825397 0.45491383651551315 0.8646337746031747 0.4553573186157518 0.8718828547619046 0.44784051312649165 0.8784638571428571 0.43121487708830547 0.8746289166666668 0.42146923508353223 0.8704625396825396 0.42422123150357993 0.8678646992063491 0.4207073460620525 0.8677656452380952 0.40872144033412894 0.8731393357142857 0.3990326229116945 0.8685126793650795 0.3891277780429594