0 0.254503276984127 1 0.28312044761904764 0.8913931581920904 0.3028980793650794 0.8495672387005649 0.3193952515873016 0.7924607118644068 0.32180821587301583 0.752443511299435 0.33352689841269845 0.7086166002824859 0.33365491190476193 0.6702576101694916 0.33947396587301587 0.6341462570621469 0.36370301746031747 0.5194259929378531 0.38053679285714287 0.4139972838983051 0.38539824206349205 0.4021292358757062 0.3821628373015873 0.34707806920903955 0.3764101738095238 0.3370257019774011 0.3617049634920635 0.3300361525423729 0.36243264285714283 0.3221492048022599 0.356139553968254 0.31641375706214686 0.34737426111111114 0.3159065466101695 0.30529470317460317 0.28904498305084747 0.29171063253968255 0.2876194929378531 0.26583193174603176 0.2661714802259887 0.22607761190476192 0.25184960169491527 0.20456022222222223 0.23704835875706215 0.0453367373015873 0.16273981214689265 0 0.15075573446327684 0 0.5466340395480226 0.02664471111111111 1 0.254503276984127 1
0 0.9243307817460317 1 0.9849269555555554 0.99368825 0.9853773095238094 0.9900908163841807 0.9708404007936507 0.9589401765536724 0.9607074746031746 0.92164997740113 0.9438856158730158 0.8921575494350283 0.9400244428571429 0.8669959618644068 0.9344376976190477 0.8597667302259887 0.9232215357142858 0.8580945960451978 0.9175518317460317 0.8494537966101694 0.909331730952381 0.7906612132768361 0.9079640976190477 0.7538782217514124 0.9001564095238095 0.7291277076271185 0.8845173134920635 0.7130040720338984 0.8820877801587301 0.7054459816384181 0.9018820952380951 0.4747304689265537 0.9020503968253968 0.4505693785310735 0.8988315611111112 0.44309350282485876 0.861859946031746 0.43558282344632765 0.7434644825396826 0.44791499858757067 0.7433199 0.4386986963276836 0.7389372531746031 0.43844509180790964 0.7326655000000001 0.42631647881355933 0.7073058896825397 0.4069447118644068 0.6985429793650794 0.3794532740112994 0.6947671492063492 0.32871902824858756 0.6916312722222222 0.3226547217514124 0.6806639880952381 0.3252172937853107 0.6855870603174603 0.32115397740112994 0.6832404865079366 0.3150074576271187 0.6436094142857143 0.3162950451977401 0.6260361563492064 0.32806695621468923 0.5930513452380952 0.3343431016949152 0.5277477777777778 0.3312037118644068 0.5251309912698412 0.3272156511299435 0.5126680603174604 0.33135421892655365 0.47424346904761905 0.31263320621468926 0.44358627857142857 0.30446481073446324 0.43068721666666665 0.30793870197740114 0.43292234523809525 0.4000195028248587 0.42922470714285715 0.40466527966101695 0.4292649952380952 0.41886317796610173 0.4334081833333333 0.5434100494350282 0.4432400285714286 0.6971887853107345 0.45228733650793645 0.7970812796610169 0.4578930341269842 0.824901574858757 0.46685356904761904 1 0.9243307817460317 1
0 0.3945164785714286 0.8748193177966102 0.3889913563492064 0.8753948192090396 0.3851894238095238 0.885022193502825 0.38680831746031746 0.899055663841808 0.39241639841269843 0.8998917288135593 0.39673742142857144 0.8923406002824859 0.3945164785714286 0.8748193177966102
0 0.9589559142857144 0.7634790692090395 0.9575218912698413 0.7728597994350282 0.9647915373015872 0.7749430056497174 0.9665787325396825 0.7648153827683616 0.9589559142857144 0.7634790692090395
0 0.9259900547619047 0.7903462768361582 0.9359594468253969 0.7978291129943503 0.9385359452380951 0.7876192768361582 0.9285049301587303 0.7723317076271186 0.9252434230158729 0.7776421610169492 0.9259900547619047 0.7903462768361582
0 0.9690722722222221 0.7531939788135593 0.9740166801587302 0.7427375 0.9712339753968254 0.7359263008474577 0.9646920087301587 0.7259561468926553 0.9575053222222222 0.7252845084745763 0.9573583563492064 0.7430524350282487 0.965561888095238 0.75426972740113 0.9690722722222221 0.7531939788135593
0 0.9343857214285716 0.5075602048022598 0.9296499031746032 0.5080534915254237 0.9256393809523811 0.5276440579096046 0.9260115047619047 0.5474882302259887 0.9348597571428571 0.549407007062147 0.9393490817460317 0.5176947867231638 0.9343857214285716 0.5075602048022598
0 0.9876553388888889 0.59645552259887 0.9735521777777777 0.5929537867231639 0.971245892063492 0.6010051638418079 0.9766856714285713 0.626002320621469 0.9894804388888889 0.6275100254237288 0.9920569373015874 0.6173001892655368 0.9876553388888889 0.59645552259887
0 0.983642319047619 0.8794951991525424 0.9863847357142858 0.8721085 0.9824832746031746 0.8327490141242938 0.9685057444444445 0.817872518361582 0.9620443531746032 0.8362981596045198 0.974545188888889 0.8733417161016949 0.9793426309523808 0.8806531624293785 0.983642319047619 0.8794951991525424
0 1 0.7554725324858756 0.9972169706349207 0.7523927175141243 0.9894068984126984 0.7546264293785312 0.9826966309523809 0.7688173672316383 0.9828198777777777 0.7844268333333333 0.9877832380952382 0.7945614166666667 1 0.7939529096045197 1 0.7554725324858756
0 0.3552528777777778 0.7134546511299436 0.3625225238095238 0.7155378559322034 0.3661372023809524 0.7094805098870056 0.36320991507936506 0.693453011299435 0.3574975396825397 0.6975985409604519 0.3552528777777778 0.7134546511299436