0 0.785225551364366 1 0.7734794614767255 0.9105832657142857 0.7729755609951846 0.858772622857143 0.7834821492776886 0.8370587885714286 0.8097285152487962 0.8216903957142857 0.8167670561797753 0.8076899228571428 0.8238374646869984 0.7605364614285715 0.8369689871589086 0.7081728671428571 0.8485789767255216 0.6906213542857144 0.8629080096308186 0.6885257271428571 0.8742341813804173 0.6782218814285714 0.8804614775280899 0.6081320214285714 0.8972659430176565 0.5509075614285714 0.8989134518459069 0.5290481385714285 0.8918043290529696 0.5084693771428571 0.8574243595505618 0.4889965214285715 0.8309814365971107 0.4568330171428572 0.8181974638844302 0.43564297142857145 0.8067771829855538 0.39984117 0.7988803426966292 0.33469943142857145 0.7987239919743179 0.20933514857142857 0.7940952431781702 0.08232639 0.48616364125200645 0.050402137142857135 0.45404097752808986 0.06950257857142858 0.4388134398073836 0.07028838 0.4123151227929374 0.05975145 0.39798608988764045 0.06184707571428571 0.3794400080256822 0.09482531000000001 0.37748515489566614 0.11240598714285714 0.36679719743178174 0.14279373571428572 0.36812902327447833 0.16133496714285714 0.378911088282504 0.17705286714285715 0.4064103579454254 0.19032586857142855 0.41411064205457465 0.20793570999999997 0.42966756099518455 0.36851967714285716 0.4571182849117175 0.5043044657142857 0.46309213964686996 0.5538738928571428 0.47050860593900484 0.5787314014285715 0.4900943571428571 0.6162214628571429 0.505620900481541 0.6643938071428571 0.5321427439807384 0.6864571485714285 0.5611316813804174 0.6980710557142857 0.5731985168539325 0.7092773614285715 0.5937616942215088 0.7379770842857144 0.6188644526484751 0.7962787571428571 0.6358169293739968 0.9090979800000001 0.6408368844301766 0.9789841585714285 0.6409915497592296 1 0.785225551364366 1
0 0.5047906171749599 1 0.49159771990369183 0.81633279 0.49724904253611557 0.80541766 0.4749913025682183 0.7755245342857142 0.46718857062600316 0.7564884442857144 0.46071766372391654 0.7559935857142858 0.436552125200642 0.7667339614285713 0.411330239165329 0.7963648385714285 0.3967409165329053 0.8172345428571428 0.3780134654895666 0.8588866914285714 0.3733866227929374 0.8840643057142857 0.3730709398073836 0.9244649614285715 0.3779959285714286 1 0.5047906171749599 1
0 0.14168985393258426 0.6037615442857143 0.1435020529695024 0.6625870057142857 0.14730097110754414 0.6706788014285715 0.15983299277688603 0.6659635257142857 0.16299369582664527 0.65397142 0.16099178812199036 0.6484992728571429 0.16923617897271268 0.6400873699999999 0.1725782504012841 0.6194213485714286 0.16662792295345105 0.5813783328571429 0.15597183306581058 0.5786130942857143 0.14762499438202248 0.5855987485714286 0.14168985393258426 0.6037615442857143
0 0.3280761364365971 0.3372580442857143 0.32736659390048156 0.35537721 0.3356345120385233 0.35849171857142853 0.33699820304975925 0.34387996285714284 0.3280761364365971 0.3372580442857143
0 0.3785275008025682 0.3060991942857143 0.36552269903691814 0.29863314571428573 0.3628112495987159 0.3112801642857143 0.36591655858747996 0.32091463285714283 0.3765726484751204 0.3236798714285714 0.37944953370786516 0.31893543142857145 0.3785275008025682 0.3060991942857143
0 0.3432725537720706 0.2968429257142857 0.3458420947030497 0.28781974 0.34212209791332265 0.26962778 0.3329951348314607 0.2601533642857143 0.32987389245585874 0.26709539 0.33189932744783307 0.28409394714285713 0.34053757704654897 0.2979635328571429 0.3432725537720706 0.2968429257142857
0 0.2915994052969502 0.3389896985714286 0.30492748475120385 0.3341579985714286 0.30600735874799356 0.32679391 0.2980627191011236 0.31138165142857144 0.27944605457463884 0.3097806514285714 0.274039088282504 0.3184981942857143 0.2782083378812199 0.33734506714285717 0.2915994052969502 0.3389896985714286
0 0.20356790770465488 0.3677178814285714 0.20929815088282505 0.34670258857142855 0.20724919020866772 0.31817761857142857 0.1954267102728732 0.30477372714285716 0.1885536051364366 0.32667678 0.18949916452648474 0.35103942857142856 0.19505563242375604 0.36680095714285715 0.20356790770465488 0.3677178814285714
0 0.02653046789727127 0.14283536571428573 0.02827208507223114 0.16708159 0.036744899678972716 0.1730485957142857 0.047929162921348314 0.1663685842857143 0.05233517656500803 0.15491496571428573 0.052004304975922955 0.13910980857142857 0.0443670088282504 0.12797629714285716 0.030834032102728733 0.12995549857142857 0.02653046789727127 0.14283536571428573
0 0.10755380016051364 0.24051927714285715 0.11430852487961478 0.23376647142857143 0.11477371107544142 0.21784488999999999 0.10872852889245586 0.20647853142857145 0.10384973595505619 0.20575082428571428 0.09674820786516854 0.21327496714285712 0.09569186035313001 0.23216546857142856 0.10755380016051364 0.24051927714285715
0 0.07675951284109149 0.27096512142857143 0.06436939967897272 0.2720565642857143 0.06535441974317817 0.29136913142857146 0.07019375120385234 0.29714692000000004 0.07690901524879615 0.2954441942857143 0.07978590048154093 0.29069975428571426 0.07675951284109149 0.27096512142857143
0 0.30183885553772066 0.23516473142857142 0.2968970746388443 0.2279606957142857 0.29212073113964687 0.22865923714285713 0.29130873996789725 0.2453521542857143 0.29919039325842695 0.2542880828571428 0.3021697263242376 0.25096989 0.30183885553772066 0.23516473142857142
0 0.40622482022471906 0.22133948285714283 0.39124163804173356 0.21992769857142858 0.3889164534510433 0.2267533 0.39053209550561796 0.2380468657142857 0.40278030096308187 0.24057925571428573 0.40784046227929377 0.23263304714285712 0.40622482022471906 0.22133948285714283