0 0.6077689090909091 0.5431757611940298 0.6072087245989305 0.5095987873134328 0.7199598770053476 0.45088898880597017 0.8398633663101605 0.4198886119402985 0.8436568235294117 0.40666807089552237 0.8047252566844919 0.3989151716417911 0.6052803128342247 0.4742107052238806 0.6374318877005348 0.3963728880597015 0.7189628770053476 0.3109306529850746 0.7095097994652407 0.3057144328358209 0.6488745026737969 0.3604420298507463 0.5809012647058823 0.45653381716417907 0.5736244465240642 0.4213628470149254 0.6039720989304813 0.3155984925373134 0.5981879893048129 0.28970018283582094 0.6149156497326204 0.1695555037313433 0.604218834224599 0.16998972014925373 0.5924661229946524 0.26753263805970146 0.5471925 0.36083632462686566 0.5499278315508022 0.2841926119402985 0.5652883823529412 0.2425027574626866 0.5618672647058824 0.1978420186567164 0.5496777406417113 0.18900357462686568 0.5387330721925133 0.25478062686567166 0.49936692245989306 0.3011782425373134 0.4800261818181818 0.34489631343283583 0.421939486631016 0.3117878731343284 0.45017535561497324 0.4002409253731343 0.43848377272727274 0.4212486828358209 0.3981839812834224 0.4116846753731343 0.38630567112299463 0.4215001082089552 0.5031637326203209 0.5287555149253732 0.483200564171123 0.5351658358208955 0.46690636898395727 0.5208940597014925 0.4126142459893048 0.5548310111940299 0.5128657834224599 0.5488948320895523 0.46155907754010694 0.601377104477612 0.5185876470588235 0.5710623731343283 0.5256154919786097 0.59131025 0.5032893368983957 0.616483 0.5271082032085561 0.6005829104477612 0.5447083796791444 0.6129350186567164 0.5491865080213904 0.6407529962686567 0.5649827593582888 0.6251785708955223 0.599996385026738 0.6386904626865673 0.6248111363636364 0.6824827723880597 0.6256191737967914 0.6507169067164179 0.6349477673796792 0.6484715783582089 0.6674739171122994 0.6732843470149253 0.7100755748663101 0.7406210895522388 0.7179736978609625 0.7328338805970149 0.6874993262032086 0.6706048022388059 0.6354445909090909 0.5980518395522388 0.6552832754010695 0.5841799701492538 0.7274245427807486 0.5775182238805969 0.7337677165775401 0.556727578358209 0.6282922593582887 0.5703424141791045 0.6253068422459893 0.5517970932835821 0.6077689090909091 0.5431757611940298
0 0.39147070320855615 0.6508884850746269 0.3952019171122995 0.6339371641791045 0.37785071122994657 0.6365081604477612 0.3741194973262032 0.6534594776119403 0.39147070320855615 0.6508884850746269
0 0.08922674331550802 0.9002221791044777 0.10390374598930481 0.8977597388059702 0.10763495989304812 0.8808084179104477 0.08922674331550802 0.9002221791044777
0 0.3328260561497326 0.744734947761194 0.34352287433155076 0.7443007276119403 0.34178119518716576 0.7201049664179104 0.3328260561497326 0.744734947761194
0 0.22760068983957218 0.8535388208955224 0.24352143048128344 0.8454259440298507 0.24190423262032085 0.8286917350746268 0.22760068983957218 0.8535388208955224
0 0.11907868983957219 0.9251435037313432 0.14016110695187164 0.9056211902985075 0.1307080294117647 0.9004049701492538 0.11907868983957219 0.9251435037313432
0 0.2141651898395722 0.6898189440298508 0.23785957219251336 0.666457302238806 0.22312032620320854 0.6651889664179105 0.2141651898395722 0.6898189440298508
0 0.18493679144385025 0.782471302238806 0.1886680053475936 0.7655199850746269 0.17131679946524064 0.7680909776119402 0.16236166310160427 0.7927209552238806 0.18493679144385025 0.782471302238806
0 0.16652745989304812 0.7216191231343283 0.15943736898395722 0.697640473880597 0.14488485294117648 0.7075644589552239 0.14258410695187165 0.7300576604477612 0.16652745989304812 0.7216191231343283
0 0.15135475133689838 0.8547672350746268 0.15763568181818183 0.8302458134328358 0.13767251604278075 0.8366561343283583 0.12610541711229947 0.8651254365671642 0.15135475133689838 0.8547672350746268
0 0.26168067379679144 0.8110890895522388 0.2468169438502674 0.8023592014925373 0.24028704010695184 0.8119575223880596 0.25683020855614974 0.8411523955223881 0.27523842245989305 0.8217386380597015 0.25782497593582887 0.8205788544776119 0.26168067379679144 0.8110890895522388
0 0.1540923155080214 0.9386553917910447 0.198682385026738 0.8845791194029851 0.17859473529411765 0.8835278917910447 0.1540923155080214 0.9386553917910447
0 0.28462814171122996 0.7429581492537314 0.27187954812834225 0.780808671641791 0.28767580213903743 0.7652342462686567 0.30235168449197863 0.6825058694029851 0.326046064171123 0.6591442313432836 0.324366628342246 0.6386792462686567 0.29824701336898396 0.6770725410447761 0.27822160427807485 0.6797520858208955 0.27337113903743315 0.7098153917910448 0.2841924411764706 0.7168427276119403 0.28462814171122996 0.7429581492537314
0 0.15464579411764706 0.49063674253731343 0.14774243315508023 0.4778504179104477 0.13841383957219253 0.48009574626865675 0.14133701336898394 0.4949102910447761 0.15464579411764706 0.49063674253731343
0 0.1137258101604278 0.6042968619402985 0.12964654812834225 0.5961839850746269 0.12019347058823529 0.5909677611940298 0.1137258101604278 0.6042968619402985
0 0.10806618716577539 0.5858600970149254 0.12118823796791445 0.570394223880597 0.09457067914438502 0.5789413208955224 0.10806618716577539 0.5858600970149254
0 0.22013379144385029 0.5663777089552239 0.19432427272727273 0.5431589402985075 0.18244595989304815 0.5529743731343284 0.18866577005347593 0.6049881119402984 0.21677603475935828 0.6057136791044776 0.22038276203208557 0.5813008097014924 0.22013379144385029 0.5663777089552239
0 0.11969664438502674 0.6413875 0.14090355080213904 0.6293267425373135 0.13145047058823528 0.6241105186567164 0.11969664438502674 0.6413875
0 0.0828135 0.35542048880597016 0.08181761497326204 0.2957280895522388 0.07211556684491979 0.2755887686567164 0.06440416844919786 0.2945683097014925 0.04014960160427807 0.28435297388059705 0.028333532085561497 0.2978991791044776 0.03181689304812834 0.34629069776119403 0.0562581871657754 0.36769835820895524 0.0828135 0.35542048880597016
0 0.09257667647058823 0.29902464925373134 0.13517721390374332 0.2860954514925373 0.10663124866310161 0.2592544626865672 0.09257667647058823 0.29902464925373134
0 0.07908005080213905 0.2118399328358209 0.0905849064171123 0.17963985447761194 0.05961370855614973 0.16783051865671644 0.05899239839572193 0.2107887052238806 0.07908005080213905 0.2118399328358209
0 0.7670963155080214 0.1484447985074627 0.7628049171122995 0.13181914179104479 0.7483146443850268 0.14547390298507462 0.751237820855615 0.16028844776119403 0.7670963155080214 0.1484447985074627
0 0.9006209144385027 0.21209069029850747 0.9069640882352941 0.19130003731343284 0.8922248449197862 0.1900317014925373 0.8805332620320855 0.21103945895522389 0.9006209144385027 0.21209069029850747
0 0.5624874572192513 0.07461789179104478 0.5580093315508021 0.046799906716417906 0.5460687754010696 0.052884570895522384 0.5517906417112299 0.07505210820895522 0.5624874572192513 0.07461789179104478
0 0.5323876604278075 0.11503940298507462 0.5287186898395722 0.13572149626865673 0.5394777486631016 0.13901805597014924 0.5454485828877006 0.17610869402985074 0.5561454010695187 0.175674473880597 0.5558964304812835 0.16075137313432836 0.5323876604278075 0.11503940298507462
0 0.8208960855614973 0.48599133208955225 0.8581482139037433 0.4732792462686567 0.8164801978609625 0.4619041231343284 0.8208960855614973 0.48599133208955225
0 0.8075250641711229 0.486534104477612 0.7845142352941177 0.47066832835820893 0.7565907005347594 0.4811350858208955 0.7782955481283422 0.49892052611940296 0.8075250641711229 0.486534104477612
0 0.4455716256684492 0.2846954589552239 0.45614395454545453 0.2767996940298507 0.4466908770053476 0.2715834701492537 0.4455716256684492 0.2846954589552239
0 0.33941708556149736 0.6586014626865672 0.3541563288770053 0.6598697985074626 0.36323595187165775 0.6427013694029851 0.33941708556149736 0.6586014626865672
0 0.4457650588235294 0.7774834067164179 0.4537254304812834 0.7734269664179104 0.4494962754010695 0.7605320895522388 0.4457650588235294 0.7774834067164179
0 0.4495874010695187 0.6055963731343283 0.4392738796791444 0.5889053134328358 0.429530871657754 0.6064105335820895 0.4495874010695187 0.6055963731343283
0 0.45321541711229946 0.5556729962686567 0.4560654572192513 0.5928903171641792 0.46634730213903747 0.5675830223880597 0.46210258288770056 0.5537554514925374 0.45321541711229946 0.5556729962686567