0 0.06216913607594937 0.8936197692307692 0.05792152848101266 0.9113752384615385 0.07537387025316455 0.9114473615384615 0.07329524999999999 0.8943627307692308 0.06216913607594937 0.8936197692307692
0 0.1389673987341772 0.3105638115384615 0.10231547468354431 0.3048364923076923 0.07437967721518987 0.27126594615384614 0.04765892088607595 0.27986778461538464 0.034584734177215186 0.32163263076923077 0.056083851265822784 0.3520401615384615 0.09359934810126583 0.3326797230769231 0.0870723006329114 0.38144143846153844 0.11750845886075949 0.39167345000000003 0.14356646202531645 0.36006848846153844 0.12741953481012658 0.35024401923076925 0.1389673987341772 0.3105638115384615
0 0.8490105537974683 0.7832635307692307 0.8200103544303797 0.8228716192307692 0.8244989620253165 0.8685424423076923 0.8488298164556963 0.887113 0.883513579113924 0.8795895384615384 0.9003031677215189 0.8566585423076923 0.9049725158227848 0.7984799 0.8822784493670885 0.7816585653846153 0.8490105537974683 0.7832635307692307
0 0.7206986962025317 0.6795800384615385 0.6527470379746836 0.6887084692307692 0.6300730601265823 0.7276457192307692 0.6219092278481012 0.7746582153846154 0.6426351360759494 0.7782287769230769 0.6592238955696202 0.8033886576923077 0.6940181170886075 0.79969905 0.7258500569620253 0.7482539846153846 0.7337929715189874 0.693573776923077 0.7206986962025317 0.6795800384615385
0 0.4663945981012658 0.552723976923077 0.42036380063291134 0.5518367653846155 0.402138253164557 0.5249276692307692 0.40408632594936705 0.4824198576923077 0.38205500632911393 0.48860164615384616 0.3801471139240506 0.6426266269230769 0.40153577215189873 0.6692003038461538 0.44909289556962023 0.6680028769230769 0.47974996835443035 0.6859025961538462 0.45849185759493677 0.7189213538461539 0.4546860886075949 0.7520122384615384 0.4918702120253164 0.7211502384615385 0.5488062088607595 0.7151127 0.5872957436708861 0.6744983576923077 0.5975381930379747 0.6445704923076923 0.6264480253164557 0.6568871384615385 0.6350536930379747 0.62521005 0.6587418860759494 0.6765360692307693 0.6736737721518987 0.6441881461538462 0.7242835506329114 0.63882145 0.7685470158227848 0.578367 0.7834789018987341 0.5460190769230769 0.7768213069620253 0.5351883538461538 0.8167267056962025 0.4886555230769231 0.8052491234177215 0.4206524153846154 0.7727343481012658 0.3933357769230769 0.8071771075949368 0.3223860192307692 0.8431662753164557 0.30511021923076925 0.794082829113924 0.3083922807692308 0.7582944841772152 0.2775772076923077 0.7271052088607595 0.2962668076923077 0.7107574493670886 0.33453321923076923 0.7178568829113924 0.3606993576923077 0.7504821170886076 0.39184985384615384 0.7493976234177215 0.4092699038461538 0.7304189525316456 0.4112824115384615 0.7199555886075949 0.4335425769230769 0.7205078797468354 0.4527118423076923 0.7464755158227848 0.47303161538461536 0.7359016898734178 0.4914579230769231 0.7157079810126582 0.45129804615384617 0.6905135537974684 0.45781524615384617 0.6773088196202531 0.43998765384615385 0.5887417120253164 0.4493793807692308 0.5657162689873418 0.42105648076923075 0.5218745474683544 0.4410877576923077 0.5002649715189873 0.40684637307692306 0.5436648607594936 0.37147968076923077 0.5688392025316455 0.3092038923076923 0.5973071993670886 0.3061851230769231 0.6233652056962026 0.27458016153846154 0.622371082278481 0.24007547692307693 0.6075295632911393 0.22049866538461538 0.5756775379746836 0.21618515000000002 0.5507040221518987 0.23037005769230767 0.5359729620253165 0.21462710384615385 0.5059786360759494 0.21973050384615384 0.46815185126582276 0.28334797307692305 0.46425571202531646 0.3683635846153846 0.42171940189873414 0.37864251923076925 0.4082033797468354 0.40507195384615385 0.4190182120253164 0.4500719384615385 0.41434886392405057 0.508250576923077 0.43180120569620256 0.5083227038461539 0.4663945981012658 0.552723976923077
0 0.29013397151898734 0.27146059230769226 0.3084699810126582 0.3022035423076923 0.32853313924050637 0.28277098076923074 0.3182705949367089 0.2569402653846154 0.29013397151898734 0.27146059230769226
0 0.333242664556962 0.3361095115384616 0.3385948512658228 0.35669258076923077 0.35571581329113927 0.3452631423076923 0.34883730063291135 0.32676471153846154 0.333242664556962 0.3361095115384616
0 0.3406734683544304 0.37377721153846155 0.35246233544303796 0.3975232923076923 0.3694728417721519 0.3822600038461539 0.35943121835443037 0.36409699230769227 0.3406734683544304 0.37377721153846155
0 0.3687197246835443 0.41118161153846156 0.3643616582278481 0.4251032269230769 0.3853084841772152 0.43634149615384615 0.38617206329113923 0.41125373846153845 0.3687197246835443 0.41118161153846156
0 0.3029370537974684 0.38546994230769227 0.3113418924050633 0.4018837346153846 0.32213663607594933 0.3911251346153846 0.31536858227848097 0.3764605576923077 0.3029370537974684 0.38546994230769227
0 0.3007680664556962 0.42031004230769226 0.30906244620253165 0.43288998076923074 0.3199676487341772 0.4259652346153846 0.3131995949367089 0.4113006615384615 0.3007680664556962 0.42031004230769226
0 0.2445651012658228 0.34166738076923076 0.2466437151898734 0.3587520115384616 0.26071202848101266 0.35149185 0.25721754430379745 0.3403257076923077 0.2445651012658228 0.34166738076923076
0 0.22709267088607596 0.2858366730769231 0.21401848101265825 0.32760151923076924 0.20059282911392406 0.30210621923076925 0.17856151265822784 0.30828800384615385 0.17791885443037975 0.3410434653846154 0.22722321835443038 0.34542911153846156 0.25000765506329115 0.3103257153846154 0.24279776582278478 0.2803257269230769 0.22709267088607596 0.2858366730769231
0 0.14867764556962024 0.31722526153846153 0.1507562658227848 0.3343098923076923 0.16493503481012659 0.3308835846153846 0.16133008860759493 0.3158835846153846 0.14867764556962024 0.31722526153846153
0 0.08567651898734177 0.4431185153846154 0.09419181962025316 0.4633661615384615 0.11763900632911393 0.4512658884615385 0.10421335443037975 0.4257705884615385 0.08567651898734177 0.4431185153846154
0 0.035910234177215186 0.36763887307692306 0.044315072784810124 0.3840526653846154 0.058162468354430376 0.3691247961538462 0.05139441455696203 0.3544602192307692 0.035910234177215186 0.36763887307692306
0 0.1891755158227848 0.40137886923076926 0.19441724683544304 0.41812808076923075 0.2084855601265823 0.41086791923076926 0.20160704430379747 0.39236948846153846 0.1891755158227848 0.40137886923076926
0 0.34354538291139236 0.4734574038461538 0.3461562025316456 0.45395271538461535 0.3122456487341772 0.48831315000000003 0.36166047151898734 0.49653265 0.3660185348101266 0.4826110307692308 0.34354538291139236 0.4734574038461538
0 0.7872344841772152 0.6763701 0.7867926487341772 0.6610346846153846 0.7803559683544304 0.6578716692307692 0.7660667405063291 0.657464126923077 0.7599614367088608 0.6658026730769231 0.7536352151898734 0.6664735076923076 0.7490562341772152 0.6727274192307693 0.7601823512658228 0.6734703807692307 0.7732766297468354 0.6874641192307692 0.7763292816455696 0.6832948423076922 0.782655506329114 0.6826240076923078 0.7872344841772152 0.6763701
0 0.34296299367088606 0.6734886230769231 0.3255106518987342 0.6734165 0.3149368259493671 0.6918428076923077 0.3219257974683544 0.7141750884615384 0.33010971835443037 0.7229211769230769 0.3459252753164557 0.7212440846153846 0.35638864556962024 0.698983923076923 0.35300461392405064 0.6916516346153846 0.3526732405063291 0.6801500730769231 0.34296299367088606 0.6734886230769231
0 0.2872922246835443 0.5582566461538462 0.27966059493670886 0.568679826923077 0.2799919683544304 0.5801813846153846 0.2850127816455696 0.5892628923076922 0.2945021139240506 0.5882566384615385 0.3051863987341772 0.5736641846153847 0.3049654810126582 0.565996476923077 0.2984183417721519 0.5589996076923077 0.2872922246835443 0.5582566461538462
0 0.25847276265822783 0.49401526923076927 0.26665668354430383 0.5027613576923077 0.26981979746835444 0.5024259384615384 0.27439877531645573 0.4961720307692308 0.2741778575949367 0.48850432307692304 0.2709042911392405 0.48500588461538463 0.2661043924050633 0.48359208846153845 0.25847276265822783 0.49401526923076927
0 0.2918009240506329 0.6596860576923077 0.28841689873417725 0.6523537692307692 0.2772907816455696 0.6516108076923077 0.27609582911392405 0.6651970038461539 0.2841692911392405 0.6701092384615385 0.2918009240506329 0.6596860576923077
0 0.265301085443038 0.6759556038461538 0.2698800664556962 0.6697016961538462 0.2696591487341772 0.6620339884615385 0.266385579113924 0.6585355538461538 0.25689624683544304 0.6595418076923077 0.2589748639240506 0.6766264423076923 0.265301085443038 0.6759556038461538
0 0.228227417721519 0.7106514576923076 0.23280639873417722 0.7043975461538461 0.23258548417721517 0.6967298384615385 0.22931191139240506 0.6932314076923076 0.21818579430379745 0.6924884461538462 0.21077508227848102 0.7105793346153847 0.228227417721519 0.7106514576923076
0 0.14499241139240507 0.6848676615384616 0.13725031962025316 0.6914569884615385 0.13747123734177216 0.6991246961538462 0.14565516139240506 0.7078707807692307 0.14881827215189872 0.7075353653846154 0.15339725316455696 0.7012814576923077 0.15633944303797467 0.6932783307692307 0.14979230696202533 0.6862814576923076 0.14499241139240507 0.6848676615384616
0 0.10780828797468354 0.7157296615384615 0.10322931012658229 0.7219835692307692 0.10345022468354431 0.7296512769230769 0.10836057911392405 0.7348989307692307 0.11784991139240507 0.7338926730769231 0.12242888924050632 0.7276387615384615 0.1223184335443038 0.7238049115384616 0.11577129430379746 0.7168080423076924 0.10780828797468354 0.7157296615384615
0 0.1569118259493671 0.7682061846153846 0.1632380474683544 0.7675353461538461 0.1678170253164557 0.7612814346153847 0.1612698892405063 0.7542845653846154 0.15963310126582278 0.7525353499999999 0.15200147151898735 0.7629585307692307 0.1569118259493671 0.7682061846153846
0 0.16807812025316454 0.8804663153846154 0.16000465506329112 0.8755540846153845 0.1536784335443038 0.8762249192307692 0.139057832278481 0.8643158153846154 0.1295685 0.8653220730769231 0.12978941772151897 0.8729897807692307 0.13655747151898734 0.8876543576923077 0.1462677183544304 0.8943158076923077 0.14648863607594936 0.9019835115384616 0.15139899050632913 0.9072311692307692 0.16405143670886077 0.9058894923076923 0.17168306329113925 0.8954663115384615 0.16807812025316454 0.8804663153846154
0 0.15031449683544304 0.9246512192307692 0.14693046835443038 0.9173189269230768 0.13896746202531646 0.91624055 0.131335832278481 0.926663726923077 0.1426828670886076 0.9350743961538461 0.15031449683544304 0.9246512192307692
0 0.08877943354430379 0.8811840769230769 0.08888988924050632 0.8850179307692307 0.09707381329113925 0.8937640153846154 0.10340003481012658 0.893093176923077 0.10797901265822783 0.8868392692307693 0.10437406962025315 0.871839276923077 0.09324795253164557 0.8710963153846154 0.08877943354430379 0.8811840769230769
0 0.27692930379746833 0.8593097384615385 0.26613456329113927 0.8700683346153847 0.2635237436708861 0.8895730230769231 0.271707667721519 0.8983191076923077 0.281196996835443 0.8973128538461539 0.29504439240506325 0.8823849807692308 0.29798658860759497 0.8743818576923077 0.29121853164556966 0.8597172807692307 0.27692930379746833 0.8593097384615385
0 0.3239140474683544 0.7831844538461539 0.34180821835443037 0.7985919923076923 0.3481344398734177 0.7979211538461538 0.3493293924050633 0.7843349576923077 0.34430857911392404 0.7752534538461539 0.33950868670886075 0.7738396538461538 0.32521945569620253 0.7734321115384616 0.3239140474683544 0.7831844538461539
0 0.35182975316455695 0.7609964192307692 0.35194021202531645 0.7648302730769231 0.35685056645569624 0.7700779269230769 0.36317678797468356 0.7694070884615384 0.3677557658227848 0.7631531769230769 0.3643717405063291 0.7558208884615385 0.35640873101265824 0.7547425076923077 0.35182975316455695 0.7609964192307692
0 0.4337392626582279 0.7407739692307693 0.427081667721519 0.7299432461538462 0.41911866139240506 0.7288648692307692 0.4130133544303798 0.7372034153846154 0.40363448101265825 0.7420435230769231 0.3960028481012658 0.7524667038461539 0.3962237658227848 0.7601344115384616 0.40429723101265824 0.7650466423076923 0.41040253481012656 0.7567081 0.4262180917721519 0.7550310038461538 0.4337392626582279 0.7407739692307693
0 0.4065766740506329 0.7340403961538462 0.41115565189873415 0.7277864884615385 0.4099406139240506 0.6856141 0.40666704430379746 0.6821156615384616 0.4003408196202532 0.6827865 0.4005617373417722 0.6904542076923077 0.4038353101265823 0.6939526461538461 0.40427713924050634 0.7092880576923077 0.4012244873417722 0.713457326923077 0.4015558639240506 0.7249588923076924 0.3985032088607595 0.7291281653846153 0.40341356329113925 0.7343758153846154 0.4065766740506329 0.7340403961538462
0 0.39295019620253163 0.7566359730769231 0.389566167721519 0.7493036884615385 0.380076835443038 0.7503099423076923 0.38204499367088607 0.7635607192307693 0.3883712151898734 0.7628898807692308 0.39295019620253163 0.7566359730769231
0 0.39372340189873417 0.7834729500000001 0.39394431962025317 0.7911406576923077 0.4020177848101266 0.7960528884615384 0.411396661392405 0.7912127807692309 0.41270206962025313 0.7814604384615385 0.4094285 0.7779620038461538 0.3983023829113924 0.7772190423076923 0.39372340189873417 0.7834729500000001
0 0.7679445316455696 0.7226396384615384 0.7774338639240507 0.7216333807692307 0.7789601898734178 0.7195487461538461 0.7724130537974684 0.7125518769230769 0.7644500443037975 0.7114734961538463 0.7630341772151898 0.7173919846153847 0.7679445316455696 0.7226396384615384
0 0.8498841424050632 0.4832167 0.8577366898734178 0.4804612269230769 0.8575157753164557 0.47279351923076923 0.8542422056962026 0.46929508076923077 0.8447528734177215 0.47030133846153843 0.8449737879746835 0.47796904615384617 0.8498841424050632 0.4832167
0 0.5693011234177215 0.38029789230769234 0.5774850474683544 0.3890439769230769 0.5806481582278481 0.38870855769230767 0.5852271360759493 0.38245465 0.5851166772151899 0.37862079615384614 0.5785695379746836 0.3716239269230769 0.5706065316455696 0.37054554615384616 0.5693011234177215 0.38029789230769234
0 0.2801827848101266 0.8070495846153846 0.29447201265822787 0.8074571269230769 0.30210364556962027 0.7970339461538462 0.3017722689873418 0.7855323884615384 0.29064615189873416 0.784789426923077 0.2799618670886076 0.7993818769230769 0.2801827848101266 0.8070495846153846
0 0.23240474367088607 0.8005793076923077 0.2325152025316456 0.8044131576923077 0.23742555696202533 0.8096608115384615 0.24058866772151902 0.8093253923076923 0.24516764556962026 0.8030714807692307 0.24178362025316455 0.7957391923076923 0.2369837246835443 0.7943253961538462 0.23240474367088607 0.8005793076923077
0 0.18387358544303797 0.8230306384615385 0.18506853797468356 0.8094444423076923 0.17394242088607595 0.8087014807692308 0.17263701265822787 0.8184538192307692 0.17754736392405063 0.8237014730769231 0.18387358544303797 0.8230306384615385
0 0.1454744240506329 0.8117202461538462 0.14416901265822785 0.8214725884615385 0.15213201898734177 0.8225509692307692 0.15343743037974683 0.8127986269230769 0.1454744240506329 0.8117202461538462
0 0.5625833259493671 0.8078681461538462 0.5737094430379747 0.8086111076923077 0.5813410759493671 0.7981879269230769 0.5812306170886077 0.7943540730769231 0.5701044968354431 0.7936111115384615 0.5624728670886076 0.8040342961538461 0.5625833259493671 0.8078681461538462