0 0.42092955078125 0.8226376 0.42345912890625 0.7986628823529413 0.40653177734375 0.7774220352941176 0.419373703125 0.7283790529411764 0.43459879296875 0.7203349705882354 0.43467199609375 0.6878481647058824 0.4423815625 0.7192414294117647 0.45685254296875 0.7319701823529412 0.46962126171875 0.7154140176470588 0.46123079296875 0.6723067764705882 0.432215625 0.6793360647058824 0.43591297265625 0.607958694117647 0.42608748828125 0.5739103176470588 0.43352980859375 0.566959788235294 0.4232906640625 0.5595412411764706 0.39979594140625 0.6277955 0.3842303984375 0.6299825941176471 0.3524916171875 0.590156 0.35721031640625 0.5363495764705882 0.374964984375 0.5043307764705882 0.3572835234375 0.5038627647058824 0.3547539453125 0.5278374823529411 0.33563747265625 0.5364283294117647 0.3211664921875 0.5236995764705882 0.32014513671875 0.5061286117647059 0.30669551171875 0.5109708176470588 0.30027455078125 0.535492305882353 0.26170114453125 0.5468170235294117 0.240395546875 0.5852395764705882 0.21213448828125 0.5714960294117647 0.17601745703125 0.5913328411764706 0.1833865703125 0.6168691235294117 0.21028581640625 0.6071847235294118 0.2293290859375 0.6310806764705882 0.229863578125 0.7077682705882353 0.21497894140625 0.7216693352941176 0.20165015234375 0.8298289529411764 0.16969175 0.8874627882352941 0.16395169140625 0.9236982470588236 0.1698857890625 0.958293394117647 0.21389162109375 0.9981260999999999 0.338490640625 0.9970344941176471 0.338844421875 0.9965538882352941 0.3936642734375 0.9947560470588236 0.402274359375 0.9404028588235294 0.44829008203125 0.9221276117647059 0.466798859375 0.8693359705882353 0.459502953125 0.8113128882352941 0.434719625 0.8236523882352941 0.445639671875 0.842784905882353 0.432190046875 0.8476271117647058 0.42092955078125 0.8226376
0 0.5176796953125 0.7322806823529412 0.51665833984375 0.7147097176470588 0.5202092734375 0.7083059647058824 0.5159774375 0.7029957529411764 0.514956078125 0.6854247941176471 0.5089487734375 0.6833164588235294 0.4983691796875 0.6700409294117647 0.49058641015625 0.6711344705882353 0.489418640625 0.7185371352941177 0.48586770703125 0.7249408941176471 0.49644730078125 0.7382164235294117 0.5063459921875 0.7397779823529412 0.50804825390625 0.7690629176470589 0.50483776953125 0.7813236647058823 0.5264106171875 0.781244905882353 0.5391793359375 0.7646887294117647 0.53781752734375 0.7412607882352942 0.5176796953125 0.7322806823529412
0 0.5074661328125 0.5565711 0.51169796875 0.5618813117647059 0.5144215859375 0.6087372 0.50697926953125 0.6156877294117648 0.507660171875 0.6274017058823529 0.51789931640625 0.6348202470588236 0.5256820859375 0.633726705882353 0.53202984375 0.6416920235294118 0.5348266640625 0.6560611000000001 0.56206636328125 0.6522336882352942 0.57026279296875 0.6245103235294117 0.5636477890625 0.578201205882353 0.559415953125 0.5728909941176471 0.553628265625 0.47332222941176466 0.5444836875 0.4509878294117647 0.54312187890625 0.4275598882352941 0.52544041796875 0.42709187058823533 0.521889484375 0.43349562941176467 0.5155417265625 0.42553030588235297 0.5187522109375 0.41326956470588233 0.51452037109375 0.4079593529411764 0.500730296875 0.40694456470588236 0.49540389453125 0.416550205882353 0.5045484765625 0.4388846 0.49355522265625 0.45223889411764706 0.49212020703125 0.4612977588235294 0.47655466796875 0.46348484705882353 0.4758005546875 0.4842576941176471 0.4955979375 0.4873808117647059 0.50187248828125 0.5278329411764706 0.50610432421875 0.5331431529411765 0.5074661328125 0.5565711
0 0.467216046875 0.37031984705882354 0.46797015625 0.3495470117647059 0.45807146875 0.3479854529411765 0.45274506640625 0.3575910882352941 0.45308551953125 0.36344807647058824 0.45943327734375 0.37141338823529413 0.467216046875 0.37031984705882354
0 0.5788949296875 0.8742523882352942 0.57356853125 0.8838580235294118 0.57390898046875 0.8897150117647059 0.58769905859375 0.8907298 0.58879362109375 0.8758139529411765 0.5788949296875 0.8742523882352942
0 0.564837609375 0.834893805882353 0.563743046875 0.8498096588235294 0.573641734375 0.8513712176470588 0.57896813671875 0.8417655764705881 0.574736296875 0.8364553647058824 0.564837609375 0.834893805882353
0 0.6252034765625 0.7260299 0.6262980390625 0.7111140470588235 0.61250796484375 0.7100992588235294 0.61141340234375 0.7250151117647059 0.6252034765625 0.7260299
0 0.5650316484375 0.9057244117647059 0.5639370859375 0.9206402647058824 0.569944390625 0.9227486 0.5752707890625 0.9131429588235295 0.57493033984375 0.9072859705882353 0.5650316484375 0.9057244117647059
0 0.55615431640625 0.9217338117647059 0.55547341015625 0.9100198411764706 0.547690640625 0.9111133823529411 0.55048746484375 0.9254824647058824 0.55615431640625 0.9217338117647059
0 0.55963204296875 0.9478168647058824 0.554305640625 0.9574225 0.5606533984375 0.9653878235294118 0.56597980078125 0.9557821823529411 0.56563934765625 0.949925194117647 0.55963204296875 0.9478168647058824
0 0.493064828125 0.9837418294117647 0.4994125859375 0.9917071529411765 0.50897082421875 0.9874117235294118 0.5033771796875 0.9586735647058823 0.5012612578125 0.9560184588235293 0.49805077734375 0.9682792058823528 0.49238392578125 0.9720278588235294 0.493064828125 0.9837418294117647
0 0.50605316796875 0.8697252235294117 0.50114042578125 0.8527010411764706 0.48946626953125 0.8543413588235295 0.48659623828125 0.8724590941176471 0.49294399609375 0.8804244117647058 0.500726765625 0.8793308647058823 0.50605316796875 0.8697252235294117
0 0.45736145703125 0.9769488176470589 0.45278916796875 0.9657816176470588 0.44500639453125 0.9668751588235294 0.44780321875 0.9812442411764706 0.45736145703125 0.9769488176470589
0 0.187962390625 0.15565001764705882 0.19574516015625 0.1545564705882353 0.2010715625 0.1449508294117647 0.19649926953125 0.13378363529411763 0.18660058203125 0.13222207647058823 0.1812741796875 0.14182771176470588 0.1816146328125 0.1476847 0.187962390625 0.15565001764705882