0 0.35512820512820514 0.6464285714285715 0.3641025641025641 0.6482142857142857 0.36538461538461536 0.6785714285714286 0.38846153846153847 0.6357142857142857 0.4217948717948718 0.6214285714285714 0.4371794871794872 0.6357142857142857 0.441025641025641 0.6089285714285714 0.4576923076923077 0.5964285714285714 0.4807692307692308 0.6107142857142858 0.45897435897435895 0.5875 0.4653846153846154 0.5678571428571428 0.5205128205128206 0.5946428571428571 0.4705128205128205 0.5464285714285714 0.5666666666666667 0.5482142857142858 0.514102564102564 0.5178571428571429 0.4987179487179487 0.5321428571428571 0.4794871794871795 0.5267857142857143 0.5897435897435898 0.41964285714285715 0.5782051282051283 0.4107142857142857 0.5397435897435897 0.42142857142857143 0.5282051282051282 0.4017857142857143 0.5538461538461539 0.31607142857142856 0.4987179487179487 0.35 0.4794871794871795 0.30892857142857144 0.441025641025641 0.26607142857142857 0.42948717948717946 0.20357142857142857 0.41794871794871796 0.2125 0.4153846153846154 0.25535714285714284 0.4307692307692308 0.29464285714285715 0.4346153846153846 0.3678571428571429 0.38974358974358975 0.28035714285714286 0.3769230769230769 0.1875 0.36666666666666664 0.1875 0.38461538461538464 0.30178571428571427 0.37948717948717947 0.3267857142857143 0.41025641025641024 0.42678571428571427 0.40384615384615385 0.4607142857142857 0.3371794871794872 0.37142857142857144 0.2782051282051282 0.32142857142857145 0.2692307692307692 0.3267857142857143 0.3487179487179487 0.40535714285714286 0.38076923076923075 0.4785714285714286 0.18846153846153846 0.4142857142857143 0.15128205128205127 0.4232142857142857 0.15512820512820513 0.4357142857142857 0.2705128205128205 0.4607142857142857 0.37948717948717947 0.5125 0.37948717948717947 0.5446428571428571 0.3628205128205128 0.5535714285714286 0.36025641025641025 0.5714285714285714 0.258974358974359 0.5625 0.2653846153846154 0.5821428571428572 0.3346153846153846 0.5857142857142857 0.35384615384615387 0.5982142857142857 0.30512820512820515 0.6696428571428571 0.27692307692307694 0.7303571428571428 0.2846153846153846 0.7375 0.3243589743589744 0.6714285714285714 0.35512820512820514 0.6464285714285715
0 0.5846153846153846 0.6232142857142857 0.5884615384615385 0.6392857142857142 0.6051282051282051 0.6410714285714286 0.6012820512820513 0.625 0.5846153846153846 0.6232142857142857
0 0.867948717948718 0.8642857142857143 0.882051282051282 0.8660714285714286 0.8641025641025641 0.8482142857142857 0.867948717948718 0.8642857142857143
0 0.6358974358974359 0.7267857142857143 0.6461538461538462 0.7267857142857143 0.6371794871794871 0.7035714285714286 0.6358974358974359 0.7267857142857143
0 0.7333333333333333 0.8196428571428571 0.7487179487179487 0.8267857142857142 0.7346153846153847 0.8035714285714286 0.7333333333333333 0.8196428571428571
0 0.8333333333333334 0.8732142857142857 0.8538461538461538 0.8910714285714286 0.8423076923076923 0.8678571428571429 0.8333333333333334 0.8732142857142857
0 0.735897435897436 0.6482142857142857 0.7589743589743589 0.6696428571428571 0.75 0.6464285714285715 0.735897435897436 0.6482142857142857
0 0.7846153846153846 0.7410714285714286 0.7884615384615384 0.7571428571428571 0.8102564102564103 0.7660714285714286 0.8012820512820513 0.7428571428571429 0.7846153846153846 0.7410714285714286
0 0.8115384615384615 0.675 0.8051282051282052 0.6982142857142857 0.8282051282051283 0.7053571428571429 0.8256410256410256 0.6839285714285714 0.8115384615384615 0.675
0 0.8153846153846154 0.8017857142857143 0.8217948717948718 0.825 0.8461538461538461 0.8339285714285715 0.8346153846153846 0.8071428571428572 0.8153846153846154 0.8017857142857143
0 0.7294871794871794 0.7785714285714286 0.7153846153846154 0.7875 0.7192307692307692 0.7964285714285714 0.7025641025641025 0.7982142857142858 0.7205128205128205 0.8160714285714286 0.735897435897436 0.7875 0.7294871794871794 0.7785714285714286
0 0.7769230769230769 0.8553571428571428 0.8205128205128205 0.9053571428571429 0.7961538461538461 0.8535714285714285 0.7769230769230769 0.8553571428571428
0 0.6923076923076923 0.6982142857142857 0.7025641025641025 0.6910714285714286 0.6974358974358974 0.6625 0.6782051282051282 0.6607142857142857 0.6525641025641026 0.625 0.6512820512820513 0.6446428571428572 0.6743589743589744 0.6660714285714285 0.6897435897435897 0.7446428571428572 0.7051282051282052 0.7589285714285714 0.6923076923076923 0.7232142857142857 0.6923076923076923 0.6982142857142857
0 0.8192307692307692 0.4642857142857143 0.8128205128205128 0.4767857142857143 0.8256410256410256 0.48035714285714287 0.8282051282051283 0.4660714285714286 0.8192307692307692 0.4642857142857143
0 0.8384615384615385 0.5767857142857142 0.8538461538461538 0.5839285714285715 0.8474358974358974 0.5714285714285714 0.8384615384615385 0.5767857142857142
0 0.8461538461538461 0.5517857142857143 0.8589743589743589 0.5660714285714286 0.8717948717948718 0.5589285714285714 0.8461538461538461 0.5517857142857143
0 0.7756410256410257 0.5285714285714286 0.7512820512820513 0.5517857142857143 0.7512820512820513 0.5660714285714286 0.7551282051282051 0.5892857142857143 0.782051282051282 0.5875 0.7871794871794872 0.5375 0.7756410256410257 0.5285714285714286
0 0.8282051282051283 0.6089285714285714 0.8487179487179487 0.6196428571428572 0.8371794871794872 0.6035714285714285 0.8282051282051283 0.6089285714285714
0 0.9307692307692308 0.2875 0.9192307692307692 0.275 0.8961538461538462 0.2857142857142857 0.8884615384615384 0.26785714285714285 0.8794871794871795 0.2875 0.8794871794871795 0.34464285714285714 0.9051282051282051 0.35535714285714287 0.9282051282051282 0.3339285714285714 0.9307692307692308 0.2875
0 0.8282051282051283 0.28035714285714286 0.8692307692307693 0.2910714285714286 0.8551282051282051 0.25357142857142856 0.8282051282051283 0.28035714285714286
0 0.8692307692307693 0.1767857142857143 0.8807692307692307 0.20714285714285716 0.9 0.20535714285714285 0.8987179487179487 0.16428571428571428 0.8692307692307693 0.1767857142857143
0 0.22435897435897437 0.15714285714285714 0.2205128205128205 0.1732142857142857 0.2358974358974359 0.18392857142857144 0.23846153846153847 0.16964285714285715 0.22435897435897437 0.15714285714285714
0 0.08717948717948718 0.21964285714285714 0.09358974358974359 0.2392857142857143 0.11282051282051282 0.2375 0.10128205128205128 0.21785714285714286 0.08717948717948718 0.21964285714285714
0 0.41923076923076924 0.06785714285714285 0.4153846153846154 0.09464285714285714 0.4256410256410256 0.09464285714285714 0.4307692307692308 0.07321428571428572 0.41923076923076924 0.06785714285714285
0 0.44871794871794873 0.15178571428571427 0.44487179487179485 0.13214285714285715 0.4230769230769231 0.1767857142857143 0.4230769230769231 0.19107142857142856 0.43333333333333335 0.19107142857142856 0.43846153846153846 0.15535714285714286 0.44871794871794873 0.15178571428571427
0 0.13846153846153847 0.4875 0.17435897435897435 0.4982142857142857 0.1782051282051282 0.475 0.13846153846153847 0.4875
0 0.20897435897435898 0.48214285714285715 0.18717948717948718 0.4982142857142857 0.2153846153846154 0.5089285714285714 0.2358974358974359 0.49107142857142855 0.20897435897435898 0.48214285714285715
0 0.5205128205128206 0.2839285714285714 0.5307692307692308 0.2910714285714286 0.5294871794871795 0.2785714285714286 0.5205128205128206 0.2839285714285714
0 0.6243589743589744 0.6464285714285715 0.6384615384615384 0.6446428571428572 0.6153846153846154 0.6303571428571428 0.6243589743589744 0.6464285714285715
0 0.5307692307692308 0.7589285714285714 0.5384615384615384 0.7625 0.5346153846153846 0.7464285714285714 0.5307692307692308 0.7589285714285714
0 0.5416666666666666 0.5818464285714285 0.532051282051282 0.5982142857142857 0.5512820512820513 0.5982142857142857 0.5416666666666666 0.5818464285714285
0 0.5256410256410257 0.5863107142857142 0.527776923076923 0.5505964285714285 0.5192307692307693 0.5491071428571429 0.5153846153846153 0.5625 0.5256410256410257 0.5863107142857142