0 0.28205115599999997 0.4460733031914893 0.28992144400000003 0.44755386702127664 0.30628858400000003 0.43170901595744676 0.308512128 0.41590686702127655 0.300527228 0.4008877021276596 0.272981216 0.3957057234042553 0.26659329600000004 0.38369039361702123 0.264255132 0.38595394148936174 0.25906685599999996 0.4228256276595745 0.254390532 0.4273527287234043 0.25216698400000004 0.4431548776595745 0.256216744 0.4574337606382979 0.262490052 0.45591048936170214 0.28205115599999997 0.4460733031914893
0 0.010014272 0.4273383989361702 0.0368191 0.43778775531914893 0.047142168 0.4505433723404255 0.067559068 0.4489773989361702 0.17540493599999998 0.4719688617021277 0.223650564 0.41616308510638295 0.23522676 0.3913067340425532 0.234997532 0.3642295319148936 0.2418974 0.34390028191489364 0.18965549999999998 0.2989281968085106 0.162109492 0.29374621808510637 0.114375816 0.3172074095744681 0.09863524 0.3142462819148936 0.091620748 0.32103693085106383 0.087059044 0.3391026329787234 0.036872584 0.35128877659574465 0.008929244000000001 0.3919899840425532 0.005964512 0.4130595159574468 0.010014272 0.4273383989361702
0 0.2749144 0.2527887925531915 0.27343204 0.2633235585106383 0.281302324 0.26480412765957445 0.299266448 0.25196310638297875 0.30468395600000003 0.24216862234042552 0.30382816 0.23389740425531916 0.29202272399999996 0.23167655851063831 0.28894338399999997 0.2392074893617021 0.2749144 0.2527887925531915
0 0.208085732 0.5267781329787234 0.216697204 0.5229913138297873 0.218920752 0.507189164893617 0.20625952 0.49669710106382975 0.197648048 0.5004839202127659 0.189892376 0.5125419574468085 0.19787728400000001 0.5275611223404255 0.208085732 0.5267781329787234
0 0.185674516 0.5712234521276596 0.18578913600000002 0.5847620531914893 0.203867872 0.5854596329787234 0.21322052400000002 0.5764054308510639 0.213961708 0.5711380478723405 0.2059768 0.5561188829787234 0.194171368 0.5538980372340425 0.18248055600000002 0.5652157872340425 0.185674516 0.5712234521276596
0 0.15556876 0.7277643882978724 0.160359704 0.7367758882978723 0.17843844 0.7374734680851064 0.183114768 0.7329463670212766 0.185338316 0.7171442180851064 0.180547368 0.7081327180851064 0.16874194 0.7059118723404255 0.157051124 0.7172296223404255 0.15556876 0.7277643882978724
0 0.142915176 0.9038088882978723 0.147706116 0.9128203882978723 0.161849712 0.9127776808510638 0.16652603600000002 0.9082505797872341 0.169490768 0.8871810478723405 0.164699824 0.8781695478723405 0.156829536 0.8766889840425532 0.14513872 0.8880067393617022 0.142915176 0.9038088882978723
0 0.03432048 0.69954825 0.020918068 0.6943235691489361 0.01390358 0.7011142234042553 0.011680032 0.7169163723404256 0.027420608000000003 0.7198775000000001 0.032096936 0.7153503989361701 0.03432048 0.69954825
0 0.071555344 0.5497552659574468 0.076231668 0.545228164893617 0.078455216 0.5294260106382979 0.073664272 0.5204145159574468 0.06271464 0.5264648829787234 0.060491092 0.5422670319148936 0.065282036 0.5512785319148936 0.071555344 0.5497552659574468
0 0.125959664 0.47888762234042553 0.112557248 0.47366294148936167 0.10873672000000001 0.48646125531914897 0.11352766 0.4954727553191489 0.119800968 0.49394948936170213 0.124477296 0.4894223882978723 0.125959664 0.47888762234042553
0 0.159610872 0.5555067127659574 0.16588418400000002 0.5539834414893617 0.168963524 0.5464525106382979 0.164172584 0.5374410106382979 0.156302296 0.5359604468085106 0.152481768 0.5487587606382979 0.15727270799999998 0.5577702606382979 0.159610872 0.5555067127659574
0 0.31262302399999997 0.530223329787234 0.321234492 0.5264365106382979 0.32345804 0.5106343617021277 0.31473195600000003 0.500882579787234 0.30378232000000005 0.5069329468085106 0.301558772 0.5227350957446808 0.306349716 0.5317465957446809 0.31262302399999997 0.530223329787234
0 0.30206307600000004 0.3038539521276596 0.316206672 0.30381125 0.31694785200000003 0.2985438670212766 0.31215691199999995 0.2895323670212766 0.30194846000000003 0.29031535638297873 0.30206307600000004 0.3038539521276596
0 0.308672588 0.15640992021276595 0.313463528 0.16542142021276596 0.331542268 0.166119 0.336959776 0.1563245159574468 0.32897487200000003 0.14130535106382977 0.32429854799999996 0.14583245212765958 0.31642825599999996 0.14435188829787235 0.309413772 0.15114253723404256 0.308672588 0.15640992021276595
0 0.40397183999999997 0.18244792021276596 0.400036692 0.1817076329787234 0.393022208 0.18849828723404255 0.391539844 0.19903305319148937 0.40334527200000003 0.2012538989361702 0.40876278000000005 0.19145941489361704 0.40397183999999997 0.18244792021276596
0 0.546385848 0.39036726595744675 0.547868212 0.3798325 0.543077268 0.370821 0.5384009439999999 0.3753481010638298 0.5281924920000001 0.376131085106383 0.5274513080000001 0.38139846808510636 0.532242252 0.3904099680851064 0.546385848 0.39036726595744675
0 0.24463290000000001 0.2957535478723404 0.23984195600000002 0.2867420531914894 0.231971668 0.2852614840425532 0.228777704 0.27925381914893616 0.20910198800000002 0.2755524095744681 0.20208749599999998 0.2823430585106383 0.201346316 0.2876104414893617 0.20613726 0.2966219414893617 0.225812976 0.3003233510638298 0.22900694 0.3063310212765957 0.235280248 0.30480775 0.243891716 0.30102093085106385 0.24463290000000001 0.2957535478723404
0 0.192788328 0.20489828191489362 0.17938592 0.19967360106382978 0.17556539200000001 0.212471914893617 0.180356332 0.22148341489361703 0.18662963999999999 0.21996014893617022 0.191305964 0.2154330478723404 0.192788328 0.20489828191489362
0 0.105932448 0.24803384574468088 0.10604706400000001 0.26157244680851066 0.12019065999999999 0.26152974468085105 0.12007604399999999 0.24799114361702126 0.105932448 0.24803384574468088
0 0.594287628 0.29394569148936167 0.60843122 0.2939029893617021 0.608316604 0.28036438829787236 0.600446316 0.27888382446808513 0.593431828 0.28567447340425534 0.594287628 0.29394569148936167
0 0.681716592 0.31850312234042555 0.6871341 0.3087086382978724 0.6823431560000001 0.29969713829787237 0.662667436 0.29599572340425534 0.6556529480000001 0.30278637765957445 0.654911764 0.30805376063829787 0.6597027080000001 0.3170652606382979 0.681716592 0.31850312234042555
0 0.6163702839999999 0.5819576914893617 0.624355188 0.5969768563829787 0.638498784 0.5969341542553191 0.643175108 0.5924070531914893 0.644657472 0.5818722872340426 0.639866532 0.5728607872340425 0.624125956 0.5698996595744681 0.6171114679999999 0.5766903085106383 0.6163702839999999 0.5819576914893617
0 0.448534488 0.712588744680851 0.453325436 0.7216002393617021 0.463533888 0.720817255319149 0.468210212 0.7162901542553192 0.469692576 0.7057553882978724 0.464901632 0.6967438882978724 0.460966488 0.6960036063829788 0.44927567199999996 0.7073213617021277 0.448534488 0.712588744680851
0 0.485547764 0.7222551170212766 0.491821072 0.7207318510638299 0.49404462 0.7049297021276595 0.484577352 0.7004453031914893 0.48075682399999997 0.7132436170212766 0.485547764 0.7222551170212766
0 0.524731104 0.8026183244680851 0.511328692 0.7973936436170214 0.506766984 0.8154593457446808 0.511557924 0.8244708404255319 0.517831232 0.8229475744680851 0.522507556 0.8184204734042553 0.524731104 0.8026183244680851
0 0.934941192 0.5283443936170212 0.940358704 0.518549909574468 0.9323737999999999 0.5035307446808511 0.91429506 0.5028331648936171 0.9128126959999999 0.5133679308510638 0.91760364 0.5223794308510639 0.924732744 0.5291273776595745 0.934941192 0.5283443936170212
0 0.940534452 0.632126085106383 0.945210776 0.6275989893617021 0.9427579960000001 0.6163239361702127 0.937225876 0.6125798244680851 0.9302113839999999 0.6193704734042553 0.929470204 0.6246378563829788 0.9342611439999999 0.6336493563829787 0.940534452 0.632126085106383
0 0.850133112 0.44210162765957445 0.850988908 0.4503728457446809 0.86119736 0.4495898617021276 0.860341564 0.4413186436170213 0.850133112 0.44210162765957445
0 0.808328892 0.42342375531914894 0.8131198359999999 0.4324352553191489 0.819393144 0.4309119840425532 0.825666448 0.42938871808510637 0.8287457960000001 0.42185778723404255 0.823954852 0.41284628723404254 0.816084564 0.4113657234042553 0.809070076 0.4181563723404256 0.808328892 0.42342375531914894
0 0.630949404 0.07645970212765957 0.635740352 0.08547120212765957 0.6380785120000001 0.08320765425531915 0.646689984 0.07942083510638298 0.648172348 0.06888606914893616 0.643381404 0.059874569148936164 0.63944626 0.05913428723404255 0.632431772 0.06592493617021276 0.630949404 0.07645970212765957