0 0.05373985582822086 0.13144423673469388 0.0056664141104294475 0.1619702693877551 0.006418779141104295 0.18347610612244897 0.02642958588957055 0.16835933265306122 0.06474173926380368 0.15994927551020408 0.09555508895705521 0.1862322 0.14051763496932515 0.1788162632653061 0.22852987116564416 0.11516115918367346 0.23574923619631905 0.07005921836734694 0.20825603680981597 0.07773034693877552 0.14119321165644172 0.04697121224489796 0.07814913496932514 0.07618852857142858 0.05373985582822086 0.13144423673469388
0 1 0.3835688836734694 0.9932322760736196 0.3630927673469388 0.9879654754601227 0.3662847959183673 0.9947555889570552 0.3724833959183673 0.9755995153374233 0.37668842653061224 0.9643513067484664 0.42872789591836735 0.9453349509202453 0.43813740204081636 0.9508574969325153 0.4644096673469387 0.935118082822086 0.4837337387755102 0.9386744601226994 0.5040572632653061 0.9107088036809816 0.5389894469387755 0.8837312730061349 0.5434390102040817 0.8148420030674846 0.5119356163265306 0.7644534171779142 0.47424428163265303 0.6861956871165644 0.4526501224489796 0.6760753282208589 0.47941145102040816 0.6347656717791411 0.4883159040816326 0.5922316564417178 0.5413335040816327 0.5725599079754601 0.5487601 0.5119544570552147 0.5566651020408163 0.4668089785276074 0.5348370693877551 0.3949654110429448 0.5278675612244897 0.37627169938650307 0.5717255163265307 0.32343439877300617 0.6222604795918368 0.30853330061349693 0.6728114326530612 0.29602761963190183 0.678010581632653 0.26160458895705524 0.6742786285714285 0.23107067484662577 0.6584046653061225 0.22451679141104297 0.6385755367346939 0.1540805153374233 0.6167368448979592 0.14190757361963188 0.5894704612244899 0.056676797546012264 0.5324337326530613 0.0678184018404908 0.5661432530612245 0.14058670245398774 0.6524186163265305 0.23002924539877304 0.731761781632653 0.3053326809815951 0.7778898244897959 0.21807234662576686 0.8246928346938776 0.2004099754601227 0.8621076571428571 0.2436757024539877 0.9260659224489797 0.3267422944785276 0.9898272102040816 0.6073487576687117 0.9800432448979591 1 0.915280981632653 1 0.6804975897959185 0.9638485674846625 0.6567308959183673 1 0.5536299693877551 1 0.3835688836734694
0 0.5155944202453987 0.33337218571428573 0.5266496073619632 0.3190027285714286 0.5055806656441718 0.27438452448979594 0.5157010214723927 0.24762319591836734 0.5046026288343559 0.23795316530612243 0.4793118282208589 0.237942506122449 0.45444018404907977 0.2535452857142857 0.4512496564417178 0.2917096959183673 0.48974473926380374 0.3125436040816327 0.5258876134969325 0.402768806122449 0.6255369294478528 0.5034296163265306 0.6233878374233128 0.46823691224489794 0.5323550797546012 0.37451895918367345 0.5155944202453987 0.33337218571428573
0 0.6378164754601227 0.44494701224489797 0.6147813711656441 0.39438006938775505 0.5771779110429448 0.3618985448979592 0.6085933435582822 0.4330388755102041 0.6378164754601227 0.44494701224489797
0 0.29675649386503067 0.5032910367346939 0.302654990797546 0.5211372510204081 0.3232615644171779 0.5261025285714286 0.33628291411042943 0.517681812244898 0.31839440797546015 0.5018131795918368 0.32228352760736195 0.4896711693877551 0.29675649386503067 0.5032910367346939
0 0.26267630061349695 0.4001795653061224 0.2638041472392638 0.3749014244897959 0.2227307208588957 0.37017535102040816 0.17542605828220859 0.380068593877551 0.16385520245398771 0.39765961632653063 0.18160399386503068 0.4083237714285714 0.22370875460122697 0.4066067102040816 0.2189280153374233 0.43039633469387756 0.2706273742331288 0.47205349591836737 0.2771812607361963 0.4918826244897959 0.31680419325153375 0.487438393877551 0.2906750736196319 0.4562008530612245 0.2878705920245399 0.4190252326530612 0.26267630061349695 0.4001795653061224
0 0.26631909509202456 0.46858206530612245 0.2189280153374233 0.43039633469387756 0.2333566564417178 0.4071064367346939 0.178606490797546 0.40881816734693877 0.1570650889570552 0.39146101632653063 0.14587018404907975 0.4006259918367347 0.1498025153374233 0.41252346938775514 0.1747173680981595 0.4209601775510204 0.16820669325153376 0.42517053469387756 0.1595901319018405 0.41822767551020407 0.13668465030674848 0.43977919387755104 0.1269834509202454 0.4821539612244898 0.10857927300613496 0.46950689795918366 0.12065570552147238 0.515608287755102 0.11180291411042945 0.5222959571428571 0.10004913190184049 0.5106430102040816 0.10594762883435584 0.5284892265306123 0.11559552453987729 0.5289889530612245 0.10912805828220859 0.5572388 0.15707801533742333 0.6162424489795918 0.22123984969325153 0.6286609734693878 0.2517305521472393 0.6204954469387756 0.2584774570552147 0.6026545632653061 0.2869054846625767 0.6073753081632653 0.28597065644171776 0.5949834346938775 0.2610558006134969 0.5865467265306122 0.28007215950920245 0.5771372183673469 0.26565361656441716 0.5335131346938776 0.27202457055214724 0.5240982959183673 0.24869993251533742 0.5300363734693878 0.23184276073619633 0.507724606122449 0.24420872392638035 0.49732097551020404 0.22828638343558283 0.48740108163265305 0.2462714018404908 0.4844347081632653 0.2615815644171779 0.5164111775510204 0.2778366472392638 0.4938655387755102 0.26631909509202456 0.46858206530612245
0 0.060283647239263806 0.2181873469387755 0.06300171165644171 0.2072839918367347 0.051527368098159505 0.20604000816326531 0.04829363496932515 0.2201649306122449 0.060283647239263806 0.2181873469387755
0 0.08585388957055215 0.22860696734693878 0.08426367177914111 0.21423218163265306 0.06979182515337423 0.21348259387755103 0.06590270245398773 0.22562460408163265 0.08585388957055215 0.22860696734693878
0 0.10991023926380367 0.33964475918367343 0.16199564110429446 0.3059618897959184 0.13563029447852762 0.2883548755102041 0.10242152453987731 0.30742375714285713 0.10991023926380367 0.33964475918367343
0 0.494266226993865 0.14451705714285712 0.4442968006134969 0.12243916326530613 0.4460267392638037 0.14201842857142855 0.4863482668711656 0.1635965979591837 0.4995093343558282 0.16038035918367347 0.494266226993865 0.14451705714285712
0 0.42426929141104297 0.004463840816326531 0.42665461656441717 0.026026020408163267 0.44894791411042945 0.026531077551020407 0.42426929141104297 0.004463840816326531
0 0.39199535582822087 0.03592459591836735 0.3937785920245399 0.012629367346938775 0.36469517791411044 0.005925708163265306 0.3683912791411043 0.031453714285714286 0.39199535582822087 0.03592459591836735
0 0.2621044938650307 0.15458021428571428 0.20773027607361966 0.14786589591836735 0.29877312883435586 0.17466986530612244 0.2621044938650307 0.15458021428571428
0 0.32665237116564416 0.09165870612244897 0.29943861042944786 0.10973879591836735 0.32538480061349695 0.1117323693877551 0.32665237116564416 0.09165870612244897
0 0.5683913466257668 0.5504931489795919 0.5945737699386503 0.5388561959183673 0.6312525 0.4920318653061225 0.6104629969325154 0.4578226224489796 0.6014704877300613 0.4593058081632653 0.6200143865030674 0.4771573551020408 0.6068533159509203 0.48037359183673467 0.5501902852760736 0.43326208775510205 0.4925823343558282 0.4406726918367347 0.4648529079754601 0.46197434897959183 0.40256072699386497 0.4743395714285714 0.387336981595092 0.49044207755102043 0.38555374233128836 0.513737306122449 0.39796291717791404 0.5273731653061224 0.44620240490797547 0.5298717918367347 0.5216023527607362 0.5571648265306123 0.5683913466257668 0.5504931489795919