0 0.232 0.6339285714285714 0.292 0.6017857142857143 0.272 0.5839285714285715 0.278 0.5678571428571428 0.314 0.5714285714285714 0.354 0.5321428571428571 0.34 0.5910714285714286 0.386 0.6285714285714286 0.396 0.6196428571428572 0.38 0.5875 0.402 0.5392857142857143 0.668 0.39464285714285713 0.654 0.375 0.64 0.3767857142857143 0.634 0.4 0.614 0.3821428571428571 0.566 0.42142857142857143 0.52 0.3982142857142857 0.538 0.37142857142857144 0.566 0.3607142857142857 0.578 0.375 0.606 0.37142857142857144 0.63 0.34285714285714286 0.682 0.3392857142857143 0.71 0.29285714285714287 0.798 0.325 0.8 0.29464285714285715 0.754 0.25357142857142856 0.694 0.24642857142857144 0.606 0.2892857142857143 0.566 0.28214285714285714 0.542 0.30714285714285716 0.49 0.30714285714285716 0.446 0.32857142857142857 0.418 0.3 0.404 0.3125 0.41 0.33214285714285713 0.382 0.32142857142857145 0.358 0.35 0.334 0.3357142857142857 0.258 0.37857142857142856 0.222 0.3464285714285714 0.194 0.3535714285714286 0.148 0.39464285714285713 0.198 0.38571428571428573 0.184 0.4089285714285714 0.22 0.4517857142857143 0.116 0.5446428571428571 0.072 0.6053571428571428 0.13 0.6142857142857143 0.176 0.5482142857142858 0.198 0.5392857142857143 0.216 0.5660714285714286 0.188 0.6089285714285714 0.222 0.6178571428571429 0.248 0.6053571428571428 0.2 0.6553571428571429 0.244 0.6589285714285714 0.256 0.6553571428571429 0.232 0.6339285714285714
0 0.342 0.19285714285714287 0.32 0.20892857142857144 0.34 0.21964285714285714 0.356 0.20892857142857144 0.342 0.19285714285714287
0 0.278 0.25 0.264 0.2732142857142857 0.28 0.2732142857142857 0.312 0.25535714285714284 0.278 0.25
0 0.256 0.2767857142857143 0.226 0.275 0.218 0.25357142857142856 0.178 0.26785714285714285 0.152 0.2982142857142857 0.188 0.30892857142857144 0.176 0.33035714285714285 0.246 0.29642857142857143 0.256 0.2767857142857143
0 0.366 0.8071428571428572 0.434 0.7785714285714286 0.55 0.6857142857142857 0.618 0.6607142857142857 0.63 0.6428571428571429 0.662 0.6428571428571429 0.674 0.6142857142857143 0.702 0.6142857142857143 0.748 0.5732142857142857 0.718 0.5642857142857143 0.65 0.6 0.618 0.5892857142857143 0.576 0.6303571428571428 0.574 0.65 0.55 0.6357142857142857 0.53 0.6607142857142857 0.49 0.6571428571428571 0.434 0.6821428571428572 0.358 0.75 0.228 0.8339285714285715 0.204 0.8910714285714286 0.248 0.8946428571428572 0.33 0.8535714285714285 0.366 0.8071428571428572
0 0.816 0.5375 0.818 0.55 0.836 0.5482142857142858 0.838 0.5321428571428571 0.816 0.5375
0 0.81 0.4857142857142857 0.804 0.5232142857142857 0.816 0.5232142857142857 0.84 0.5053571428571428 0.81 0.4857142857142857
0 0.798 0.5285714285714286 0.752 0.5517857142857143 0.758 0.5678571428571428 0.784 0.5660714285714286 0.808 0.5446428571428571 0.798 0.5285714285714286
0 0.78 0.48035714285714287 0.792 0.48392857142857143 0.79 0.4642857142857143 0.78 0.48035714285714287
0 0.71 0.5214285714285715 0.704 0.5375 0.716 0.5410714285714285 0.724 0.5267857142857143 0.71 0.5214285714285715
0 0.444 0.6303571428571428 0.46 0.6339285714285714 0.45 0.6178571428571429 0.444 0.6303571428571428
0 0.508 0.5303571428571429 0.486 0.5035714285714286 0.44 0.5196428571428572 0.452 0.5267857142857143 0.432 0.5375 0.432 0.5553571428571429 0.448 0.5732142857142857 0.508 0.5625 0.508 0.5303571428571429
0 0.464 0.6232142857142857 0.438 0.6071428571428571 0.418 0.6285714285714286 0.384 0.6339285714285714 0.404 0.6553571428571429 0.4 0.6803571428571429 0.432 0.6803571428571429 0.464 0.6696428571428571 0.464 0.6232142857142857
0 0.256 0.7160714285714286 0.292 0.6946428571428571 0.286 0.6821428571428572 0.228 0.7160714285714286 0.272 0.7482142857142857 0.296 0.7196428571428571 0.256 0.7160714285714286
0 0.862 0.25357142857142856 0.856 0.26607142857142857 0.876 0.2732142857142857 0.884 0.25892857142857145 0.862 0.25357142857142856
0 0.808 0.2767857142857143 0.826 0.30357142857142855 0.84 0.30178571428571427 0.838 0.28214285714285714 0.808 0.2767857142857143
0 0.762 0.35714285714285715 0.764 0.34464285714285714 0.722 0.34285714285714286 0.67 0.37857142857142856 0.642 0.375 0.636 0.3982142857142857 0.668 0.40535714285714286 0.674 0.3892857142857143 0.762 0.35714285714285715
0 0.384 0.1875 0.396 0.19107142857142856 0.398 0.18214285714285713 0.384 0.1875
0 0.438 0.16071428571428573 0.428 0.16964285714285715 0.444 0.18035714285714285 0.452 0.16607142857142856 0.438 0.16071428571428573
0 0.594 0.11071428571428571 0.56 0.11607142857142858 0.556 0.15892857142857142 0.58 0.15892857142857142 0.596 0.14821428571428572 0.594 0.11071428571428571