0 0.970494715542522 0.762862390625 0.9740488856304985 0.583258275390625 0.9699272140762464 0.5498111953125 0.9563805659824046 0.555916015625 0.9318272697947214 0.54774320703125 0.9270543020527859 0.582661822265625 0.9495793225806453 0.601473271484375 0.9484163049853372 0.679582767578125 0.9072739120234604 0.847375091796875 0.8879494662756598 0.879549564453125 0.8564088504398827 0.892494970703125 0.8182065630498534 0.892375744140625 0.7992263753665689 0.8620308046875 0.7552649032258064 0.85964466796875 0.6517484164222873 0.899952419921875 0.6290838269794722 0.939762857421875 0.6570796099706745 0.9383509375 0.7077864868035191 0.980189513671875 0.7761151818181818 0.966309416015625 0.8181879472140763 0.92071230859375 0.9124004164222873 0.8896711328125 0.9570969149560117 0.8500793828125 0.970494715542522 0.762862390625
0 0.0580499560117302 0.508133626953125 0.08688310850439883 0.462795056640625 0.10770549560117301 0.458062306640625 0.11196674193548387 0.432887498046875 0.13330085337243402 0.4184109453125 0.1372550615835777 0.399082416015625 0.17537361876832847 0.37281383984375 0.20175050439882697 0.374245521484375 0.25387158944281524 0.417138015625 0.2867891876832845 0.461919658203125 0.3510427126099707 0.4976534140625 0.36985543695014667 0.475222744140625 0.4109884897360704 0.475501046875 0.46892460410557185 0.4356507578125 0.4896446480938417 0.43286676953125 0.5481576011730205 0.437997048828125 0.5818939560117302 0.46718860546875 0.6454496803519062 0.488227119140625 0.678218431085044 0.451896587890625 0.7447421495601173 0.416421048828125 0.7764037243401759 0.37319031640625 0.7897456832844574 0.37098301953125 0.8200581642228739 0.38142273828125 0.8424808387096774 0.402182951171875 0.8414573929618769 0.4216705546875 0.8984351759530792 0.456032240234375 0.8999331173020527 0.483473962890625 0.9579994662756598 0.5530724140625 0.9597393225806452 0.519943486328125 0.9235188093841642 0.426124681640625 0.8695090175953079 0.33524894140625 0.8166901319648093 0.277661205078125 0.9135263313782991 0.25262538671875 0.943057284457478 0.22198205859375 0.9260216451612903 0.154610673828125 0.8397920527859238 0.033648533203125 0.49284621407624635 0.01528817578125 0.11681105278592376 0.0036235 0.0934146099706745 0.058606263671875 0.0873111642228739 0.11885876171875 0.12131732551319649 0.198877166015625 0.16837702346041056 0.25419798828125 0.06460000879765396 0.38341295703125 0.02986809677419355 0.485106501953125 0.02954244868035191 0.51928934765625 0.04298675366568915 0.5151332890625 0.03894881231671554 0.50807401171875 0.0580499560117302 0.508133626953125
0 0.45369387683284457 0.697679501953125 0.4348811524926687 0.720110171875 0.4416451700879765 0.731226044921875 0.4648866011730205 0.736396173828125 0.4932917624633431 0.727189212890625 0.509787788856305 0.692906904296875 0.4818106187683285 0.6659822578125 0.4806569384164223 0.576021125 0.4248421730205279 0.4635499453125 0.41431002052785926 0.496201646484375 0.46467263636363637 0.600559630859375 0.46545416422287383 0.641642677734375 0.45018627272727274 0.652539859375 0.45369387683284457 0.697679501953125
0 0.41898991788856305 0.60296585546875 0.4153985835777126 0.531438408203125 0.392771219941349 0.514575716796875 0.3959717917888563 0.565561642578125 0.41898991788856305 0.60296585546875
0 0.710726651026393 0.504473271484375 0.6957657947214076 0.509524173828125 0.7065677536656891 0.5276993203125 0.698677944281525 0.538019814453125 0.7269807624633431 0.53076161328125 0.727901862170088 0.51322276953125 0.710726651026393 0.504473271484375
0 0.7477100821114369 0.667711685546875 0.7947046627565981 0.668308140625 0.8115914545454544 0.65456735546875 0.7990682521994136 0.6411845703125 0.759758788856305 0.63416514453125 0.7726076392961877 0.613365083984375 0.7398947302052786 0.564685919921875 0.7409181759530792 0.54519831640625 0.7029205747800586 0.541181568359375 0.7158345425219942 0.575105876953125 0.7052000469208212 0.6097063359375 0.72165884457478 0.63209715625 0.7116384164222874 0.6550050546875 0.7477100821114369 0.667711685546875
0 0.7510688387096773 0.631739154296875 0.801999017595308 0.64134364453125 0.8156293958944281 0.66162662890625 0.8291760439882698 0.655521810546875 0.8297901114369503 0.643829248046875 0.8098888240469209 0.631023154296875 0.8173692551319648 0.628497701171875 0.8228214046920822 0.63661089453125 0.8515336011730205 0.621557654296875 0.8755100557184751 0.58474989453125 0.8879309149560117 0.600081439453125 0.8932156041055719 0.5554190234375 0.9037291436950146 0.551103888671875 0.9103908152492668 0.564168521484375 0.9113119149560117 0.546629677734375 0.9026219648093841 0.544203689453125 0.9186062697947214 0.519665181640625 0.8955044134897361 0.4558731640625 0.8409456686217008 0.431414357421875 0.8100191202346041 0.43266719921875 0.7974773049853372 0.44762098046875 0.7730263548387097 0.4374994140625 0.7694815219941349 0.449032900390625 0.7893828093841642 0.461838994140625 0.7685604193548387 0.466571744140625 0.7663088416422287 0.509444474609375 0.7571071671554253 0.5167622890625 0.7806556304985338 0.51608613671875 0.7882197917888563 0.53994848828125 0.7731565894428152 0.546948150390625 0.7842655806451614 0.559277017578125 0.766680991202346 0.5583225625 0.7639735278592376 0.525929400390625 0.7410205190615836 0.543249556640625 0.7426208035190617 0.568742517578125 0.7726076392961877 0.613365083984375 0.7510688387096773 0.631739154296875
0 0.8467326832844574 0.85288345703125 0.8547248328445748 0.840614205078125 0.8430017741935483 0.83997790234375 0.8366285219941348 0.84940355078125 0.8467326832844574 0.85288345703125
0 0.8325905806451613 0.84234427734375 0.8404803870967742 0.832023783203125 0.8232028328445748 0.825223046875 0.8195556539589443 0.838705294921875 0.8325905806451613 0.84234427734375
0 0.7986867653958944 0.760377109375 0.8359865659824046 0.7496986171875 0.8405548416422288 0.718677525390625 0.7807114105571848 0.738881130859375 0.7986867653958944 0.760377109375
0 0.46138827272727273 0.83099059375 0.43199689149560117 0.803012029296875 0.4187572785923754 0.803270568359375 0.4179385219941349 0.818860654296875 0.4560198504398827 0.849265205078125 0.46138827272727273 0.83099059375
0 0.41765937829912025 0.936104431640625 0.432499275659824 0.96133885546875 0.43797004105571846 0.941115484375 0.41765937829912025 0.936104431640625
0 0.48777443108504404 0.972156341796875 0.4934498856304986 0.948035447265625 0.47334390909090907 0.939126875 0.46342582404692084 0.96008601171875 0.48777443108504404 0.972156341796875
0 0.6083358944281525 0.831149349609375 0.634898853372434 0.85702007421875 0.6824888885630499 0.87426053125 0.6083358944281525 0.831149349609375
0 0.5615087741935484 0.883328501953125 0.5532095865102639 0.901444037109375 0.5846478592375367 0.890447390625 0.5615087741935484 0.883328501953125
0 0.41553815542521993 0.47281651953125 0.4224882463343108 0.508371435546875 0.43128054252199416 0.5088486640625 0.420580926686217 0.48872475390625 0.43382054252199415 0.488466216796875 0.4691571818181818 0.543150734375 0.5247393695014663 0.548121939453125 0.5577965425219941 0.53428169140625 0.6194449472140763 0.5356735234375 0.6391601612903226 0.524040576171875 0.6490782434017595 0.5030814375 0.6425189178885631 0.488068044921875 0.5990691671554252 0.4759381015625 0.5394676510263929 0.43557105859375 0.49409196774193553 0.43213100390625 0.46589149560117304 0.437440443359375 0.41553815542521993 0.47281651953125