0 0.6083333333333333 0.8828125 0.5677083333333334 0.884375 0.5645833333333333 0.9578125 0.6 0.9671875 0.6104166666666667 0.9609375 0.6083333333333333 0.8828125
0 0.5020833333333333 0.8890625 0.50625 0.8296875 0.4822916666666667 0.825 0.48125 0.9609375 0.5229166666666667 0.9640625 0.525 0.8984375 0.5020833333333333 0.8890625
0 0.375 0.9203125 0.3645833333333333 0.8890625 0.3645833333333333 0.8265625 0.3302083333333333 0.821875 0.32916666666666666 0.9546875 0.36666666666666664 0.9609375 0.375 0.9515625 0.375 0.9203125
0 0.4010416666666667 0.825 0.39791666666666664 0.9546875 0.4395833333333333 0.9609375 0.44166666666666665 0.8265625 0.4010416666666667 0.825
0 0.6614583333333334 0.825 0.65 0.9609375 0.69375 0.9671875 0.7 0.8296875 0.6614583333333334 0.825
0 0.5197916666666667 0.540625 0.5229166666666667 0.5109375 0.5177083333333333 0.490625 0.48020833333333335 0.4875 0.4791666666666667 0.7421875 0.5 0.7453125 0.5020833333333333 0.5421875 0.5197916666666667 0.540625
0 0.37083333333333335 0.5390625 0.37083333333333335 0.5046875 0.36770833333333336 0.49375 0.3302083333333333 0.49375 0.32708333333333334 0.7390625 0.3645833333333333 0.7421875 0.36041666666666666 0.5421875 0.37083333333333335 0.5390625
0 0.4239583333333333 0.49375 0.4197916666666667 0.515625 0.4114583333333333 0.50625 0.40208333333333335 0.5234375 0.4 0.7421875 0.44166666666666665 0.7453125 0.44375 0.4953125 0.4239583333333333 0.49375
0 0.7010416666666667 0.490625 0.6708333333333333 0.5078125 0.66875 0.6734375 0.6604166666666667 0.7421875 0.7041666666666667 0.7484375 0.7166666666666667 0.5109375 0.7010416666666667 0.490625
0 0.746875 0.828125 0.7354166666666667 0.9640625 0.7791666666666667 0.9703125 0.7875 0.8296875 0.746875 0.828125
0 0.75625 0.5015625 0.75 0.6015625 0.7458333333333333 0.7453125 0.7895833333333333 0.7484375 0.8010416666666667 0.490625 0.75625 0.5015625