0 0.43479489208633093 0.4765871730769231 0.4411243525179856 0.504647608974359 0.4628856187050359 0.5081363205128205 0.4685874496402878 0.5170050448717949 0.4654138597122302 0.5302842692307692 0.48231013669064754 0.5504932051282052 0.5000609748201439 0.5416722051282051 0.5292154712230216 0.5505886410256411 0.5357541402877698 0.585046314102564 0.5530688417266187 0.6180497115384616 0.5653270575539568 0.6067572243589744 0.5636533705035971 0.5555793333333333 0.5687275683453238 0.5452563525641025 0.5805496510791367 0.5757882756410256 0.5913256762589928 0.5743340128205129 0.6006372302158273 0.5280991025641025 0.618597273381295 0.5256753333333334 0.6342382877697842 0.5075008525641026 0.6359474028776978 0.4494409807692307 0.628344964028777 0.43761601282051277 0.6313093381294964 0.4179395512820513 0.6163136690647482 0.400686858974359 0.6163490971223021 0.2914490961538462 0.6106472661870503 0.2825803782051282 0.5812835611510792 0.2672666923076923 0.5601499280575539 0.2829696858974359 0.5523382769784172 0.26474748717948715 0.5379702446043165 0.2666865 0.510071010791367 0.2961534743589744 0.4851361582733813 0.30594398076923074 0.4627472625899281 0.2832635641025641 0.45662701079136686 0.2616003653846154 0.44163134532374104 0.24434767948717948 0.4164872805755396 0.24774094871794872 0.4217529748201439 0.2984340769230769 0.4483615107913669 0.3398214551282051 0.4215260467625899 0.34665572435897435 0.4240542913669065 0.3688036730769231 0.41749790647482016 0.388964891025641 0.4198169352517986 0.4047156025641026 0.43249357553956835 0.40621758333333335 0.4301568273381295 0.44508574999999995 0.4377592697841726 0.4569107115384615 0.43479489208633093 0.4765871730769231
0 0.6364366762589928 0.24375992307692307 0.632217035971223 0.22505297435897434 0.6159483884892086 0.2240357435897436 0.6148846223021583 0.2466684487179487 0.62058645323741 0.2555371730769231 0.6313624784172661 0.2540829102564102 0.6364366762589928 0.24375992307692307
0 0.6901253165467626 0.1754725064102564 0.6951995143884893 0.16514952564102564 0.6825228776978417 0.16364753846153846 0.6810406870503597 0.17348576923076925 0.6901253165467626 0.1754725064102564
0 0.3462853561151079 0.4178516666666667 0.3519871834532374 0.426720391025641 0.36255400000000004 0.41886889743589745 0.3676281978417266 0.40854591025641024 0.37059257553956837 0.3888694487179487 0.3667913561151079 0.382956967948718 0.35770673021582733 0.38097023076923076 0.34565772302158276 0.3986599615384615 0.3462853561151079 0.4178516666666667
0 0.3114290323741007 0.4000665 0.3124927985611511 0.3774338012820513 0.3034081690647482 0.37544706410256407 0.2983339712230216 0.38577005128205133 0.29854318345323744 0.39216728205128204 0.3042450107913669 0.4010360064102564 0.3114290323741007 0.4000665
0 0.12105254676258993 0.42575844230769233 0.11597834892086333 0.43608142307692305 0.11618756115107914 0.4424786602564102 0.14323223381294964 0.44204162179487183 0.14809722302158274 0.42532140384615386 0.1407039928057554 0.41989367307692305 0.13161936330935253 0.4179069423076923 0.12823656834532374 0.42478892948717945 0.12105254676258993 0.42575844230769233
0 0.166284190647482 0.3746759935897436 0.1675571690647482 0.35844052564102563 0.1548805323741007 0.3569385448717948 0.15360755755395683 0.3731740064102564 0.166284190647482 0.3746759935897436
0 0.3929283345323741 0.5754065128205129 0.3980025323741007 0.565083532051282 0.38891790287769784 0.5630967948717949 0.3874357158273381 0.5729350256410256 0.3929283345323741 0.5754065128205129
0 0.5832693884892086 0.6589523333333334 0.5883435863309352 0.6486293525641026 0.5877159568345324 0.6294376474358975 0.5839147338129497 0.6235251666666667 0.5731387086330936 0.6249794230769231 0.5739755503597123 0.6505683717948718 0.5796773776978417 0.6594370961538462 0.5832693884892086 0.6589523333333334
0 0.5447535539568346 0.19830364102564102 0.5451719748201439 0.21109811538461537 0.5506645935251798 0.2135696025641026 0.5521467805755396 0.2037313717948718 0.5483455611510791 0.197818891025641 0.5447535539568346 0.19830364102564102
0 0.3914107158273381 0.6944825064102564 0.39099229496402876 0.681688032051282 0.3854996762589928 0.6792165512820513 0.3770426834532374 0.6964215256410257 0.3772518920863309 0.7028187564102564 0.38633651798561147 0.7048054871794872 0.3914107158273381 0.6944825064102564
0 0.47022570863309354 0.6774206923076923 0.4695980755395683 0.6582289807692308 0.4624140575539568 0.6591984871794871 0.4592404712230216 0.672477717948718 0.46155949999999996 0.6882284294871795 0.4651515107913669 0.6877436730769231 0.47022570863309354 0.6774206923076923
0 0.4562938057553957 0.6375353012820513 0.4550208273381295 0.6537707692307693 0.46051344604316546 0.6562422564102564 0.4655876438848921 0.6459192692307693 0.46537843525179856 0.6395220320512821 0.4562938057553957 0.6375353012820513
0 0.513085179856115 0.7744441794871795 0.5092839568345323 0.7685316923076924 0.5073833489208633 0.7655754551282051 0.5023091510791367 0.7758984358974359 0.5046281798561151 0.7916491474358974 0.5135036007194245 0.7872386474358974 0.513085179856115 0.7744441794871795
0 0.6113955431654676 0.5812637243589744 0.6141329964028777 0.6098089038461538 0.6177250035971223 0.6093241538461539 0.6227992014388489 0.5990011666666667 0.6221715683453237 0.5798094615384616 0.6113955431654676 0.5812637243589744
0 0.6390855611510792 0.5453995128205128 0.6386671402877698 0.5326050384615385 0.6314831223021583 0.5335745512820512 0.6338021510791367 0.5493252628205127 0.6390855611510792 0.5453995128205128
0 0.4005662014388489 0.4779937179487179 0.4054311870503597 0.46127349999999995 0.39275454676259 0.4597715192307692 0.39148157194244604 0.4760069807692307 0.4005662014388489 0.4779937179487179
0 0.4151611582733813 0.42783305769230767 0.4111507302158273 0.41552333974358974 0.4056581079136691 0.41305185256410254 0.40058391366906476 0.42337483333333337 0.4029029424460432 0.4391255512820513 0.4100869604316547 0.4381560448717949 0.4151611582733813 0.42783305769230767
0 0.4278023705035971 0.5385728012820513 0.4430249604316547 0.5076038461538461 0.4375323417266187 0.5051323589743589 0.43076674820143884 0.5188963397435897 0.41639870863309353 0.5208353525641025 0.41491652158273384 0.5306735833333333 0.4278023705035971 0.5385728012820513
0 0.46963350359712225 0.5489912243589743 0.46583228057553955 0.5430787371794872 0.4639316726618705 0.5401225000000001 0.4554746762589928 0.5573274743589743 0.4575844964028777 0.5666809487179487 0.4664599136690648 0.5622704487179487 0.46963350359712225 0.5489912243589743
0 0.5743408309352518 0.8272194871794872 0.5673660215827339 0.8345862307692307 0.5658838345323741 0.8444244615384616 0.5749684604316546 0.8464111858974359 0.5762414424460431 0.8301757179487179 0.5743408309352518 0.8272194871794872
0 0.6184909928057554 0.8533886217948717 0.625675010791367 0.852419108974359 0.6294762302158273 0.8583315897435898 0.6303307877697841 0.8293016602564103 0.6212461582733814 0.827314923076923 0.61257995323741 0.8381226602564101 0.612789165467626 0.8445198974358974 0.6184909928057554 0.8533886217948717
0 0.43320642086330935 0.8141386923076923 0.4241217913669065 0.8121519551282051 0.4222211834532374 0.8091957179487179 0.41883838489208636 0.8160777051282051 0.4099629676258993 0.8204882051282052 0.41629242805755395 0.8485486410256411 0.4372168525179856 0.8264484102564102 0.4410180719424461 0.832360891025641 0.44968428057553955 0.8215531602564103 0.44757445683453234 0.8121996794871794 0.4403904424460432 0.8131691858974359 0.4370076402877698 0.8200511730769231 0.43320642086330935 0.8141386923076923
0 0.6172036510791367 0.26241916025641027 0.615721464028777 0.272257391025641 0.6214232949640287 0.28112610897435897 0.6250153057553957 0.28064135897435893 0.6262882805755395 0.264405891025641 0.6172036510791367 0.26241916025641027
0 0.3733654532374101 0.3081768717948718 0.3746384352517986 0.29194140384615386 0.36196179496402875 0.2904394294871795 0.36068882014388487 0.306674891025641 0.3733654532374101 0.3081768717948718
0 0.27552665107913665 0.3502951602564103 0.2848204928057554 0.3586791217948718 0.29158608992805757 0.3449151474358974 0.30046150719424464 0.34050464102564104 0.2913768776978417 0.33851791025641026 0.2856750467625899 0.3296491923076923 0.28018242805755394 0.3271777051282051 0.2751082302158273 0.33750068589743587 0.27552665107913665 0.3502951602564103
0 0.2958057338129496 0.36362210256410255 0.29432353956834534 0.37346033333333334 0.2983339712230216 0.38577005128205133 0.2949511762589928 0.39265203846153846 0.315439464028777 0.412376217948718 0.3226234784172662 0.41140671153846153 0.3238964568345324 0.3951712435897436 0.3165032302158273 0.3897435192307692 0.316084809352518 0.37694904487179487 0.32285040287769784 0.3631850705128205 0.2958057338129496 0.36362210256410255