0 0.1322450670886076 0.5932871740890688 0.12226394430379747 0.5723284028340081 0.10838100886075949 0.5668896295546558 0.09871517341772153 0.5669734352226721 0.07925540126582278 0.5869962125506073 0.07022999620253165 0.6176497186234818 0.07532400886075949 0.637062536437247 0.09997631772151899 0.6511437267206478 0.12087463037974684 0.6378588562753037 0.13234358860759493 0.6079783279352227 0.1322450670886076 0.5932871740890688
0 0.16769646202531646 0.32177330971659923 0.1573507594936709 0.33734917611336035 0.14241351392405063 0.39545254655870443 0.13626519113924052 0.43958187044534414 0.13925065316455695 0.4562334008097166 0.14569454430379747 0.45617753238866393 0.1521482936708861 0.44460622267206473 0.17589417974683544 0.34949792307692307 0.1776874443037975 0.3312166396761133 0.16769646202531646 0.32177330971659923
0 0.19556099493670887 0.08765086234817814 0.18255497215189873 0.09610233198380567 0.18686073544303797 0.1278315020242915 0.20274383924050632 0.13285585020242915 0.2168632582278481 0.12161515991902834 0.2133260253164557 0.10060052024291498 0.19556099493670887 0.08765086234817814
0 0.2904259544303798 0.36478526720647775 0.2976285164556962 0.3869593704453441 0.3065652569620253 0.33009926923076927 0.30262407594936713 0.26183546356275306 0.29719505949367087 0.24441095748987854 0.291302935443038 0.24882993522267205 0.2778732455696203 0.23306311943319838 0.29288922658227845 0.34252736032388664 0.2904259544303798 0.36478526720647775
0 0.0839062341772152 0.2156849109311741 0.09592696202531646 0.190167491902834 0.08737452025316456 0.18746207085020242 0.07903884430379747 0.1911080728744939 0.07358024810126583 0.20822989473684209 0.061470858227848105 0.20754072064777326 0.05679065316455696 0.22386162955465586 0.0422278493670886 0.2339149190283401 0.03365569113924051 0.2542403846153846 0.03453260379746836 0.26813062550607286 0.0839062341772152 0.2156849109311741
0 0.31783696455696203 0.6603731538461538 0.31417163291139244 0.6592136882591093 0.30412149620253165 0.7188630101214575 0.30459439113924053 0.8153496558704454 0.34565199493670884 0.8733646336032389 0.37253109367088605 0.8818673785425102 0.3806500075949367 0.8718699574898785 0.39131099746835446 0.8773366639676113 0.3966710696202531 0.8455236923076922 0.38356652531645574 0.839284008097166 0.3806697253164557 0.8488390728744939 0.3802361974683544 0.8361362307692307 0.3667966493670886 0.8318848582995951 0.3437208405063291 0.7931709615384616 0.34129700379746836 0.7693671012145749 0.32897084936708865 0.7623265060728744 0.33176912784810125 0.7380802874493928 0.3207928506329114 0.711571008097166 0.3148219240506329 0.6782679493927125 0.31783696455696203 0.6603731538461538
0 0.45875515443037973 0.7405530506072875 0.45467601518987344 0.7036598603238867 0.44612357341772146 0.7009544412955466 0.42196387974683547 0.7603290141700405 0.4008783113924051 0.8625617085020243 0.3947102696202532 0.9297219170040486 0.3999225240506329 0.940795004048583 0.4121402962025316 0.9446598886639677 0.42781649620253165 0.9318173765182186 0.43572850379746836 0.9039530890688259 0.4713965265822785 0.8984817914979757 0.4939402848101266 0.9098016943319839 0.5155086063291139 0.8925402044534413 0.5207405797468354 0.8805824048582995 0.5338549835443037 0.8753066477732793 0.5396485835443038 0.8561965141700405 0.540111688607595 0.8343530303643725 0.521765311392405 0.851586589068826 0.4577796506329114 0.8418172307692308 0.45516862658227847 0.7771156234817814 0.45875515443037973 0.7405530506072875
0 0.4675640025316456 0.3140114048582996 0.4706677075949367 0.3223232024291498 0.4805601658227848 0.3170753785425101 0.5039709784810127 0.35380096558704455 0.517410529113924 0.3580523380566802 0.5258644455696202 0.3460666052631579 0.5450778772151899 0.3542387307692308 0.560005264556962 0.3076508036437247 0.5651189949367089 0.30403273684210524 0.5695528594936708 0.3159067307692308 0.5767751392405063 0.31504995344129555 0.5565862721518987 0.2782964311740891 0.523391382278481 0.2499943825910931 0.4925020886075949 0.2538359210526316 0.46760343924050635 0.26794963765182184 0.4675640025316456 0.3140114048582996
0 0.6013287873417721 0.5741311356275304 0.6028264835443038 0.5117763927125506 0.5787259430379746 0.5020583117408907 0.5466050126582279 0.5170288076923076 0.5318057265822785 0.5437615607287449 0.5342394215189874 0.556049979757085 0.5742230658227848 0.570792410931174 0.5776716341772152 0.5656004554655871 0.578775170886076 0.5743266740890688 0.588549388607595 0.5774185829959514 0.6013287873417721 0.5741311356275304
0 0.40830770379746834 0.49003507287449394 0.41388453924050633 0.4645735222672065 0.4076869898734177 0.43643448582995953 0.377369182278481 0.42160825303643723 0.3615846012658228 0.43127505465587046 0.34797751392405063 0.49294062348178136 0.37418660506329116 0.505419991902834 0.40830770379746834 0.49003507287449394
0 0.5712966202531645 0.7447393744939271 0.5676115696202532 0.7666107935222672 0.558822646835443 0.7805848380566801 0.5498957645569621 0.825929495951417 0.5499844291139241 0.8521360910931174 0.5694836379746835 0.786051544534413 0.5712966202531645 0.7447393744939271
0 0.35324885443037973 0.5647666295546558 0.35426372784810123 0.5472862550607288 0.34071579746835445 0.5398591720647773 0.33458719240506335 0.5609576113360324 0.3376908974683544 0.5692694089068826 0.35324885443037973 0.5647666295546558
0 0.32036918227848105 0.6873527226720648 0.3292664873417721 0.6765543906882592 0.33663658734177215 0.632811552631579 0.33076418354430376 0.6141996457489879 0.319413464556962 0.6357404473684211 0.32006375569620255 0.6547947085020244 0.31417163291139244 0.6592136882591093 0.32036918227848105 0.6873527226720648
0 0.42291918101265824 0 0.40771144556962025 0.10240395951417004 0.4604843481012659 0.1023435 0.4891369936708861 0.11559584412955465 0.5280368189873418 0.09858117004048583 0.5252681189873418 0.08828106275303643 0.5308350962025317 0.07433495141700405 0.5603942329113923 0.06693121052631579 0.5845932949367089 0.09134044331983807 0.585913593670886 0.10641808502024291 0.6063290848101266 0.1380075850202429 0.6100929392405063 0.1538582004048583 0.6408344151898734 0.19290271862348177 0.6626096405063292 0.1935080910931174 0.6656148227848101 0.18712873481781378 0.6599493227848101 0.1863836923076923 0.6605109506329113 0.17923135829959513 0.6655064417721519 0.18395302429149799 0.6711817999999999 0.17318262550607288 0.7142790088607596 0.18472141093117408 0.7313937481012658 0.1786168076923077 0.7611269379746836 0.1898171963562753 0.7708682050632911 0.12109406882591094 0.7336375455696202 0.13474767004048582 0.710186040506329 0.09935583603238866 0.6665792113924051 0.05265198178137652 0.5952954746835444 0 0.42291918101265824 0
0 0.8082622468354431 0.8888107894736842 0.7963991974683544 0.8599267105263158 0.7997492430379748 0.8400436012145749 0.7903100303797468 0.8349633846153846 0.7523757810126581 0.8920748947368421 0.7334195151898735 0.9576193076923077 0.8116046405063292 0.9532530627530365 0.816558487341772 0.9312265546558705 0.8082622468354431 0.8888107894736842
0 0.9267185265822784 0.5716594433198381 0.9315196088607595 0.6269677672064777 0.9339533050632912 0.6392561862348178 0.9241199316455696 0.705256931174089 0.9235821594936708 0.7278872834008098 0.9284600481012658 0.7644697813765182 0.9282778772151898 0.7798721599190284 0.9098526265822785 0.8892292510121458 0.9018519544303797 0.890886943319838 0.8978319 0.9147466720647773 0.9096062860759494 0.9174241578947369 0.9307805177215189 0.841398056680162 0.9434318860759494 0.7281202085020242 0.9433531493670887 0.5605526012145748 0.9313915784810127 0.5169773684210527 0.9241397189873418 0.5523804736842105 0.9267185265822784 0.5716594433198381