0 0.7687271802325583 0.44500362408759125 0.7637862703488373 0.3909948941605839 0.7441024069767441 0.41195025912408756 0.7032444302325582 0.41395933576642335 0.6574455436046512 0.36195968978102194 0.622134113372093 0.3559087116788321 0.6301829796511629 0.33656377372262775 0.618818933139535 0.3454290474452555 0.6020756831395349 0.3276925620437956 0.6114075726744186 0.26441595255474454 0.5854997761627907 0.2752942627737226 0.6346376889534884 0.1426999489051095 0.5973339825581395 0.20073277737226278 0.5816426860465116 0.25030491605839417 0.5439325494186047 0.2974554744525547 0.49421284593023257 0.29704495620437954 0.48311975290697673 0.31316507299270074 0.45308391279069765 0.29179918978102193 0.4311686889534883 0.3312942737226277 0.39362589244186047 0.34378301459854016 0.36589316569767444 0.3840833138686131 0.3513494156976744 0.38609635036496354 0.34827332558139534 0.42116077737226276 0.3234812093023256 0.4227692299270073 0.3229074360465116 0.4465487773722628 0.30308809593023256 0.4638767189781022 0.2789415058139535 0.5219115255474452 0.23625859593023257 0.5533425912408759 0.25134425290697676 0.5658392445255475 0.23166038953488374 0.586794609489051 0.2244243895348837 0.6279040766423357 0.22939715988372092 0.6436235693430656 0.24962293313953487 0.637177894160584 0.2875402965116279 0.6738606605839416 0.2890305465116279 0.7137623102189781 0.2557512732558139 0.7621226678832116 0.2673544098837209 0.7988014781021897 0.30147840988372093 0.7339164124087592 0.32004659302325583 0.7222309087591241 0.33276540697674417 0.7496398613138686 0.3572865697674419 0.7407765620437956 0.35529429360465115 0.8048603686131387 0.37430077034883724 0.7657678941605839 0.39466202325581395 0.7629496386861314 0.4025116773255814 0.8165557627737227 0.4114052703488372 0.7806861204379562 0.42429143023255816 0.7734332554744526 0.42787756686046513 0.7911677591240875 0.43910613372093027 0.7786750656934306 0.4543272703488372 0.7947991386861314 0.48037054069767443 0.7875482518248175 0.4796612906976744 0.8077003759124087 0.4932248372093023 0.8185846240875913 0.5299547674418604 0.7843313467153284 0.5615127209302326 0.8073096386861314 0.5802163808139535 0.7992515547445255 0.5810611075581396 0.7827268540145986 0.5449368139534884 0.7549113394160584 0.5305604069767441 0.7222625583941606 0.5484193372093024 0.7307291824817518 0.5761520639534884 0.6904288795620438 0.6254653372093023 0.6799571350364964 0.6645621104651163 0.6307915583941606 0.7918697209302326 0.5949397262773722 0.8072263343023256 0.6146912226277372 0.8170682674418605 0.6042135364963503 0.8122628343023255 0.5538322299270073 0.7713331104651163 0.4756354124087592 0.7946031104651163 0.4724145510948905 0.7956151802325582 0.4212280291970803 0.7687271802325583 0.44500362408759125
0 0.8701350145348836 0.5768144781021898 0.8940824040697675 0.5917307335766423 0.9196156279069768 0.531680912408759 0.9071677674418606 0.5115268102189781 0.9152166279069768 0.4921818722627737 0.8987443343023256 0.48170023722627736 0.8762871976744185 0.5066856313868613 0.8642457674418604 0.49741379197080293 0.8348554476744185 0.5324742591240875 0.8550812209302325 0.5260285875912408 0.8594802209302326 0.5655276240875912 0.8424341540697674 0.5788255401459854 0.8402027877906977 0.5973652591240876 0.8482197906976744 0.6163095620437956 0.8612414244186046 0.6126841204379562 0.8701350145348836 0.5768144781021898
0 0.23689609883720933 0.4529845620437956 0.21210398255813953 0.45459301094890514 0.23632232558139538 0.4767641131386861 0.23689609883720933 0.4529845620437956
0 0.28800243895348837 0.4513800656934307 0.3251388023255814 0.42800905474452555 0.3053513255813954 0.4070477591240876 0.2975734156976744 0.43364754014598544 0.25296195930232557 0.4525839306569343 0.3036300058139535 0.4783864087591241 0.30890559593023253 0.463071503649635 0.28800243895348837 0.4513800656934307
0 0.22198579941860463 0.5626104744525547 0.23334984593023256 0.5537451970802919 0.2275642093023256 0.5162611715328467 0.19790293604651163 0.5440667956204379 0.22198579941860463 0.5626104744525547
0 0.7022937180232559 0 0.6600354360465116 0.07902271167883211 0.6663948459302326 0.09272718248175182 0.7020409593023256 0.029454529197080293 0.7113196656976744 0 0.7022937180232559 0
0 0.5646603459302325 0.18702434671532844 0.5608750058139534 0.24224089781021896 0.5696012558139535 0.24103307664233578 0.5764308255813954 0.1890413394160584 0.5902971889534884 0.1688911897810219 0.5822801889534883 0.14994688686131388 0.5646603459302325 0.18702434671532844
0 0.4088628546511628 0.00804908394160584 0.37243574127906975 0.011267967153284672 0.3722683982558139 0.045929781021897806 0.386238375 0.06769629562043795 0.402168761627907 0.06366824452554744 0.4088628546511628 0.00804908394160584
0 0 0.5111910839416058 0.04559598546511628 0.4976937591240876 0.10583500872093024 0.5057637116788322 0.10377098546511627 0.4896416131386861 0.05726285174418604 0.4577940912408759 0.06240296511627907 0.43885176642335766 0.049245848837209304 0.43884978467153285 0.04261548837209302 0.4178904635036496 0 0.4112095912408759 0 0.5111910839416058
0 0.6230666308139535 0.7331586715328468 0.6341597209302325 0.7170385510948905 0.6032791540697674 0.7121973759124087 0.5942500872093024 0.7444395875912408 0.6008804476744186 0.7653989124087591 0.6216481308139535 0.7734629270072992 0.6326057441860465 0.7537153832116787 0.6230666308139535 0.7331586715328468
0 0.9397776744186047 0.6018137189781022 0.9465753779069768 0.5881112226277372 0.9246920145348837 0.5893170656934307 0.9296647877906977 0.6050365547445256 0.9397776744186047 0.6018137189781022
0 0.8423942703488373 0.4603303941605839 0.8517979040697675 0.4772596861313868 0.9144037674418605 0.4704173394160584 0.9446069476744187 0.45712140510948907 0.9681797674418604 0.4228661496350365 0.9593499069767442 0.3821573102189781 0.8295718372093023 0.39100478102189784 0.8165183401162791 0.43291946715328466 0.8340744476744185 0.4724204854014598 0.8423942703488373 0.4603303941605839
0 0.718832113372093 0.32247054014598536 0.6958330697674419 0.3329462408759124 0.7076035465116278 0.33496323357664237 0.718832113372093 0.32247054014598536
0 0.6436110465116279 0.343820594890511 0.6408696395348837 0.3095613868613139 0.6134397296511628 0.3188272919708029 0.6159101831395348 0.34583165693430656 0.6436110465116279 0.343820594890511
0 0.7888332994186047 0.08307252189781021 0.8052019825581396 0.051637496350364964 0.7966430726744186 0.018183500000000002 0.7478398459302326 0.0814541788321168 0.7888332994186047 0.08307252189781021
0 0.948209125 0.7884246751824817 0.947364398255814 0.8049493795620438 0.9560906482558139 0.8037415583941606 0.948209125 0.7884246751824817
0 0.6159342441860466 0.8161848029197081 0.5720320406976744 0.8149690693430657 0.5509615406976743 0.8379394489051094 0.5568826540697674 0.879050894160584 0.6171216744186047 0.8871208467153284 0.6341677441860465 0.8738229343065693 0.6322391976744186 0.8613282591240876 0.6530068779069768 0.8693922737226277 0.6649446947674419 0.8367474525547445 0.6213453110465116 0.8044973248175182 0.6159342441860466 0.8161848029197081
0 0.4330176773255814 0.7722254343065693 0.41634618023255815 0.8346948540145985 0.42351845058139537 0.8701638613138687 0.4330176773255814 0.7722254343065693
0 0.3975787906976744 0.9193314124087592 0.3824612674418605 0.945124 0.3974114476744186 0.9539932299270072 0.41915933430232555 0.9491599671532848 0.43150358430232555 0.927397408759124 0.4178045639534884 0.9128857408759125 0.3975787906976744 0.9193314124087592
0 0.25304975 0.846358598540146 0.2759133168604651 0.8322554708029197 0.2680317965116279 0.8169385912408759 0.22369129360465115 0.8431298284671532 0.25304975 0.846358598540146
0 0.2500293691860465 0.6480601605839417 0.2208063895348837 0.6484588102189781 0.19946493604651164 0.6641743467153284 0.20589609302325582 0.7580847226277372 0.21793752616279072 0.7673565620437957 0.20948222965116278 0.7758192299270072 0.2547392063953488 0.813309189781022 0.265425863372093 0.786306802919708 0.24729597674418605 0.7705853321167883 0.2750287063953488 0.7302850328467153 0.2731320232558139 0.6795011204379563 0.2500293691860465 0.6480601605839417