0 0.5548361996527778 1 0.5549498567708333 0.9971412407407407 0.5452719314236112 0.9759408657407407 0.5173842881944445 0.9496677669753087 0.5112355164930555 0.9279084861111112 0.5137516918402778 0.7543599336419753 0.5005564973958333 0.6011071203703703 0.5000773550347222 0.5470025632716049 0.49509888975694444 0.5178591435185185 0.4785869696180555 0.4700825138888889 0.4677022743055555 0.4130792561728395 0.44191270399305554 0.37813843672839503 0.4122301666666667 0.3529073595679012 0.40063607552083336 0.33579928703703704 0.3820260833333333 0.29669037654320984 0.3620880494791667 0.22482886265432098 0.35740047395833335 0.10016056172839506 0.36037161805555556 0.02542872685185185 0.3606974609375 0.022392591049382717 0.2095848689236111 0.013011314814814814 0.2100308828125 0.03597698919753087 0.20437948350694446 0.08991577777777779 0.19052364496527777 0.1076443549382716 0.16055616059027777 0.11163248611111111 0.15133914670138887 0.1229431574074074 0.13812612586805556 0.168607362654321 0.11779416319444445 0.21691451851851853 0.10325310069444443 0.22982611882716047 0.08764477256944445 0.2254780679012346 0.07427401736111111 0.23100552932098767 0.05922369791666667 0.3008304074074074 0.034374181423611115 0.3525051898148148 0.029996130208333336 0.37441604938271605 0.03515650173611111 0.3989840493827161 0.06967800086805556 0.434815313271605 0.09417599305555556 0.48019055092592594 0.10534563541666667 0.507974598765432 0.11330753298611113 0.5502853672839506 0.11398681249999999 0.6214080169753087 0.09917309375 0.7514380108024691 0.08694923350694445 0.9114880524691359 0.40468325694444446 1 0.5548361996527778 1
0 0.6277145885416666 0.26952651080246914 0.6356824288194445 0.24553160802469134 0.6408487430555555 0.20379393672839505 0.6468698984375 0.0743986388888889 0.6591309800347223 0.0747301774691358 0.6609865104166667 0.07216301543209877 0.5172019895833333 0.032108606481481484 0.5114659123263888 0.031752503086419755 0.509620912326389 0.042332975308641975 0.5008893871527778 0.2619530601851852 0.49352790277777775 0.2706965694444444 0.5138115190972222 0.311813737654321 0.51989965625 0.3350981574074074 0.5267760546875 0.33855576234567897 0.5539602439236111 0.33841837345679016 0.584534084201389 0.31917884722222223 0.6026649348958333 0.3041832021604938 0.6277145885416666 0.26952651080246914
0 0.8525016414930556 0.5696187484567902 0.8385063003472222 0.5688040941358025 0.8336855685763889 0.5797974182098765 0.8351772847222222 0.5863810925925925 0.8253356840277778 0.5913496481481482 0.819284009548611 0.6112522499999999 0.8211153663194444 0.6533972499999999 0.8322061414930555 0.661112925925926 0.8419871067708333 0.657669512345679 0.8505188984375001 0.641541862654321 0.8556063463541667 0.5797358194444444 0.8525016414930556 0.5696187484567902
0 0.6133382126736111 0.8075455046296296 0.61013046875 0.8220722237654321 0.6189018315972222 0.8329968549382717 0.6218275998263889 0.8145365061728396 0.6133382126736111 0.8075455046296296
0 0.5785682282986111 0.8441204706790123 0.5763912890624999 0.8327198194444444 0.5653005138888889 0.8250041419753086 0.5616500894097222 0.8286133271604937 0.5611043689236112 0.8423395817901235 0.5741507439236111 0.8559971435185185 0.5785682282986111 0.8441204706790123
0 0.5957653715277778 0.8967140787037038 0.6044154626736111 0.910688987654321 0.6085904053819444 0.9049128734567902 0.6084509036458333 0.8863696419753087 0.6008498480902777 0.8680608719135803 0.5977845772569444 0.867977987654321 0.5939522465277778 0.8761625910493828 0.5957653715277778 0.8967140787037038
0 0.6413047222222222 0.853886975308642 0.6479780121527778 0.8734793256172839 0.6677400815972222 0.8836105864197531 0.6745770477430555 0.8770340077160493 0.6723606753472222 0.8555991697530865 0.6582046302083334 0.8478006080246913 0.6433421597222222 0.8467443950617285 0.6413047222222222 0.853886975308642
0 0.7461243385416667 0.9077593271604938 0.7571939114583333 0.9270343302469136 0.7671779861111111 0.9074561712962963 0.7690759201388889 0.8817703580246914 0.7650040173611111 0.8629026820987654 0.7559901128472223 0.8580786111111112 0.7473370494791667 0.8772565385802469 0.7461243385416667 0.9077593271604938
0 0.8949379635416668 1 0.8905075251736112 0.991928387345679 0.8831066076388888 0.990637711419753 0.8794561831597222 0.9942468966049383 0.8796894574652777 1 0.8949379635416668 1
0 0.6444611475694445 0.9619374151234569 0.6473262803819444 0.9450022067901235 0.6399465651041667 0.9321522052469136 0.6363567769097221 0.9342362515432099 0.63482265625 0.9507712283950617 0.6392583723958334 0.9604880663580246 0.6444611475694445 0.9619374151234569
0 0.5404874600694445 0.9198659475308641 0.5401054149305556 0.9074232731481481 0.5272803810763889 0.8992244799382716 0.5209072968749999 0.9051592685185186 0.5212893420138889 0.9176019413580246 0.537179646701389 0.9258836219135802 0.5404874600694445 0.9198659475308641