0 0.47023075594405594 0.22449797378277153 0.4658122762237762 0.21881218632958802 0.451350548951049 0.22123417041198504 0.4425068937062937 0.22733096161048688 0.451703748951049 0.2282795702247191 0.47023075594405594 0.22449797378277153
0 0.4509374398601399 0.1750106329588015 0.4320372328671329 0.1750535692883895 0.41858180349650354 0.19106360861423222 0.42064109370629366 0.1941578754681648 0.4246130741258741 0.1918635964419476 0.42843175594405597 0.1985548735955056 0.42239379090909085 0.21522325187265917 0.42829176293706295 0.2217020543071161 0.4328435398601399 0.22170902621722846 0.4609672965034965 0.2018395936329588 0.46040749790209784 0.1962316029962547 0.4543029265734266 0.19119020973782772 0.4509374398601399 0.1750106329588015
0 0.41414323636363637 0.23778291853932584 0.4176887153846154 0.22420183520599252 0.41128424685314685 0.219663186329588 0.409798058041958 0.23633853651685394 0.41414323636363637 0.23778291853932584
0 0.4228335944055944 0.24067168258426966 0.42068100419580423 0.23664275093632958 0.41167074895104894 0.23756347284644197 0.4077720699300699 0.24409915636704121 0.41070436083916084 0.26646029307116104 0.41287695034965033 0.267182484082397 0.4218739020979021 0.2521001376404495 0.4228335944055944 0.24067168258426966
0 0.42974447272727273 0.29236853277153557 0.4302709685314685 0.28712163764044946 0.4241463993006993 0.28538698501872656 0.4147762475524476 0.29673067134831466 0.409737972027972 0.2953571142322097 0.40699888881118884 0.306495297752809 0.4130101601398601 0.31060202621722843 0.4142697510489511 0.2986708258426966 0.41700213846153844 0.3050010084269663 0.4233333076923077 0.3052982509363296 0.42279350769230767 0.29638351966292137 0.42974447272727273 0.29236853277153557
0 0.42234031258741256 0.3058718202247191 0.42018772237762236 0.301842888576779 0.4152427468531469 0.30140399719101124 0.41269026223776223 0.31441151123595507 0.4223136181818182 0.3266469260299626 0.42234031258741256 0.3058718202247191
0 0.4404940328671329 0.34744992041198497 0.44325311538461537 0.3330049953183521 0.43038417972027976 0.33384791947565545 0.43554905734265736 0.34701102808988765 0.4404940328671329 0.34744992041198497
0 0.4369486412587412 0.31193264700374534 0.43155716643356645 0.3035136891385768 0.42809168391608393 0.30386781273408237 0.4284981846153846 0.31846135861423225 0.4335364608391608 0.31983491573033707 0.4369486412587412 0.31193264700374534
0 0.47749465804195806 0.38143693820224717 0.47288052937062935 0.3737420608614232 0.46880429999999995 0.3785481750936329 0.46747140909090906 0.3862379691011236 0.4698039027972028 0.4096045964419476 0.4719764923076923 0.4103267874531835 0.47127009230769235 0.39623598595505616 0.47749465804195806 0.38143693820224717
0 0.5216996286713287 0.33679135767790264 0.5131958699300699 0.3357719232209738 0.5093904909090909 0.3432422715355805 0.5138289692307693 0.3456213192883895 0.5179608538461539 0.36597147659176027 0.5208265398601399 0.36662284363295883 0.5250118139860139 0.3454227883895131 0.5216996286713287 0.33679135767790264
0 0.5211198307692307 0.33449010674157303 0.5223594230769231 0.3258656470037453 0.5195137356643357 0.3219075402621723 0.5161215531468532 0.3265030692883895 0.5211198307692307 0.33449010674157303
0 0.5103768790209791 0.31103871067415734 0.5102702755244756 0.29594242041198504 0.5036792062937063 0.28953444194756556 0.5075111923076923 0.31038734456928835 0.5103768790209791 0.31103871067415734
0 0.5163615433566434 0.2868221872659176 0.5162815461538461 0.3000491479400749 0.5190139342657343 0.30637932958801495 0.5246920055944057 0.30013391666666667 0.526624693006993 0.29143863202247194 0.5242855034965035 0.2855403717228464 0.5163615433566434 0.2868221872659176