0 0.3473510303738318 0.5857559115044247 0.31536707943925235 0.5873561769911504 0.31260783177570095 0.627389168141593 0.33286313317757005 0.6443042256637168 0.35075851401869157 0.618696610619469 0.3680331892523364 0.6826010088495575 0.4039266915887851 0.6748289778761062 0.44421591822429907 0.7156154424778761 0.4490543925233645 0.7502612433628318 0.4619333457943925 0.7656071460176992 0.48297140654205606 0.711253610619469 0.5036694602803738 0.71425596460177 0.5050411401869159 0.7411608362831859 0.5219916985981308 0.7685783938053097 0.5349299696261682 0.7587245265486726 0.5337796658878504 0.7248633053097345 0.5549797873831775 0.6887531902654868 0.5453028341121495 0.619461592920354 0.6010840981308412 0.5234748008849558 0.5833073504672897 0.49868286725663713 0.617240261682243 0.36583249115044253 0.6053061285046729 0.29746141592920355 0.5708436214953271 0.3069385530973451 0.5839005257009345 0.2466851371681416 0.5786192990654205 0.22595203982300888 0.5601784252336449 0.2220291592920354 0.5490545841121496 0.24487519911504424 0.5091487943925234 0.21537580973451328 0.4881266238317757 0.1758866017699115 0.48431981542056074 0.22550157522123893 0.4596528948598131 0.25387076548672566 0.44022378037383175 0.2343300796460177 0.42111878037383177 0.2512762477876106 0.3666223481308411 0.23688197345132742 0.35158895794392525 0.2658997920353982 0.32538830140186914 0.2491206814159292 0.3085404813084112 0.26514632300884955 0.290585785046729 0.3159537123893805 0.2960290700934579 0.35493023893805314 0.31727261448598126 0.38746309292035397 0.3024012827102804 0.4347243318584071 0.308287320093458 0.4597881548672566 0.297325535046729 0.5008776238938053 0.30651631308411215 0.5154389513274337 0.3050260023364486 0.5389336238938053 0.315485714953271 0.536956628318584 0.3473510303738318 0.5857559115044247
0 0.571966394859813 0.17831406637168143 0.5636018014018692 0.16112711504424776 0.5537468971962617 0.16743483185840707 0.55880675 0.19512427876106195 0.571966394859813 0.17831406637168143
0 0.5305109719626168 0.19750912389380532 0.5402038177570093 0.17295797345132743 0.5271034929906542 0.16456842477876107 0.5215415700934579 0.1759914424778761 0.5305109719626168 0.19750912389380532
0 0.6421285560747664 0.33050695575221234 0.6427926822429907 0.309637907079646 0.6257828060747663 0.3074201238938053 0.6248973014018692 0.3352455221238938 0.6421285560747664 0.33050695575221234
0 0.645666308411215 0.5693765619469027 0.6366969065420561 0.5478588849557522 0.6268420023364487 0.5541666061946903 0.6319018528037383 0.5818560530973451 0.645666308411215 0.5693765619469027
0 0.2864071775700935 0.6106100619469026 0.27864739485981305 0.597753831858407 0.2642781285046729 0.6059026017699115 0.26708080140186913 0.6345125752212389 0.2864071775700935 0.6106100619469026
0 0.27094692990654207 0.5596978362831858 0.2783825957943925 0.5360672123893805 0.2710062453271028 0.5344980575221239 0.2592775957943925 0.5530133805309735 0.27094692990654207 0.5596978362831858
0 0.2745482546728972 0.42319647345132744 0.270698023364486 0.4041684690265487 0.25572395093457945 0.4079865132743363 0.2591314322429907 0.44092721238938054 0.2745482546728972 0.42319647345132744
0 0.362285941588785 0.16312370353982303 0.3527117313084112 0.13727530088495576 0.338342464953271 0.14542407079646016 0.34521674532710284 0.1861056946902655 0.362285941588785 0.16312370353982303
0 0.4599060607476636 0.059228924778761065 0.4649659112149533 0.08691838053097346 0.47014439719626167 0.06420827876106194 0.4599060607476636 0.059228924778761065
0 0.47877378971962614 0.1430818539823009 0.48774319158878504 0.16459953097345134 0.49066449766355136 0.1428099557522124 0.47877378971962614 0.1430818539823009
0 0.6827302640186915 0.15145181415929204 0.6910948551401869 0.16863876548672566 0.6923637920560748 0.1521004424778761 0.6827302640186915 0.15145181415929204
0 0.6632259369158878 0.25095364601769915 0.658770894859813 0.22759492035398232 0.6415396401869159 0.2323334867256637 0.6443423154205608 0.2609434646017699 0.6632259369158878 0.25095364601769915
0 0.7900029228971962 0.9110337699115044 0.7829665841121495 0.8521087168141593 0.7507612570093458 0.8606653318584071 0.7569714112149533 0.9222160044247788 0.7900029228971962 0.9110337699115044
0 0.8375223341121496 0.8413032168141592 0.8404436401869159 0.819513646017699 0.8261336939252336 0.8024626415929204 0.8213386425233645 0.8364598097345133 0.8375223341121496 0.8413032168141592
0 0.7985338317757009 0.5962929513274335 0.8020599485981308 0.5788341017699115 0.7912168014018691 0.5695240221238937 0.7856548808411215 0.5809470442477875 0.7985338317757009 0.5962929513274335
0 0.6301424836448598 0.8938353053097345 0.6285494299065421 0.8738867787610619 0.621777890186916 0.8766483539823008 0.6190779602803739 0.8914815752212389 0.6301424836448598 0.8938353053097345
0 0.17913763551401868 0.8076989513274336 0.17738252336448598 0.7695069999999999 0.16323463551401868 0.7706994203539823 0.16581593224299065 0.8062657433628319 0.17913763551401868 0.8076989513274336
0 0.20062270794392523 0.3892615221238938 0.20386813084112151 0.40395879646017696 0.21311822663551402 0.39332034955752215 0.20062270794392523 0.3892615221238938
0 0.24165127336448597 0.2901364203539823 0.2412085210280374 0.3040491150442478 0.24941105607476638 0.3029926460176991 0.24165127336448597 0.2901364203539823