0 0.07964601769911504 0.15178571428571427 0.084070796460177 0.16785714285714284 0.0943952802359882 0.16607142857142856 0.09587020648967552 0.15 0.07964601769911504 0.15178571428571427
0 0.1710914454277286 0.7017857142857142 0.1592920353982301 0.6660714285714285 0.17404129793510326 0.6553571428571429 0.14896755162241887 0.6285714285714286 0.12094395280235988 0.6410714285714286 0.12831858407079647 0.6857142857142857 0.09292035398230089 0.6714285714285714 0.07374631268436578 0.7017857142857142 0.08702064896755163 0.7392857142857143 0.11209439528023599 0.7446428571428572 0.13716814159292035 0.7107142857142857 0.1710914454277286 0.7017857142857142
0 0.8643067846607669 0.11964285714285715 0.8480825958702065 0.1 0.8156342182890856 0.09642857142857143 0.7935103244837758 0.11607142857142858 0.7905604719764012 0.15892857142857142 0.8185840707964602 0.19285714285714287 0.8495575221238938 0.19107142857142856 0.8702064896755162 0.1732142857142857 0.8643067846607669 0.11964285714285715
0 0.7050147492625368 0.2375 0.6740412979351033 0.19285714285714287 0.6415929203539823 0.19285714285714287 0.6268436578171092 0.21785714285714286 0.6076696165191741 0.22321428571428573 0.616519174041298 0.26607142857142857 0.6386430678466076 0.3 0.7020648967551623 0.30178571428571427 0.7138643067846607 0.2875 0.7050147492625368 0.2375
0 0.5796460176991151 0.7464285714285714 0.6091445427728613 0.7392857142857143 0.6224188790560472 0.7196428571428571 0.6224188790560472 0.6875 0.5973451327433629 0.6607142857142857 0.5707964601769911 0.6607142857142857 0.5457227138643068 0.6053571428571428 0.504424778761062 0.5767857142857142 0.523598820058997 0.5428571428571428 0.5648967551622419 0.5571428571428572 0.5855457227138643 0.5285714285714286 0.668141592920354 0.5285714285714286 0.6799410029498525 0.5107142857142857 0.7035398230088495 0.5142857142857142 0.7212389380530974 0.475 0.7315634218289085 0.49107142857142855 0.7079646017699115 0.5125 0.7079646017699115 0.5303571428571429 0.7182890855457227 0.55 0.7359882005899705 0.55 0.7374631268436578 0.5660714285714286 0.7079646017699115 0.5982142857142857 0.7020648967551623 0.6232142857142857 0.7182890855457227 0.6571428571428571 0.7477876106194691 0.6714285714285714 0.7802359882005899 0.6392857142857142 0.8259587020648967 0.6375 0.7920353982300885 0.625 0.7581120943952803 0.5625 0.7876106194690266 0.5339285714285714 0.7964601769911505 0.46964285714285714 0.7581120943952803 0.4303571428571429 0.7640117994100295 0.41964285714285715 0.7492625368731564 0.39107142857142857 0.7064896755162242 0.3392857142857143 0.6592920353982301 0.3392857142857143 0.644542772861357 0.3107142857142857 0.6238938053097345 0.3607142857142857 0.6150442477876106 0.33214285714285713 0.588495575221239 0.3464285714285714 0.5781710914454278 0.3196428571428571 0.5412979351032449 0.2857142857142857 0.4882005899705015 0.2857142857142857 0.4528023598820059 0.26071428571428573 0.45722713864306785 0.2910714285714286 0.4778761061946903 0.3196428571428571 0.4498525073746313 0.3392857142857143 0.4056047197640118 0.34285714285714286 0.3864306784660767 0.36964285714285716 0.39233038348082594 0.5125 0.41297935103244837 0.5160714285714286 0.41002949852507375 0.4767857142857143 0.42625368731563423 0.45 0.4690265486725664 0.4446428571428571 0.43805309734513276 0.48928571428571427 0.4218289085545723 0.49107142857142855 0.4277286135693215 0.5446428571428571 0.41887905604719766 0.5875 0.43215339233038347 0.6107142857142858 0.471976401179941 0.6160714285714286 0.4778761061946903 0.6946428571428571 0.5147492625368731 0.75 0.5427728613569321 0.7517857142857143 0.556047197640118 0.7357142857142858 0.5796460176991151 0.7464285714285714
0 0.32890855457227136 0.6928571428571428 0.31268436578171094 0.7232142857142857 0.3392330383480826 0.7339285714285714 0.3480825958702065 0.7089285714285715 0.32890855457227136 0.6928571428571428
0 0.3554572271386431 0.6392857142857142 0.35103244837758113 0.6589285714285714 0.36578171091445427 0.6660714285714285 0.37168141592920356 0.6482142857142857 0.3554572271386431 0.6392857142857142
0 0.3672566371681416 0.6 0.35693215339233036 0.6232142857142857 0.3746312684365782 0.6303571428571428 0.3834808259587021 0.6125 0.3672566371681416 0.6
0 0.3775811209439528 0.5732142857142857 0.38200589970501475 0.5857142857142857 0.39823008849557523 0.5839285714285715 0.3967551622418879 0.5607142857142857 0.3775811209439528 0.5732142857142857
0 0.32890855457227136 0.6 0.3215339233038348 0.6160714285714286 0.3333333333333333 0.6232142857142857 0.3392330383480826 0.6089285714285714 0.32890855457227136 0.6
0 0.32595870206489674 0.5714285714285714 0.3185840707964602 0.5839285714285715 0.3303834808259587 0.5910714285714286 0.336283185840708 0.5767857142857142 0.32595870206489674 0.5714285714285714
0 0.26991150442477874 0.6464285714285715 0.26843657817109146 0.6625 0.28023598820059 0.6625 0.2831858407079646 0.6517857142857143 0.26991150442477874 0.6464285714285715
0 0.252212389380531 0.6607142857142857 0.20648967551622419 0.6696428571428571 0.2079646017699115 0.7 0.22861356932153393 0.7035714285714286 0.24041297935103245 0.6785714285714286 0.2536873156342183 0.7160714285714286 0.26843657817109146 0.7196428571428571 0.2743362831858407 0.6910714285714286 0.252212389380531 0.6607142857142857
0 0.18141592920353983 0.6785714285714286 0.17994100294985252 0.6946428571428571 0.19174041297935104 0.6946428571428571 0.19469026548672566 0.6803571428571429 0.18141592920353983 0.6785714285714286
0 0.12536873156342182 0.5642857142857143 0.11799410029498525 0.5839285714285715 0.13569321533923304 0.5982142857142857 0.14749262536873156 0.5732142857142857 0.12536873156342182 0.5642857142857143
0 0.08112094395280237 0.6428571428571429 0.07374631268436578 0.6589285714285714 0.08849557522123894 0.6696428571428571 0.0943952802359882 0.6553571428571429 0.08112094395280237 0.6428571428571429
0 0.21976401179941002 0.5964285714285714 0.2153392330383481 0.6125 0.22713864306784662 0.6196428571428572 0.23303834808259588 0.6017857142857143 0.21976401179941002 0.5964285714285714
0 0.3775811209439528 0.5196428571428572 0.37315634218289084 0.5071428571428571 0.3274336283185841 0.5196428571428572 0.35988200589970504 0.5482142857142858 0.35693215339233036 0.5303571428571429 0.3775811209439528 0.5196428571428572
0 0.7640117994100295 0.2982142857142857 0.7595870206489675 0.29285714285714287 0.7536873156342183 0.29285714285714287 0.7507374631268436 0.2892857142857143 0.7389380530973452 0.30357142857142855 0.7286135693215339 0.3053571428571429 0.7330383480825958 0.3107142857142857 0.7389380530973452 0.3107142857142857 0.7448377581120944 0.31785714285714284 0.7581120943952803 0.31607142857142856 0.7640117994100295 0.3125 0.7640117994100295 0.2982142857142857
0 0.35988200589970504 0.3267857142857143 0.36283185840707965 0.3196428571428571 0.3525073746312684 0.3 0.33775811209439527 0.3 0.3303834808259587 0.30892857142857144 0.32448377581120946 0.33035714285714285 0.33480825958702065 0.3464285714285714 0.35103244837758113 0.34464285714285714 0.35988200589970504 0.3375 0.35988200589970504 0.3267857142857143
0 0.3185840707964602 0.44107142857142856 0.308259587020649 0.42857142857142855 0.2994100294985251 0.42857142857142855 0.2949852507374631 0.4375 0.2949852507374631 0.44821428571428573 0.3023598820058997 0.45714285714285713 0.31268436578171094 0.45535714285714285 0.3185840707964602 0.44821428571428573 0.3185840707964602 0.44107142857142856
0 0.2920353982300885 0.5160714285714286 0.28761061946902655 0.5107142857142857 0.28466076696165193 0.5107142857142857 0.27728613569321536 0.5196428571428572 0.28466076696165193 0.5285714285714286 0.2890855457227139 0.5267857142857143 0.2920353982300885 0.5232142857142857 0.2920353982300885 0.5160714285714286
0 0.29646017699115046 0.3535714285714286 0.2890855457227139 0.35892857142857143 0.29056047197640117 0.37142857142857144 0.3008849557522124 0.36964285714285716 0.30383480825958703 0.3625 0.29646017699115046 0.3535714285714286
0 0.2831858407079646 0.35535714285714287 0.27876106194690264 0.35 0.2728613569321534 0.35 0.2713864306784661 0.36607142857142855 0.28023598820059 0.36607142857142855 0.2831858407079646 0.3625 0.2831858407079646 0.35535714285714287
0 0.24778761061946902 0.3267857142857143 0.24336283185840707 0.32142857142857145 0.22713864306784662 0.32321428571428573 0.2345132743362832 0.3392857142857143 0.2448377581120944 0.3375 0.24778761061946902 0.3339285714285714 0.24778761061946902 0.3267857142857143
0 0.17404129793510326 0.3375 0.1696165191740413 0.33214285714285713 0.16666666666666666 0.33214285714285713 0.1592920353982301 0.3410714285714286 0.1592920353982301 0.3482142857142857 0.16666666666666666 0.3535714285714286 0.1710914454277286 0.3517857142857143 0.17699115044247787 0.34464285714285714 0.17404129793510326 0.3375
0 0.14454277286135694 0.31607142857142856 0.140117994100295 0.3107142857142857 0.13126843657817108 0.3107142857142857 0.12684365781710916 0.31607142857142856 0.12684365781710916 0.32321428571428573 0.13126843657817108 0.32857142857142857 0.13864306784660768 0.3267857142857143 0.14454277286135694 0.3196428571428571 0.14454277286135694 0.31607142857142856
0 0.18141592920353983 0.275 0.17551622418879056 0.275 0.1710914454277286 0.28035714285714286 0.17846607669616518 0.2892857142857143 0.17994100294985252 0.2875 0.18584070796460178 0.28035714285714286 0.18141592920353983 0.275
0 0.17551622418879056 0.175 0.18289085545722714 0.16964285714285715 0.18584070796460178 0.15535714285714286 0.17846607669616518 0.14642857142857144 0.16666666666666666 0.14642857142857144 0.16224188790560473 0.15178571428571427 0.16224188790560473 0.15892857142857142 0.15339233038348082 0.16607142857142856 0.14749262536873156 0.18035714285714285 0.14749262536873156 0.1875 0.15634218289085547 0.1875 0.1696165191740413 0.175 0.17551622418879056 0.175
0 0.15781710914454278 0.12142857142857143 0.14749262536873156 0.13035714285714287 0.15486725663716813 0.1392857142857143 0.16224188790560473 0.1375 0.16519174041297935 0.13035714285714287 0.15781710914454278 0.12142857142857143
0 0.1224188790560472 0.16428571428571428 0.11651917404129794 0.16428571428571428 0.10914454277286136 0.1732142857142857 0.10914454277286136 0.1767857142857143 0.11356932153392331 0.18571428571428572 0.12389380530973451 0.18392857142857144 0.12684365781710916 0.16964285714285715 0.1224188790560472 0.16428571428571428
0 0.3008849557522124 0.15535714285714286 0.28761061946902655 0.14285714285714285 0.27876106194690264 0.14285714285714285 0.2713864306784661 0.15178571428571427 0.2743362831858407 0.16964285714285715 0.28466076696165193 0.17857142857142858 0.29793510324483774 0.1767857142857143 0.30383480825958703 0.1625 0.3008849557522124 0.15535714285714286
0 0.35398230088495575 0.24107142857142858 0.3525073746312684 0.22857142857142856 0.3466076696165192 0.22857142857142856 0.3303834808259587 0.24464285714285713 0.33185840707964603 0.25357142857142856 0.34513274336283184 0.2517857142857143 0.3495575221238938 0.25 0.35398230088495575 0.24107142857142858
0 0.3672566371681416 0.25357142857142856 0.3613569321533923 0.25357142857142856 0.35693215339233036 0.25892857142857145 0.35693215339233036 0.2625 0.3613569321533923 0.26785714285714285 0.3687315634218289 0.26607142857142857 0.37168141592920356 0.25892857142857145 0.3672566371681416 0.25357142857142856
0 0.42625368731563423 0.26071428571428573 0.41150442477876104 0.26071428571428573 0.4056047197640118 0.25357142857142856 0.39823008849557523 0.25892857142857145 0.39823008849557523 0.26607142857142857 0.4056047197640118 0.275 0.4144542772861357 0.2785714285714286 0.42035398230088494 0.2857142857142857 0.4277286135693215 0.2839285714285714 0.4336283185840708 0.2732142857142857 0.42625368731563423 0.26071428571428573
0 0.41297935103244837 0.2875 0.4085545722713864 0.28214285714285714 0.4056047197640118 0.28214285714285714 0.40117994100294985 0.2875 0.40412979351032446 0.2910714285714286 0.40412979351032446 0.30178571428571427 0.40707964601769914 0.3053571428571429 0.40707964601769914 0.3196428571428571 0.40412979351032446 0.32321428571428573 0.40412979351032446 0.33035714285714285 0.41002949852507375 0.33035714285714285 0.41297935103244837 0.3267857142857143 0.41297935103244837 0.2875
0 0.39085545722713866 0.2571428571428571 0.38495575221238937 0.2571428571428571 0.3834808259587021 0.26964285714285713 0.39233038348082594 0.26964285714285713 0.3952802359882006 0.2625 0.39085545722713866 0.2571428571428571
0 0.41150442477876104 0.22857142857142856 0.4026548672566372 0.225 0.3952802359882006 0.23035714285714284 0.3952802359882006 0.2375 0.3997050147492625 0.24285714285714285 0.41002949852507375 0.24107142857142858 0.41297935103244837 0.2375 0.41150442477876104 0.22857142857142856
0 0.7536873156342183 0.2571428571428571 0.7448377581120944 0.2571428571428571 0.7404129793510325 0.2625 0.7418879056047197 0.26785714285714285 0.7492625368731564 0.26607142857142857 0.7551622418879056 0.25892857142857145 0.7536873156342183 0.2571428571428571
0 0.8348082595870207 0.4732142857142857 0.827433628318584 0.4714285714285714 0.8230088495575221 0.4767857142857143 0.8230088495575221 0.48392857142857143 0.831858407079646 0.48392857142857143 0.8348082595870207 0.48035714285714287 0.8348082595870207 0.4732142857142857
0 0.584070796460177 0.5910714285714286 0.5796460176991151 0.5857142857142857 0.5766961651917404 0.5857142857142857 0.5693215339233039 0.5946428571428571 0.5707964601769911 0.6035714285714285 0.5781710914454278 0.6017857142857143 0.584070796460177 0.5946428571428571 0.584070796460177 0.5910714285714286
0 0.3023598820058997 0.225 0.2890855457227139 0.22678571428571428 0.2890855457227139 0.23392857142857143 0.2994100294985251 0.24642857142857144 0.30973451327433627 0.24464285714285713 0.30973451327433627 0.23392857142857143 0.3023598820058997 0.225
0 0.252212389380531 0.22857142857142856 0.24926253687315633 0.22857142857142856 0.2448377581120944 0.23392857142857143 0.2448377581120944 0.2375 0.24926253687315633 0.24285714285714285 0.2536873156342183 0.24107142857142858 0.25663716814159293 0.23392857142857143 0.252212389380531 0.22857142857142856
0 0.19321533923303835 0.22142857142857142 0.1887905604719764 0.22678571428571428 0.1902654867256637 0.2357142857142857 0.20058997050147492 0.23392857142857143 0.19911504424778761 0.22142857142857142 0.19321533923303835 0.22142857142857142
0 0.16224188790560473 0.22678571428571428 0.16371681415929204 0.2357142857142857 0.1710914454277286 0.23392857142857143 0.1696165191740413 0.225 0.16224188790560473 0.22678571428571428
0 0.5619469026548672 0.19642857142857142 0.551622418879056 0.1982142857142857 0.551622418879056 0.2017857142857143 0.5589970501474927 0.21071428571428572 0.5693215339233039 0.20892857142857144 0.5693215339233039 0.20535714285714285 0.5619469026548672 0.19642857142857142