0 0.3258884152542373 0.9203508503184713 0.3354065762711864 0.9295577452229299 0.37196719279661017 0.9301897675159235 0.37892338771186446 0.8557567324840764 0.3386748305084746 0.8426969203821656 0.3258884152542373 0.9203508503184713
0 0.4476343029661017 0.818376127388535 0.4436436652542373 0.879020092356688 0.41953313559322036 0.881924974522293 0.41261057203389834 0.948238923566879 0.4545393220338983 0.956898872611465 0.472139654661017 0.8204605923566878 0.4476343029661017 0.818376127388535
0 0.6240441800847458 0.8603632070063694 0.5891637542372881 0.8553313216560509 0.5805946334745763 0.9179260541401275 0.565934997881356 0.9462759968152867 0.561650438559322 0.9775733598726114 0.5686651292372882 0.9893205095541401 0.6068723029661017 0.9936717515923567 0.6240441800847458 0.8603632070063694
0 0.5383968199152542 0.9742187738853503 0.5530652266949152 0.8434504777070064 0.5123882118644068 0.8335204044585988 0.4960396165254237 0.9686885605095541 0.5383968199152542 0.9742187738853503
0 0.28646313559322034 0.909150652866242 0.2936883940677966 0.769764949044586 0.25465793855932206 0.7635540923566879 0.24203091525423728 0.9030309554140127 0.28646313559322034 0.909150652866242
0 0.5204879216101695 0.48303852866242036 0.4827092033898305 0.475557550955414 0.47473670338983054 0.494427127388535 0.47377889194915257 0.5250438503184713 0.4912022902542373 0.5316193343949045 0.4654276588983051 0.7356416942675159 0.4866062627118644 0.7384067993630573 0.5204879216101695 0.48303852866242036
0 0.6690320677966102 0.5317408662420382 0.6316818029661018 0.5211301496815287 0.6270696843220339 0.5312000031847134 0.6223566673728813 0.5656271050955414 0.6323032860169492 0.5717042611464969 0.6007320677966103 0.7708284331210191 0.6385107881355933 0.7783094140127389 0.6690320677966102 0.5317408662420382
0 0.5933737266949153 0.5411361592356688 0.5863926694915254 0.5212699267515923 0.5768072436440678 0.5283012006369426 0.5756564067796611 0.5052140796178344 0.5557295402542374 0.5011788471337579 0.5235280699152542 0.7521472515923567 0.5654568199152542 0.7608072006369426 0.5933737266949153 0.5411361592356688
0 0.3278391186440678 0.4494440063694267 0.3001079131355932 0.4236829331210191 0.28176033898305086 0.43960508917197455 0.26164776694915254 0.681001974522293 0.30607998728813557 0.6871216719745222 0.3072059597457627 0.6159095286624203 0.3278391186440678 0.4494440063694267
0 0.2009590783898305 0.8881115318471339 0.20818433474576273 0.7487258280254777 0.16750732203389831 0.73879575477707 0.15652685805084746 0.8819918343949044 0.2009590783898305 0.8881115318471339
0 0.20050720974576272 0.39538769108280253 0.17657216525423727 0.6568331178343949 0.2205759279661017 0.666082550955414 0.23613487923728813 0.5209357038216561 0.2436204279661017 0.41901568152866236 0.20050720974576272 0.39538769108280253