0 0.7521226823899372 0.87581634375 0.7053238459119496 0.8734549708333332 0.5878169433962265 0.91684549375 0.5571578647798742 0.9593714041666667 0.5874271037735849 0.9577506645833334 0.6271040283018868 0.9946237687499999 0.6746536572327044 0.9942572145833334 0.7107241226415094 0.9870577895833333 0.7631326352201258 0.938283825 0.8691798584905661 0.90480861875 0.8860218050314466 0.89165496875 0.9155008490566038 0.7458314125 0.8704096635220127 0.8597484104166667 0.8445504339622643 0.8941216729166667 0.8086413867924529 0.9080501000000001 0.7676624119496855 0.90808109375 0.7521226823899372 0.87581634375
0 0.1354478176100629 0 0.12252533647798741 0.022403233333333335 0.10638597169811322 0.08664887916666666 0.13014568867924528 0.17179613958333334 0.17184485849056602 0.2305653625 0.03990866037735849 0.3687191125 0 0.44974410625 0 0.5016901458333334 0.013029820754716981 0.5016802895833333 0.051188688679245274 0.4532366729166667 0.07428809119496856 0.44810609166666665 0.08286777672955975 0.42125577708333334 0.10806709119496856 0.40573760625 0.11538683333333334 0.38511984375 0.16047560062893082 0.3569636395833333 0.18855490251572327 0.35838046458333334 0.23766384276729557 0.40388195208333333 0.26586331132075475 0.45147645625 0.3291318647798742 0.48929757291666665 0.3528911823899371 0.4653119 0.3969900786163522 0.46543833125 0.4655082075471698 0.422724 0.4881876289308176 0.4196709395833333 0.5501660974842767 0.4248969541666667 0.5817254182389937 0.4558713125 0.6465838773584905 0.478032325 0.6875327106918239 0.43917367916666666 0.7645706477987422 0.4010866583333333 0.8054294559748428 0.35487798541666665 0.8200990786163522 0.35247011875 0.8509683459119497 0.3634719125 0.8717279056603774 0.38550649791666664 0.8675280880503146 0.40628168125 0.9232068270440251 0.442670475 0.9204470031446542 0.4719131583333333 0.9594862295597485 0.5282495770833333 0.9638317201257862 0.5067537958333334 0.9670257201257862 0.46132193125 0.9548859182389937 0.41068957916666665 0.9113866572327045 0.31405275 0.8638676226415094 0.2528911625 0.971774823899371 0.2258059375 0.9843774937106918 0.21450783541666668 0.9920130691823899 0.10589834999999999 0.9410442421383648 0.016483058333333335 0.6143751289308177 0 0.1354478176100629 0
0 0.4074606761006289 0.7020715166666667 0.383701358490566 0.7260571895833333 0.3891912641509434 0.7378771020833333 0.41331067924528303 0.7432915375 0.44525984276729563 0.7333607229166667 0.46841912893081755 0.6967525166666667 0.4426796729559748 0.6681705291666666 0.45575899685534593 0.5722898291666667 0.41375961320754717 0.45264287291666666 0.39726015094339623 0.4874884125 0.4346996194968553 0.59851044375 0.4289999213836478 0.6422957583333333 0.41088041509433965 0.6539737416666667 0.4074606761006289 0.7020715166666667
0 0.3852908616352201 0.6012641541666667 0.3928203993710692 0.52504116875 0.3712208742138365 0.5071616229166667 0.3665411886792453 0.5614919500000001 0.3852908616352201 0.6012641541666667
0 0.714052251572327 0.49507825625 0.6971926949685535 0.5005236895833334 0.7058925471698113 0.5198510541666667 0.6957828396226414 0.5308838416666667 0.7273120220125786 0.5230305479166667 0.731091858490566 0.5043328791666667 0.714052251572327 0.49507825625
0 0.7277625408805031 0.6689136145833333 0.7781012798742138 0.6693548958333333 0.7984107201257862 0.65463934375 0.7871009528301887 0.6404270625 0.7460319528301886 0.6331080291666668 0.7631314433962264 0.6108850270833333 0.7357719402515723 0.5591354833333334 0.7399717578616352 0.5383603 0.699832748427673 0.5342362583333333 0.7082926698113208 0.57034119375 0.6913732264150944 0.6072642520833333 0.7054729591194969 0.6310615041666666 0.6910734088050314 0.65551945 0.7277625408805031 0.6689136145833333
0 0.7370921666666667 0.6305582354166667 0.7902208742138365 0.6405844875 0.8016206666666666 0.6621467958333334 0.8171302578616352 0.65558389375 0.8196501477987422 0.6431187833333334 0.8003305817610062 0.6295516979166667 0.80876036163522 0.62682898125 0.8133202767295598 0.63545390625 0.8465293899371069 0.6192905354166667 0.8781184528301887 0.5799596145833333 0.8890082421383647 0.5962494145833334 0.901787748427673 0.5486239166666667 0.9137574339622642 0.54398110625 0.9188273553459119 0.5578785395833333 0.9226071949685535 0.5391808729166667 0.9136674056603774 0.5366310791666666 0.934726786163522 0.5104104645833334 0.9200869056603773 0.44251304999999996 0.865428179245283 0.41666927291666667 0.8320390188679245 0.4181325895833333 0.8161994716981131 0.4341230375 0.7915700503144655 0.4234360916666667 0.7859302358490566 0.43574377708333334 0.8052498018867924 0.44931086458333336 0.7821503993710692 0.45444144375 0.7729107955974842 0.50014685 0.7618711006289308 0.5079846499999999 0.787250462264151 0.5071665291666666 0.7915704465408805 0.532569025 0.7742909088050315 0.5400919729166667 0.7842507044025158 0.5531867854166667 0.7655311698113207 0.5522422354166667 0.7677809905660378 0.51772704375 0.7403917421383648 0.5362827833333333 0.7380518993710692 0.5634479458333334 0.7631314433962264 0.6108850270833333 0.7370921666666667 0.6305582354166667
0 0.8045613333333334 0.86587003125 0.8150910220125785 0.852759725 0.8026113333333333 0.8521300249999999 0.7942715786163522 0.8622027666666666 0.8045613333333334 0.86587003125
0 0.7910616320754718 0.8546953145833334 0.8011713396226414 0.8436625270833333 0.7837117515723271 0.8364854208333333 0.7776519528301886 0.850870625 0.7910616320754718 0.8546953145833334
0 0.7677218993710692 0.7674705354166667 0.8094508144654087 0.7559344770833333 0.8192904465408805 0.7228516083333333 0.7518522106918238 0.7446333291666666 0.7677218993710692 0.7674705354166667
0 0.3945015157232704 0.84412989375 0.36741208490566035 0.8144304333333333 0.3531624433962264 0.81476078125 0.34980258805031444 0.8313809270833333 0.38583180188679245 0.8636301833333333 0.3945015157232704 0.84412989375
0 0.3308435157232704 0.9563468854166667 0.3427533176100629 0.9831817020833333 0.35184301257861633 0.9616038958333333 0.3308435157232704 0.9563468854166667
0 0.4003519182389937 0.99448285 0.410281572327044 0.96875000625 0.3901220440251572 0.9593379583333334 0.3761424748427673 0.9817183854166667 0.4003519182389937 0.99448285
0 0.5521775691823899 0.8436910666666667 0.5765670597484276 0.8711555854166666 0.6248959150943396 0.8893344854166667 0.5521775691823899 0.8436910666666667
0 0.49361923899371074 0.8995002104166667 0.4818296006289308 0.9188430729166667 0.5173186729559749 0.9069921645833333 0.49361923899371074 0.8995002104166667
0 0.40229993396226416 0.4625581916666667 0.40410002830188674 0.5004257979166666 0.41345979559748425 0.5008980729166667 0.40517992452830187 0.47949318958333337 0.41942956603773585 0.4791628416666667 0.44864904402515726 0.5373023645833332 0.5075075911949686 0.5423709541666667 0.5451865974842768 0.5274824833333334 0.6111249496855347 0.5287108875000001 0.6341343301886793 0.51623028125 0.6481138962264151 0.4938498520833334 0.6434639528301886 0.47787490208333333 0.5987650283018867 0.46512593541666664 0.5412263113207547 0.4223471604166667 0.49307750314465404 0.4188683166666667 0.4619683018867925 0.42464409374999995 0.40229993396226416 0.4625581916666667