0 0.8979556000000001 0.3200515277777778 0.9119548171428572 0.3326214246031746 0.9305366828571429 0.32341321031746034 0.9193702085714287 0.28749396428571433 0.8970178314285714 0.2997898492063492 0.8979556000000001 0.3200515277777778
0 0.7554156285714285 0.4412837698412698 0.7464679485714285 0.41706659920634925 0.7296359857142857 0.4278460515873016 0.7368337657142857 0.4504919841269841 0.7554156285714285 0.4412837698412698
0 0.7991826171428571 0.3964303174603175 0.7837767457142858 0.3534679047619048 0.7601433542857143 0.37432339285714283 0.7737993200000001 0.4157145714285714 0.7991826171428571 0.3964303174603175
0 0.842606357142857 0.38039814285714285 0.8358774600000001 0.36788304761904767 0.8245659171428572 0.3771460634920635 0.8330447142857142 0.39123239682539684 0.842606357142857 0.38039814285714285
0 0.8616376714285715 0.46545514285714285 0.8521485657142858 0.45369826587301587 0.844336822857143 0.46610375793650793 0.852815622857143 0.4801900873015873 0.8616376714285715 0.46545514285714285
0 0.9259151628571429 0.5134600753968255 0.9149468657142857 0.49390181349206347 0.8968338857142857 0.5132408690476191 0.9135933114285714 0.5250525476190476 0.9259151628571429 0.5134600753968255
0 0.8685984085714284 0.6400088492063492 0.8531925342857143 0.5970464365079365 0.8227577057142856 0.6279779642857143 0.8376946942857143 0.6608095357142857 0.8685984085714284 0.6400088492063492
0 0.7864786457142856 0.6051128214285714 0.7755103485714286 0.5855545595238095 0.7641988028571429 0.5948175793650793 0.7706569942857142 0.6135628214285714 0.7864786457142856 0.6051128214285714
0 0.76257454 0.6321984563492064 0.7488460342857143 0.6133984166666667 0.7369930685714285 0.6351217261904762 0.7462114657142858 0.65310875 0.76257454 0.6321984563492064
0 0.8219844428571428 0.4783996468253969 0.8235361714285715 0.46360989682539683 0.7947256085714285 0.45716054365079367 0.7981528771428571 0.4828941507936508 0.8219844428571428 0.4783996468253969
0 0.7770815142857143 0.4866304365079365 0.7778936457142857 0.46793999999999997 0.7347406171428572 0.4777420238095238 0.72564786 0.49870711904761905 0.7770815142857143 0.4866304365079365
0 0.9633974914285715 0.8643031269841269 0.9749797457142857 0.8488099603174604 0.9642096228571428 0.8456126825396825 0.9633974914285715 0.8643031269841269
0 0.7446402999999999 0.752032873015873 0.7294326028571428 0.7254314484126985 0.7024975771428572 0.7595054444444445 0.7269962057142857 0.7815027658730158 0.7446402999999999 0.752032873015873
0 0.6543849885714286 0.674229238095238 0.6741027971428571 0.7016436865079365 0.6944345628571429 0.6940067063492064 0.7000275142857143 0.6698991428571428 0.6785598057142858 0.6409134563492063 0.6543849885714286 0.674229238095238
0 0.5225426057142858 0.8212498849206349 0.5345937457142858 0.8158875634920635 0.5413226428571429 0.8284026547619047 0.5325005971428571 0.8431376031746032 0.58129968 0.870771257936508 0.6134118742857143 0.8640020992063493 0.6328058714285715 0.8361034404761906 0.6379299399999999 0.8018650396825396 0.62575316 0.7682752500000001 0.5709647771428571 0.7320271944444444 0.54375904 0.7723313373015873 0.5257185971428572 0.769079261904762 0.5313646514285715 0.8065149444444445 0.5225426057142858 0.8212498849206349
0 0.60645114 0.6894483968253968 0.5644340542857142 0.7358730833333333 0.5887345085714285 0.7415094166666667 0.6467183228571429 0.6414524682539682 0.6886823085714285 0.5334845317460317 0.6754952228571428 0.5022241944444444 0.6318733085714285 0.5018953888888888 0.6097191057142858 0.530552257936508 0.6171150628571429 0.5695591785714286 0.6486858342857142 0.5752503134920635 0.6589145342857143 0.5909078809523809 0.60645114 0.6894483968253968
0 0.7109621485714286 0.5437797777777778 0.7034936542857143 0.5273639880952381 0.6901614971428571 0.5412859166666667 0.7006609085714285 0.5507133373015873 0.7109621485714286 0.5437797777777778
0 0.7191171371428572 0.5025530079365079 0.7206688657142857 0.48776325793650793 0.6775158342857143 0.4975652896825397 0.6842447314285715 0.510080380952381 0.7191171371428572 0.5025530079365079
0 0.4843543428571429 0.6121837698412699 0.46227267714285714 0.618249511904762 0.4259016457142857 0.7021098809523809 0.38058292857142856 0.7617530793650793 0.5029893057142857 0.6645188055555555 0.5350289657142857 0.6803407777777778 0.5666722771428572 0.6634407817460317 0.5831078914285714 0.6199393571428571 0.5771911228571429 0.5887338253968254 0.5308815371428571 0.5665720992063492 0.5081859114285714 0.6076892658730159 0.5075719542857142 0.6427406904761904 0.4843543428571429 0.6121837698412699
0 0.5930516514285714 0.4120150753968254 0.6297464942857143 0.3834678015873016 0.65002516 0.31428757936507934 0.6341504028571429 0.26119432936507936 0.5926216400000001 0.23361548015873018 0.5423964657142857 0.2597236904761905 0.5256176057142857 0.3320463888888889 0.5414923628571429 0.38513963888888886 0.5614808771428571 0.40632394047619047 0.5930516514285714 0.4120150753968254
0 0.6186188942857143 0.17927980158730158 0.6026716028571428 0.1487776865079365 0.5797778028571429 0.17353386507936508 0.5967354 0.20170652777777778 0.6186188942857143 0.17927980158730158
0 0.43308520000000006 0.4949438134920635 0.44742766 0.4786924325396825 0.47219700285714283 0.4944596031746032 0.4932683628571428 0.4907233174603175 0.50714194 0.4643410952380952 0.4955065857142857 0.4182910119047619 0.45895681714285713 0.4016560198412698 0.43707332285714284 0.42408274603174606 0.4135124628571429 0.42234710714285717 0.40589889714285715 0.45111357936507934 0.41309667999999994 0.47375951190476195 0.43308520000000006 0.4949438134920635
0 0.5436917114285714 0.48097609126984125 0.5445038457142857 0.4622856507936508 0.51017286 0.45735273412698413 0.5115795171428571 0.48774525 0.5436917114285714 0.48097609126984125
0 0.5018443428571429 0.0841377619047619 0.5128851771428572 0.08110489285714285 0.5074372942857143 0.06003019444444444 0.5018443428571429 0.0841377619047619
0 0.3574430628571429 0.3946586507936508 0.3499745685714286 0.37824286507936505 0.3414232342857143 0.38674766269841265 0.34788142 0.40549290476190475 0.3574430628571429 0.3946586507936508
0 0.3826281857142857 0.35901341666666664 0.3767114228571428 0.32780788095238095 0.39307449714285714 0.3068975912698413 0.38136660571428566 0.2834386349206349 0.3680344485714286 0.29736056349206347 0.3711910028571429 0.3293243174603175 0.36162936 0.3401585714285714 0.3730665428571428 0.36984767063492063 0.3826281857142857 0.35901341666666664
0 0.2609419685714286 0.5442827619047619 0.23851705142857144 0.5791697817460317 0.2634120285714286 0.6338890714285714 0.2737132657142857 0.626955503968254 0.26853609714285714 0.5996506626984127 0.2537972857142857 0.5831800753968254 0.27319128 0.5552814246031745 0.29123172571428574 0.5585335 0.3082087571428571 0.5025717857142857 0.3007402657142857 0.48615600000000003 0.2663367485714286 0.5038142103174603 0.2609419685714286 0.5442827619047619
0 0.34187268 0.48101288095238093 0.35547555142857146 0.4608608095238095 0.33516322 0.38436340873015873 0.3116748971428571 0.3600366349206349 0.27707320571428573 0.3613338650793651 0.2551171742857143 0.40635171825396826 0.2696578142857143 0.40646132142857144 0.28129316857142855 0.45251140476190477 0.3012816857142857 0.4736957063492064 0.34187268 0.48101288095238093
0 0.11784114 0.7621096746031746 0.09906110285714285 0.7549569047619048 0.07293820857142856 0.7703404642857143 0.052257342857142855 0.8220836507936508 0.057043251428571425 0.8473249642857142 0.10187441142857143 0.8157419325396825 0.14699495142857144 0.7397377500000001 0.12222561142857144 0.7239705753968254 0.11784114 0.7621096746031746
0 0.2165415857142857 0.7083220158730159 0.21136441714285714 0.6810171746031747 0.22220707714285712 0.6616233174603174 0.2138008142857143 0.6249458531746032 0.20046865428571428 0.6388677817460318 0.2114369514285714 0.6584260436507936 0.18578294285714284 0.6839404444444445 0.19795972285714286 0.7175302301587302 0.2165415857142857 0.7083220158730159
0 0.28516467714285715 0.8864566071428571 0.2719775914285714 0.8551962698412698 0.2523854228571428 0.8667339404761905 0.25850036 0.9143004603174604 0.28516467714285715 0.8864566071428571
0 0.31276676285714283 0.8788744285714286 0.33874458 0.9086731349206348 0.34554601714285715 0.8985970992063492 0.31870296285714284 0.8259455833333333 0.30758959428571425 0.8515695873015874 0.31276676285714283 0.8788744285714286
0 0.062497102857142856 0.5085099087301588 0.09064060857142857 0.48846744047619045 0.06128862285714286 0.49447838095238095 0.062497102857142856 0.5085099087301588
0 0.028833180000000003 0.5300688134920635 0.056237091428571424 0.5061256547619047 0.024124897142857142 0.5128948095238095 0.028833180000000003 0.5300688134920635
0 0.024791957142857143 0.5393866309523809 0.006788962857142857 0.5401936190476191 0.007186560000000001 0.5718301746031745 0.014418182857142857 0.5689113293650794 0.024791957142857143 0.5393866309523809
0 0.20447621714285716 0.48387234126984124 0.2218496 0.46063259523809524 0.22091183142857143 0.44037091666666667 0.18860145999999997 0.43077909126984126 0.18603942571428572 0.44789829365079364 0.11385822285714285 0.5190243571428571 0.15809409428571428 0.48430175000000003 0.20447621714285716 0.48387234126984124
0 0.6184401571428572 0.07878444444444445 0.6033581 0.09113513095238095 0.5970255485714286 0.11134200793650793 0.6082645571428571 0.12467011904761904 0.6368769485714286 0.1147584880952381 0.6417303057142857 0.08675023015873015 0.6184401571428572 0.07878444444444445