0 0.0265766875 0.7217152194244605 0.01921296130952381 0.7359737446043165 0.03483010416666667 0.7428409532374101 0.036393122023809524 0.7267178633093525 0.0265766875 0.7217152194244605
0 0.21224216666666665 0.22905893884892087 0.18056211011904763 0.20963939928057554 0.16227030357142858 0.16866144964028779 0.13661290773809523 0.1659560431654676 0.11653052976190476 0.1982936510791367 0.12969122916666667 0.23392771582733812 0.16717385714285715 0.23119780575539567 0.1515529851190476 0.2723586223021583 0.1767627380952381 0.29339292086330937 0.20643773214285716 0.2752223992805755 0.19394476488095239 0.2601230287769784 0.21224216666666665 0.22905893884892087
0 0.7894894851190476 1 0.8005250654761905 0.964949237410072 0.7835705952380952 0.9410266582733813 0.7534516934523809 0.9294980395683454 0.7195371488095238 0.9536949208633093 0.7144023125 0.9963790647482015 0.7169064761904762 1 0.7894894851190476 1
0 0.6593105357142857 0.7865536187050359 0.5966181547619047 0.768249226618705 0.5685043184523809 0.7943106726618705 0.5517680684523809 0.8332656870503597 0.5696159613095239 0.8445444964028777 0.5794305327380952 0.8735611582733812 0.6113344107142857 0.8838162517985612 0.6501581041666666 0.8501136870503597 0.6682335505952381 0.8042000287769785 0.6593105357142857 0.7865536187050359
0 0.4569666428571429 0.5737305179856115 0.41591592857142856 0.5549934568345324 0.40498598214285714 0.5237709964028777 0.41525192559523805 0.48643074100719425 0.39427986011904764 0.4833840935251798 0.3616951875 0.6206923920863309 0.3755254851190476 0.6528471330935252 0.41836117857142857 0.6703106762589929 0.44223173214285716 0.698303618705036 0.4165724702380952 0.7196122230215828 0.40653034821428574 0.7477880323741007 0.4460217738095238 0.7346201582733812 0.49822812202380956 0.7514012266187051 0.5408437202380952 0.7300011906474819 0.5560169464285715 0.7071692589928057 0.5794417261904762 0.7294770791366906 0.5934995773809524 0.7044393489208632 0.6044276577380953 0.7596758237410072 0.6242862142857143 0.7365026582733812 0.6706918571428572 0.7514191582733813 0.7224561577380952 0.7144870791366906 0.7423147142857143 0.6913139100719424 0.738522806547619 0.6790113848920863 0.7835929821428571 0.6528585035971223 0.7869447083333334 0.5874338741007193 0.7632979761904762 0.5502764856115108 0.8083700178571428 0.5001095899280575 0.8440676696428572 0.4986532014388489 0.7994470029761904 0.4824631798561151 0.7735695178571428 0.44089419064748203 0.7418875922619047 0.4454886654676259 0.7195744613095238 0.47341467266187043 0.7206879702380953 0.4996344820143884 0.7436651071428572 0.540271190647482 0.7392017351190476 0.555462 0.7217996160714286 0.5498683129496403 0.7079655863095239 0.5657415971223021 0.7046175922619048 0.5831382050359712 0.7238028214285714 0.6114723848920863 0.7106383869047619 0.623866345323741 0.7006018630952381 0.580000118705036 0.676729443452381 0.576021190647482 0.6684760297619048 0.5548954568345325 0.5872661547619048 0.5287915755395683 0.5723204791666666 0.49443103597122307 0.5290371458333334 0.49529638129496406 0.5165460446428571 0.4561829964028777 0.5625077767857143 0.4414003633093525 0.5975395625 0.39539526978417266 0.6236427351190477 0.40378580215827337 0.6533177232142857 0.38561528057553957 0.659344119047619 0.3543013884892086 0.6499753273809523 0.3309698525179856 0.6223109970238095 0.31468839568345325 0.5970993779761905 0.31766810791366906 0.5870609910714285 0.29781589568345324 0.5591728363095237 0.290698881294964 0.5125396428571429 0.3329748489208633 0.49200775595238094 0.40765536330935254 0.45184859821428575 0.40028854316546764 0.4344446130952381 0.4187088705035971 0.43511048511904765 0.46325757553956837 0.41926578869047615 0.5135828345323741 0.4348829285714286 0.5204500431654676 0.4569666428571429 0.5737305179856115
0 0.3554766875 0.2529325179856115 0.3657370357142857 0.2876342985611511 0.38760252678571433 0.2780371798561151 0.38358866071428566 0.25088508633093526 0.3554766875 0.2529325179856115
0 0.3811284880952381 0.32767996402877697 0.38179622321428575 0.3482146582733813 0.3994221607142857 0.34464389928057554 0.39696944940476186 0.32538273021582736 0.3811284880952381 0.32767996402877697
0 0.3802332023809524 0.36433774460431656 0.3860320416666666 0.3902163201438849 0.4043275773809524 0.3831662410071942 0.3989745178571429 0.36297279136690647 0.3802332023809524 0.36433774460431656
0 0.3978554107142857 0.4087950143884892 0.3911612797619048 0.4195742158273381 0.4076699791666667 0.43781167266187054 0.4134725505952381 0.41566222302158273 0.3978554107142857 0.4087950143884892
0 0.34408977083333336 0.36010901079136687 0.34832745833333334 0.3780966618705036 0.3601526875 0.3726613417266187 0.357030380952381 0.35687949280575537 0.34408977083333336 0.36010901079136687
0 0.3351630267857143 0.39049062230215825 0.3400703095238095 0.4049989532374101 0.3512259464285714 0.40304295683453234 0.34810363392857147 0.387261107913669 0.3351630267857143 0.39049062230215825
0 0.30058821130952385 0.29809676258992807 0.2990251964285714 0.3142198489208633 0.3130811785714286 0.3131961366906475 0.31218962499999997 0.3018258884892086 0.30058821130952385 0.29809676258992807
0 0.2961304375 0.24124553237410074 0.27604805952380956 0.2735831438848921 0.2691338422619048 0.24549876618705033 0.2481617738095238 0.242452118705036 0.24102000595238093 0.27156021223021587 0.2843014761904762 0.2947088776978417 0.31174571130952383 0.2721267553956835 0.31130179761904764 0.24242761870503599 0.2961304375 0.24124553237410074
0 0.21960402678571428 0.23881442446043166 0.21804100892857145 0.2549375143884892 0.23142739285714284 0.257393118705036 0.23120543750000003 0.24254355035971226 0.21960402678571428 0.23881442446043166
0 0.13793904761904763 0.3270954856115108 0.14150713392857142 0.34856245683453235 0.16493377380952381 0.34685626618705034 0.15801955952380953 0.3187718884892086 0.13793904761904763 0.3270954856115108
0 0.10849533928571428 0.2400455107913669 0.11273302380952381 0.2580331618705036 0.12812821130952382 0.25005080215827336 0.1250058988095238 0.23426895323741007 0.10849533928571428 0.2400455107913669
0 0.23900747916666665 0.3300261978417266 0.2403448125 0.3470815683453237 0.25440079464285714 0.3460578525179856 0.2519480863095238 0.3267966834532374 0.23900747916666665 0.3300261978417266
0 0.362823625 0.4548001043165467 0.3690719732142857 0.43833578057553957 0.3318113005952381 0.45591525539568345 0.37442316964285716 0.4825432446043165 0.3811172946428571 0.47176403956834534 0.362823625 0.4548001043165467
0 0.7195483422619048 0.8096108489208633 0.7222267410714286 0.7956935611510791 0.7170956339285715 0.7903496762589928 0.7043788482142856 0.7844147482014389 0.6972389404761905 0.7895088309352518 0.6914382380952381 0.7876442661870503 0.6860833095238095 0.7914648273381295 0.6958997440476191 0.7964674748201439 0.704822755952381 0.8141138848920862 0.7083927113095237 0.8115668453237409 0.7141934166666667 0.8134314100719424 0.7195483422619048 0.8096108489208633
0 0.3222037619047619 0.6338602661870504 0.3065866220238095 0.6269930575539568 0.29342219345238096 0.6393870215827339 0.29520530357142855 0.6621275143884892 0.30078218452380956 0.6731565215827339 0.31528394642857144 0.6778179280575539 0.3291179761904762 0.661944643884892 0.3275568244047619 0.6540537194244604 0.3295656220238095 0.6436157517985612 0.3222037619047619 0.6338602661870504
0 0.29544031845238095 0.5088789928057553 0.2865154375 0.5152465935251799 0.28450663988095237 0.5256845575539568 0.2871831696428571 0.5357812841726618 0.2958842291666667 0.5385781294964028 0.3083790595238095 0.5296634856115109 0.30971825892857147 0.5227048453237411 0.30525674999999997 0.5138816402877697 0.29544031845238095 0.5088789928057553
0 0.2825053065476191 0.4400664712230216 0.2880821875 0.4510954820143885 0.29098254166666665 0.4520277589928058 0.29633747023809526 0.4482072014388489 0.2976766666666667 0.4412485575539568 0.29544591369047624 0.43683695323741006 0.29143018452380953 0.43369887410071944 0.2825053065476191 0.4400664712230216
0 0.27914611607142853 0.601547154676259 0.2775849613095238 0.5936562302158273 0.2677685267857143 0.5886535899280576 0.26397475297619044 0.600365071942446 0.2702212351190476 0.6079147589928058 0.27914611607142853 0.601547154676259
0 0.25214952083333336 0.6058003884892087 0.2575044494047619 0.6019798273381295 0.2588436458333333 0.5950211870503597 0.25661289285714284 0.5906095827338129 0.24791183630952382 0.5878127410071943 0.24634881547619047 0.6039358273381294 0.25214952083333336 0.6058003884892087
0 0.21198849404761905 0.6224475863309352 0.2173434226190476 0.6186270251798561 0.21868262202380953 0.6116683848920863 0.21645186904761907 0.6072567805755396 0.20663543452380953 0.6022541330935252 0.19637135416666665 0.6155803776978418 0.21198849404761905 0.6224475863309352
0 0.14260572023809526 0.5668943776978417 0.1343504375 0.569782654676259 0.1330112410714286 0.5767412985611511 0.138588125 0.5877703057553957 0.1414884761904762 0.5887025863309353 0.14684340476190477 0.5848820251798561 0.15108295535714283 0.5788556618705036 0.14662144642857142 0.5700324568345323 0.14260572023809526 0.5668943776978417
0 0.10311429464285714 0.5800622482014388 0.09775936607142857 0.583882809352518 0.09642016964285714 0.5908414496402877 0.09976629761904762 0.5974588561151079 0.10846735416666667 0.6002557014388489 0.11382228273809523 0.596435143884892 0.11449188392857143 0.5929558201438848 0.11003037499999999 0.5841326115107914 0.10311429464285714 0.5800622482014388
0 0.13657559523809523 0.6462362949640288 0.1423763005952381 0.6481008561151078 0.14773122916666667 0.6442802949640288 0.14326972321428572 0.6354570935251799 0.14215434523809525 0.6332512877697841 0.13322946726190477 0.6396188920863309 0.13657559523809523 0.6462362949640288
0 0.12407330357142858 0.7512069856115108 0.11782681845238094 0.7436573021582734 0.11202611309523809 0.7417927374100719 0.101318125 0.725419845323741 0.09261706547619047 0.722623 0.09127786607142857 0.7295816438848921 0.0944001755952381 0.7453634928057554 0.10176203571428573 0.7551189820143885 0.1004228363095238 0.7620776223021583 0.10376896726190477 0.7686950287769784 0.11537037797619047 0.772424154676259 0.12429525595238095 0.7660565539568345 0.12407330357142858 0.7512069856115108
0 0.09930559226190476 0.7838858381294964 0.09774444047619048 0.7759949100719424 0.09082835714285714 0.7719245467625899 0.08190347916666667 0.7782921474820144 0.09038071428571429 0.7902534352517985 0.09930559226190476 0.7838858381294964
0 0.05290368452380952 0.720941309352518 0.052234083333333334 0.7244206294964028 0.05781096726190477 0.7354496366906474 0.06361167261904763 0.7373141978417266 0.06896660119047619 0.7334936402877699 0.06874464285714285 0.7186440719424461 0.05892821130952381 0.7136414244604317 0.05290368452380952 0.720941309352518
0 0.22580946428571427 0.774672392086331 0.21398423214285714 0.7801077122302158 0.20773588392857142 0.796572035971223 0.21331276785714287 0.8076010431654677 0.2220138273809524 0.8103978884892087 0.2374090119047619 0.8024155287769784 0.2416485625 0.7963891690647482 0.23852625297619046 0.7806073165467626 0.22580946428571427 0.774672392086331
0 0.2831525148809524 0.7247553021582734 0.2960912589285714 0.745539798561151 0.30189196726190476 0.7474043597122302 0.3056857380952381 0.7356928741007194 0.30300920833333334 0.7255961510791367 0.2989934791666667 0.7224580647482015 0.2862766904761905 0.7165231402877698 0.2831525148809524 0.7247553021582734
0 0.3126036845238095 0.715749226618705 0.3119340863095238 0.7192285503597122 0.31528021726190475 0.7258459532374101 0.32108092261904764 0.7277105143884892 0.32643584821428573 0.7238899532374101 0.3248746964285714 0.7159990323741007 0.3179586130952381 0.7119286690647482 0.3126036845238095 0.715749226618705
0 0.39002165178571435 0.729550582733813 0.38622974702380947 0.7172480503597123 0.3793136607142857 0.7131776870503597 0.3721737589285714 0.7182717661870504 0.3628031011904762 0.7189542482014388 0.3538782232142857 0.725321845323741 0.35253902380952384 0.7322804892086331 0.35878550595238096 0.7398301726618705 0.3659254107142857 0.7347360935251799 0.3804271755952381 0.7393975035971223 0.39002165178571435 0.729550582733813
0 0.36704265178571427 0.712927881294964 0.3723975803571428 0.7091073237410072 0.37976317261904763 0.6708347877697842 0.37753241666666665 0.6664231798561151 0.3717317142857143 0.664558618705036 0.3703925119047619 0.671517262589928 0.3726232678571429 0.6759288669064748 0.36994487202380955 0.6898461510791367 0.3663749196428571 0.6923931942446043 0.3643661220238095 0.7028311582733813 0.36079616964285716 0.7053781978417266 0.3641423005952381 0.7119956007194245 0.36704265178571427 0.712927881294964
0 0.3503082708333333 0.7278688848920863 0.34874711607142855 0.7199779604316547 0.3400460595238095 0.7171811151079137 0.3391526369047619 0.7298248848920864 0.34495334226190477 0.7316894460431654 0.3503082708333333 0.7278688848920863
0 0.3456210773809524 0.7522241402877698 0.3442818779761905 0.7591827805755396 0.35052836011904764 0.7667324640287769 0.35989901785714284 0.7660499892086331 0.36302319345238093 0.7578178273381295 0.36079244047619047 0.7534062230215828 0.35097600297619047 0.7484035791366906 0.3456210773809524 0.7522241402877698
0 0.6929956607142858 0.8435632158273381 0.7016967172619047 0.8463600611510791 0.7034816934523809 0.8450865395683453 0.6990201875 0.8362633345323741 0.6921041041666667 0.8321929712230216 0.6896495297619047 0.8369458129496403 0.6929956607142858 0.8435632158273381
0 0.8143814821428572 0.6609077985611511 0.8219671636904762 0.6614988417266188 0.8233063630952382 0.654540201438849 0.8210756130952381 0.6501285935251798 0.8123745535714286 0.6473317517985612 0.8110353541666667 0.654290392086331 0.8143814821428572 0.6609077985611511
0 0.5837018005952381 0.45929657913669064 0.5892786815476191 0.4703255863309353 0.5921790357142858 0.47125786690647486 0.5975339642857143 0.4674373057553957 0.5982035625 0.4639579856115108 0.593742056547619 0.4551347805755396 0.5868259761904762 0.45106441726618707 0.5837018005952381 0.45929657913669064
0 0.23919958333333333 0.7290999712230216 0.2519163720238095 0.7350348992805755 0.26084125 0.7286672985611511 0.2628500476190476 0.7182293309352518 0.2530336130952381 0.7132266870503597 0.24053878273809526 0.7221413273381295 0.23919958333333333 0.7290999712230216
0 0.19770308928571426 0.7046777841726618 0.19703349404761905 0.708157107913669 0.200379625 0.7147745107913669 0.2032799732142857 0.7157067949640288 0.20863490178571428 0.7118862338129496 0.20707375 0.7039953093525181 0.20305801785714284 0.7008572230215828 0.19770308928571426 0.7046777841726618
0 0.14973442857142857 0.7058843705035971 0.15352820238095238 0.6941728884892087 0.14371176785714285 0.6891702410071943 0.14058759523809522 0.6974024028776978 0.1439337232142857 0.7040198093525181 0.14973442857142857 0.7058843705035971
0 0.11760859226190476 0.6807797086330934 0.11448441964285715 0.6890118705035971 0.12140050297619047 0.6930822338129496 0.1245246755952381 0.6848500719424461 0.11760859226190476 0.6807797086330934
0 0.4919741755952381 0.8399075899280576 0.5017906101190476 0.8449102374100719 0.510715488095238 0.8385426366906475 0.5113850892857142 0.8350633129496403 0.5015686547619048 0.8300606654676259 0.49264377380952384 0.8364282697841727 0.4919741755952381 0.8399075899280576