0 0.4020927911111111 0.10928642333333334 0.4017749733333333 0.030878270000000003 0.36360092222222223 0.027190283333333336 0.35282033777777777 0.03565495 0.35891622 0.11811338333333334 0.4020927911111111 0.10928642333333334
0 0.4458279622222222 0.016897883333333336 0.44686708444444445 0.08683956333333333 0.4717321755555556 0.09273383666666667 0.47024292444444443 0.15641713666666668 0.4959844288888889 0.15715799 0.4903462733333333 0.012856633333333334 0.4458279622222222 0.016897883333333336
0 0.6069163066666667 0 0.6039377733333333 0.00404232 0.6054888622222222 0.037172779999999996 0.6181307533333333 0.06846466666666667 0.6212329288888889 0.13472558333333334 0.6580652355555555 0.13362786 0.6528684377777778 0 0.6069163066666667 0
0 0.58249268 0.14281711333333333 0.5793829022222222 0.004774136666666667 0.5347094800000001 0.00550234 0.539161 0.14833103 0.58249268 0.14281711333333333
0 0.3052226488888889 0.18878145666666665 0.3106752933333333 0.04264153 0.2637837111111111 0.043737443333333334 0.26395402 0.19061461 0.3052226488888889 0.18878145666666665
0 0.47487235333333333 0.5179050466666666 0.5149543488888889 0.5145992300000001 0.5034220555555555 0.24440213 0.48108534444444445 0.2447662333333333 0.48894926 0.4604819333333333 0.47017245333333335 0.46526403 0.4683187466666667 0.49728953666666664 0.47487235333333333 0.5179050466666666
0 0.6344247822222222 0.48811654000000004 0.674351668888889 0.4814976766666666 0.6655028622222222 0.220872 0.6254208666666666 0.22417782333333336 0.6397841577777778 0.4354773266666667 0.6288484644444444 0.44062894666666663 0.6305546622222222 0.4770724533333333 0.6344247822222222 0.48811654000000004
0 0.5872229844444444 0.4825863666666667 0.5963516066666666 0.4627099 0.5877121444444444 0.23042897333333334 0.5431938311111111 0.23447021999999998 0.55338438 0.4998816066666667 0.5745344555555556 0.49804484000000004 0.5778850155555555 0.4741180866666666 0.5872229844444444 0.4825863666666667
0 0.2635505311111111 0.27748923 0.2620298422222222 0.5314870066666667 0.27967425555555553 0.5502639466666667 0.31098448 0.52671033 0.3049818688888889 0.3507511833333333 0.3104421133333333 0.27639331666666667 0.2635505311111111 0.27748923
0 0.21412297111111112 0.20054471666666668 0.21957561555555555 0.05440478666666666 0.1726840311111111 0.05550070666666666 0.17079129111111113 0.20605863 0.21412297111111112 0.20054471666666668
0 0.22204112444444443 0.4412921133333333 0.21934243555555558 0.28815657333333333 0.17260596222222224 0.2925655366666667 0.17320256222222222 0.5679142533333333 0.22035012666666667 0.5484127266666667 0.22204112444444443 0.4412921133333333