0 1 0.8958308253731343 0.9650076946308724 0.856008619402985 0.9411401560402685 0.8424231656716419 0.919361130033557 0.8150021805970149 0.8931442374161074 0.8032204417910448 0.8803311233221477 0.7822116104477612 0.8596414437919463 0.7667181835820895 0.854358725671141 0.7409915492537313 0.8597727659395973 0.7176890611940299 0.8571002390939597 0.7021905268656716 0.8459211434563758 0.6990730343283582 0.8373407416107383 0.7152335656716418 0.8316773598993289 0.7174543104477612 0.8209920998322148 0.7059802343283582 0.8110106761744966 0.6838610298507463 0.7852137860738255 0.6675022014925373 0.7478522911073826 0.625453191044776 0.7215107290268457 0.6031305835820895 0.7028012365771812 0.6047308940298507 0.6961616837248322 0.614614876119403 0.6947655075503356 0.6268552059701493 0.7093603070469799 0.6581963940298508 0.7129236753355704 0.6788611074626866 0.7455356275167785 0.7101971880597014 0.7622697768456376 0.7420232059701493 0.7746120520134229 0.7532887686567165 0.7961072424496645 0.7867777910447761 0.8340594018456375 0.7985908746268656 0.8725447357382551 0.8254176656716419 0.8889442139261745 0.8489913567164179 0.9824620260067113 0.9186596507462688 1 0.9344842552238807 1 0.8958308253731343
0 0.6727310587248323 0.257132228358209 0.6852095016778523 0.26988873432835825 0.6863956761744966 0.25993695074626866 0.6784174354026846 0.2368116313432836 0.6707575234899329 0.1804684985074627 0.6632501224832215 0.16708645074626866 0.6561397290268457 0.16722716119402986 0.6246958011744966 0.19455921641791044 0.62461047147651 0.20738863283582093 0.6308808598993288 0.21640210447761193 0.6587547667785235 0.22797532835820897 0.6727310587248323 0.257132228358209
0 0.9022456501677852 0.15963311492537313 0.9167387743288591 0.16233358059701491 0.9235883288590605 0.15016105223880596 0.9214096384228188 0.1263059343283582 0.9149522432885907 0.1014811567164179 0.9131308708053691 0.08513933134328358 0.8931968422818792 0.08328070447761193 0.8904825419463086 0.12718155522388058 0.9022456501677852 0.15963311492537313
0 0.9317584219798657 0.2396177432835821 0.9264527080536912 0.23199095970149253 0.8826271669463086 0.2246871656716418 0.8735759244966443 0.23110442835820896 0.8646493531879196 0.24806256268656718 0.8610399932885906 0.26359755223880593 0.8638601862416108 0.2715371074626866 0.9250335369127516 0.2623311417910448 0.9325754312080538 0.2485634134328358 0.9317584219798657 0.2396177432835821
0 0.9087635755033557 0.2998183865671642 0.9029131887583893 0.286227823880597 0.8851683716442954 0.28921482238805973 0.8715545931208053 0.30073046268656717 0.8724339370805368 0.31494656716417907 0.9012216803691275 0.31358611641791045 0.9087635755033557 0.2998183865671642
0 0.952992774328859 0.26107494925373137 0.9536621166107383 0.2775796 0.965584389261745 0.29342225223880597 0.9879760117449665 0.2954353820895523 0.9855327063758389 0.2686829149253731 0.9801120067114094 0.2689729402985075 0.9650857080536913 0.25125877014925374 0.9561821317114094 0.25011704925373135 0.952992774328859 0.26107494925373137
0 1 0.4696185552238806 0.995709014261745 0.4351611626865671 0.9779871937919463 0.4200483089552239 0.9567643389261745 0.389541176119403 0.9478607634228189 0.3883994582089553 0.9401088674496645 0.4044557328358209 0.9487794471476511 0.4259858507462687 0.9903458120805368 0.4727840104477612 1 0.47301377761194036 1 0.4696185552238806
0 0.5583432130872483 0.0965892104477612 0.5486619672818791 0.10987211044776118 0.5487751401006711 0.12946290746268657 0.5537231870805369 0.14693721791044775 0.565793125 0.1552208895522388 0.573198850671141 0.13996221343283582 0.5725525025167785 0.10535771194029851 0.566974452181208 0.09474903880597015 0.5583432130872483 0.0965892104477612
0 0.6073661417785235 0.14244905820895523 0.6143633624161075 0.12271754776119403 0.618574884228188 0.06789670447761194 0.6158908590604026 0.061448097014925374 0.6105736484899329 0.06287124029850746 0.5974930436241611 0.08940058358208955 0.5918296635906041 0.09162132835820896 0.5869094580536913 0.1065672313432836 0.5870226317114094 0.12615802985074626 0.5941100285234899 0.14411716865671642 0.6073661417785235 0.14244905820895523
0 0.725420836409396 0.2422074537313433 0.7296372046979865 0.2379066776119403 0.728508519295302 0.20260883134328359 0.759299447147651 0.2002422656716418 0.7732200562080537 0.16455873731343285 0.7686066803691275 0.15533675223880597 0.7545105645973154 0.16615904776119403 0.7427982927852349 0.14802785074626865 0.7297521820469799 0.14740741641791044 0.723237298657718 0.16783227014925373 0.7190372751677853 0.21360318656716418 0.720671293624161 0.23149452238805968 0.725420836409396 0.2422074537313433
0 0.7358779463087248 0.3245899925373134 0.7312645713087248 0.31536800746268656 0.6939424161073825 0.2966892865671642 0.7186548062080537 0.3516406223880597 0.7313547483221476 0.3530586567164179 0.7362634546979866 0.34716268059701494 0.7358779463087248 0.3245899925373134
0 0.4259751577181208 1 0.4330995427852349 0.9825116179104477 0.43077318540268456 0.9662154820895522 0.42463896476510066 0.958692956716418 0.41573538842281876 0.9575512388059703 0.4043741342281879 0.9891425044776119 0.40450254949664427 1 0.4259751577181208 1
0 0.2358706879194631 0.9334344358208955 0.23574601761744968 0.9228935641791045 0.223932072147651 0.876121643283582 0.2212087080536913 0.8463027462686566 0.23743933053691277 0.7854452134328358 0.23497680453020134 0.7676581313432836 0.22462621560402687 0.7644363820895522 0.22006367869127516 0.7695347582089552 0.2024138859060403 0.8607324731343283 0.21102697567114093 0.9275122208955223 0.23248282718120805 0.9376309537313434 0.2358706879194631 0.9334344358208955
0 0.2501949555369128 0.851703676119403 0.24590475503355705 0.8597839432835821 0.24985363255033557 0.9030213432835822 0.2526738255033557 0.9109608985074626 0.2594380494966443 0.9116177865671642 0.27451033976510064 0.8931322522388059 0.2755603456375839 0.8816895238805971 0.2617202214765101 0.8540235686567164 0.2501949555369128 0.851703676119403
0 0.4311792181208054 0.4292879507462687 0.42307630704697985 0.39562175970149255 0.4103993615771812 0.3761038746268657 0.4040781350671141 0.35277004179104476 0.3938637147651007 0.3510392358208955 0.3898573473154362 0.35305146567164175 0.3911500427852349 0.42226047164179104 0.4234485134228188 0.5373344328358209 0.43497862499999995 0.5901743895522388 0.4349441317114094 0.6173241686567165 0.4292462567114094 0.6466946910447761 0.43619748741610737 0.6631628865671642 0.44388704697986575 0.641836176119403 0.44959641946308726 0.6034157268656717 0.4627393590604027 0.5821568164179105 0.4623423523489933 0.568634056716418 0.44704371644295304 0.5479379970149253 0.4454096979865772 0.5300466582089552 0.45083523573825507 0.49769424477611945 0.4448208389261745 0.450192523880597 0.4311792181208054 0.4292879507462687
0 0.4952920167785235 0.7688325880597016 0.5350603531879194 0.7638282492537314 0.5466431073825503 0.7208985119402985 0.5443512432885905 0.6774525970149253 0.5233268917785235 0.6537068447761194 0.511046952181208 0.6477117194029851 0.5007586988255033 0.6497604029850746 0.47720283557046983 0.6625271268656716 0.47214646308724834 0.6759820850746269 0.4744498238255033 0.7103780746268656 0.4854352634228188 0.7572542537313433 0.4952920167785235 0.7688325880597016
0 0.5800744429530201 0.27029995970149256 0.5721863791946309 0.28486529104477615 0.5713348766778523 0.3030694 0.5828371459731544 0.3234891432835821 0.5920868917785235 0.32383326268656715 0.598664110738255 0.3086788447761194 0.596757755033557 0.2878056149253731 0.5882856786912752 0.2730368791044776 0.5800744429530201 0.27029995970149256