0 0.11696410116731518 0.23090211594202897 0.12026410700389105 0.18536719927536233 0.11365254085603113 0.19116860869565216 0.09940754085603112 0.2862816775362319 0.1000299046692607 0.3043902608695652 0.11193303696498054 0.31100140942028986 0.12548039299610894 0.2522108913043478 0.11696410116731518 0.23090211594202897
0 0.005464852140077821 0.24239410869565217 0.0038098754863813227 0.24384628985507245 0.003953359922178988 0.2530297971014493 0.01695692607003891 0.2653556702898551 0.005464852140077821 0.24239410869565217
0 0.06429442217898833 0.3970408115942029 0.06590100972762647 0.35885471014492754 0.05189340272373541 0.37594279710144923 0.04875550778210117 0.3978838586956522 0.06429442217898833 0.3970408115942029
0 0.0767938326848249 0.5342445289855072 0.0765825252918288 0.49978552898550727 0.06840201167315176 0.5165574673913044 0.06902437159533074 0.5346660507246377 0.0767938326848249 0.5342445289855072
0 0.1009966206225681 0.7288688115942029 0.07665482684824904 0.7283752173913044 0.08025297081712063 0.7481365869565217 0.1009966206225681 0.7288688115942029
0 0.1570270525291829 0.6605164710144927 0.23046348638132294 0.6456468369565218 0.17285255252918286 0.6397012898550725 0.14719075680933852 0.6574216594202899 0.1570270525291829 0.6605164710144927
0 0.10827116731517511 0.43093959057971015 0.12013665758754864 0.4647663079710145 0.184197046692607 0.4885042971014493 0.25907795525291827 0.45904240942028984 0.1805989027237354 0.4687429239130435 0.1320774299610895 0.4441618876811594 0.16005500583657586 0.43720128623188403 0.16720210116731518 0.4186711775362319 0.12603902918287938 0.41001902898550724 0.10827116731517511 0.43093959057971015
0 0.21876010700389106 0.5882262717391304 0.1354873774319066 0.6000010942028986 0.1571023307392996 0.6060853369565217 0.21876010700389106 0.5882262717391304
0 0.47526216147859923 0.7756900724637681 0.49335424902723735 0.7075818079710144 0.5183936828793775 0.6717528514492753 0.53467943385214 0.6926401014492753 0.5502183482490273 0.6917970543478261 0.5615743988326849 0.625868481884058 0.5749220058365758 0.6178873804347825 0.5816204046692607 0.6429232536231885 0.5953414280155642 0.6458073007246377 0.6002972159533074 0.6201391413043478 0.6193474435797666 0.6082201775362318 0.623269813229572 0.580793847826087 0.6346750544747082 0.5729181268115943 0.6212782548638132 0.5228463804347826 0.5977585758754864 0.48965194927536226 0.5812730719844358 0.519574115942029 0.5653607392996108 0.5095520181159421 0.5543289143968873 0.5282928876811595 0.5517641887159532 0.5102896847826087 0.5399855291828795 0.5073002536231884 0.5214331906614786 0.5337060833333332 0.4946135038910506 0.5460465724637681 0.4875040486381323 0.5373611123188405 0.4852259046692607 0.4993857789855073 0.46642462256809336 0.5185481739130434 0.4297686420233463 0.5277938514492753 0.38848109922178986 0.5155199891304347 0.37322876653696496 0.4963909057971015 0.3683482587548638 0.46762793115942036 0.39376110894941635 0.4426641231884058 0.40260162451361864 0.4167851992753623 0.4115289747081712 0.4217435615942029 0.4300928657587549 0.48060615217391306 0.4273168326848249 0.4281439420289855 0.41814054085603114 0.415942152173913 0.49501300778210117 0.44442773550724635 0.5248461147859922 0.4065244673913044 0.5504702723735408 0.41601966304347826 0.5631955175097276 0.38992997826086956 0.5953444046692608 0.36278647463768116 0.6475393035019454 0.35269775 0.6753547684824903 0.369331 0.7035320953307393 0.3115609782608696 0.700593953307393 0.28269262318840577 0.6912931867704281 0.2668691123188406 0.6763766322957198 0.28582075 0.6112075447470817 0.31475572463768114 0.5819476050583657 0.31271472826086955 0.5540568618677043 0.350512615942029 0.48801646887159533 0.3540955724637681 0.4593788910505836 0.3701631594202898 0.3968498112840467 0.3626702101449275 0.3816843093385214 0.3743784094202898 0.37135012645914395 0.35679672826086956 0.37222143190661483 0.38214875 0.3492864766536965 0.3942784746376812 0.32961388715953305 0.38808885144927535 0.31696392023346304 0.35974740217391304 0.30506078988326846 0.3531362572463768 0.28820186964980543 0.3721932717391304 0.2926221284046692 0.3592538115942029 0.2857616167315175 0.35781178623188403 0.28766634241245137 0.3849219746376812 0.2541974494163424 0.43027943840579713 0.26746977626459145 0.47672947101449276 0.24515718093385214 0.5069677789855072 0.25173110894941636 0.5283819384057971 0.24665085019455252 0.550428384057971 0.23132323929961088 0.5857304347826087 0.20409249610894942 0.6144213405797101 0.2700460564202335 0.5800010942028985 0.2735197276264591 0.5961407463768116 0.2646792140077821 0.6220196739130435 0.2707176128404669 0.6561625289855072 0.28902100583657586 0.6225132644927536 0.32129436770428016 0.598991481884058 0.33216408171206224 0.6038444601449275 0.34543640856031127 0.6502944963768116 0.31328751750972766 0.6774379927536232 0.3129632957198444 0.7246256920289855 0.26482679377431906 0.7961782282608696 0.2621867879377432 0.8326061557971014 0.2790833463035019 0.7863335760869565 0.31060987548638136 0.7410814927536231 0.33144035408560313 0.7526509963768115 0.3307427159533074 0.7889735471014493 0.33772769844357975 0.7940372898550725 0.366987640077821 0.7960782898550726 0.3697521167315175 0.7632720724637682 0.40760362645914394 0.7321907173913044 0.417900173151751 0.7769879601449275 0.4286454124513619 0.7782192210144927 0.42925622178988326 0.7110593876811594 0.44264146887159533 0.6758627210144927 0.4562380175097276 0.6751250507246377 0.4630608910505836 0.7037826413043479 0.47293482684824906 0.6796618876811594 0.47526216147859923 0.7756900724637681
0 0.3648891167315175 0.2537358695652174 0.3475323093385214 0.25830601811594206 0.38667773735408556 0.3214946811594203 0.3943980019455253 0.2630203043478261 0.38083908949416345 0.23654240579710142 0.36298439105058367 0.2266256847826087 0.3648891167315175 0.2537358695652174
0 0.2874058424124514 0.2924101231884058 0.2889371498054475 0.30865515579710145 0.3174994494163424 0.34701870652173916 0.2874058424124514 0.2924101231884058
0 0.32952705252918285 0.35725156884057974 0.3544043754863813 0.34501646014492754 0.3334494221789883 0.3298252391304348 0.33861651361867706 0.33861607971014496 0.32952705252918285 0.35725156884057974
0 0.5679977684824903 0.7561449094202899 0.5641998715953308 0.7871929565217392 0.5720938015564202 0.7903931485507246 0.5679977684824903 0.7561449094202899
0 0.6901815116731517 0.6025629057971015 0.6824496926070038 0.5757688623188406 0.6587302645914397 0.5933838550724637 0.6810052178988326 0.5903611123188405 0.6901815116731517 0.6025629057971015
0 0.6436024046692608 0.5778764891304348 0.6249632315175098 0.5734450326086956 0.6534010583657588 0.608186865942029 0.6436024046692608 0.5778764891304348
0 0.6469776887159533 0.47791043840579706 0.6875183988326848 0.46845400000000004 0.6319743015564202 0.46602478623188404 0.6197845856031129 0.47938577536231886 0.6469776887159533 0.47791043840579706
0 0.2854575233463035 0.858557152173913 0.2604180894941634 0.8943861086956522 0.2648007081712062 0.9086622101449275 0.2854575233463035 0.858557152173913
0 0.2676404649805447 0.8214248623188405 0.23379815564202336 0.8559171775362319 0.24169208560311284 0.8591173695652174 0.2676404649805447 0.8214248623188405
0 0.47069134435797666 0.8974918079710145 0.47370476848249027 0.8719290253623189 0.4630348073929961 0.8162666268115942 0.4624239980544747 0.8834264601449275 0.47069134435797666 0.8974918079710145
0 0.44250246303501944 0.8699934057971014 0.44394693968871596 0.8554011557971015 0.4370864260700389 0.8539591340579711 0.43667536964980547 0.8703095507246377 0.44250246303501944 0.8699934057971014
0 0.3792265486381323 0.8407701557971015 0.4005433638132296 0.7815581086956521 0.39731863618677044 0.7726618913043478 0.37095920038910507 0.8267048079710144 0.3792265486381323 0.8407701557971015