0 0.07808147575757576 0.8586743235294118 0.07377404545454545 0.8756018639705881 0.09046716060606061 0.8759072536764706 0.08871398484848485 0.85953575 0.07808147575757576 0.8586743235294118
0 0.15956774242424243 0.3019567904411765 0.12458702424242424 0.2959815183823529 0.09832695151515151 0.2634891617647059 0.07264871818181819 0.2713558419117647 0.05956774242424242 0.3111314669117647 0.07971431515151516 0.3405108566176471 0.11586637272727272 0.32249859926470587 0.1089517909090909 0.3690561875 0.1379248 0.3792565 0.1632856696969697 0.34937580514705885 0.1479754696969697 0.33975890073529413 0.15956774242424243 0.3019567904411765
0 0.8322566727272727 0.7637642205882352 0.8039712878787878 0.8012609411764705 0.8076363212121213 0.845010955882353 0.8306545090909091 0.8631053161764706 0.8639349515151514 0.8563780882352942 0.8803106999999999 0.8346694595588235 0.8855778909090909 0.7790783786764707 0.8641013000000001 0.7626795036764706 0.8322566727272727 0.7637642205882352
0 0.7109464303030303 0.6628414375 0.6458213636363637 0.6706533786764706 0.6235965848484849 0.7075940588235294 0.615140406060606 0.7524561544117647 0.6349167151515152 0.7561525257352941 0.6504384909090909 0.7804454411764706 0.6837718242424242 0.7773872205882353 0.7149288272727272 0.7286054705882353 0.7232792212121212 0.6764053676470588 0.7109464303030303 0.6628414375
0 0.4694367272727273 0.5380449374999999 0.4254179909090909 0.5365727279411764 0.4083546181818182 0.5105843161764705 0.4108030848484849 0.46994726838235296 0.38964385757575754 0.47556241176470593 0.3856990181818182 0.6228785698529411 0.40579269393939393 0.648588955882353 0.45130013333333335 0.6480876544117647 0.4803789303030303 0.6656259742647058 0.45958996060606055 0.6969241397058824 0.45549410909090904 0.7285276948529412 0.4914874848484848 0.6995084338235293 0.5460329393939394 0.6945040661764705 0.5834092333333334 0.6561732794117647 0.5936185878787879 0.6276826875 0.6211028909090909 0.639856518382353 0.6297706484848484 0.6096704301470588 0.6517232848484849 0.6590903308823529 0.6664516515151515 0.6283482022058823 0.714936496969697 0.6238998786764707 0.7581089272727273 0.5666680404411765 0.7728372878787879 0.5359259154411765 0.766618 0.5254749448529411 0.8054301030303032 0.4815016507352941 0.7953870999999999 0.4162936580882353 0.7646609181818181 0.3897218419117647 0.7985837545454546 0.32231705514705883 0.833247109090909 0.3062783125 0.7862509666666667 0.308753125 0.7524415848484849 0.2787903272058823 0.7223501303030303 0.2962465404411765 0.7061859606060606 0.3326311801470588 0.7126168242424242 0.3577581580882353 0.7433959 0.3879989779411765 0.7421187757575757 0.4046485036764706 0.7239369575757575 0.4063166286764706 0.7136218121212121 0.42746921323529413 0.7138862848484848 0.4458142279411765 0.7384460727272728 0.4656040845588235 0.7280780363636363 0.48308766911764706 0.7093143818181818 0.44439675735294115 0.6851248545454546 0.45028992279411767 0.6727391696969697 0.4330569889705882 0.5878906848484848 0.4408415625 0.5662554090909091 0.4134356838235294 0.5240427424242424 0.43200397794117645 0.5038432818181818 0.3989555845588235 0.5458443696969697 0.3657112757352941 0.5707820848484849 0.3064785588235294 0.5980548151515152 0.3039763713235294 0.6234156818181817 0.2740956801470588 0.6229396363636364 0.2410746507352941 0.6090123545454545 0.22214622794117647 0.5786035363636364 0.2175884301470588 0.554519790909091 0.23081959926470588 0.5406454060606061 0.21556017647058823 0.5118839757575758 0.220035875 0.4748250454545454 0.28038067279411766 0.46992811212121216 0.3616547757352941 0.42909836060606066 0.37091155882352944 0.4158058090909091 0.3960111691176471 0.4255314484848485 0.4392051397058823 0.4202642545454546 0.49479622426470593 0.4369573696969697 0.4951016139705883 0.4694367272727273 0.5380449374999999
0 0.30470492424242424 0.2665977904411765 0.3218211909090909 0.29625520588235293 0.34128013636363635 0.2779375625 0.33181896666666666 0.25308859926470584 0.30470492424242424 0.2665977904411765
0 0.3450509575757576 0.32902558088235295 0.34988733030303026 0.3487880661764706 0.3664217606060606 0.3380864448529412 0.36009668181818183 0.3202974742647059 0.3450509575757576 0.32902558088235295
0 0.35164050606060604 0.3651595661764706 0.3625903757575758 0.38803501470588236 0.37907191515151517 0.3736643933823529 0.3697165363636364 0.3561534411764706 0.35164050606060604 0.3651595661764706
0 0.3779534696969697 0.40132092279411763 0.3735931454545454 0.4145794632352941 0.3934752424242425 0.4256138419117647 0.39464658181818185 0.40162631249999997 0.3779534696969697 0.40132092279411763
0 0.31538265757575756 0.3758338198529412 0.3231964393939394 0.39164928308823527 0.33367026363636365 0.3815036985294118 0.3273980787878788 0.3673837316176471 0.31538265757575756 0.3758338198529412
0 0.312828403030303 0.40913286397058823 0.3205892878787879 0.4212793235294118 0.33111600606060604 0.4148027463235294 0.32484382424242425 0.4006827757352941 0.312828403030303 0.40913286397058823
0 0.2601495787878788 0.33314114705882353 0.26190275454545453 0.34951265073529414 0.27545977575757574 0.3427580551470588 0.2722707909090909 0.33202906617647054 0.2601495787878788 0.33314114705882353
0 0.24420465151515153 0.27949620588235297 0.23112367575757578 0.3192718272058824 0.21863220303030304 0.29470089338235295 0.19747297878787878 0.3003160367647059 0.19640742424242422 0.33164157352941176 0.24350936060606063 0.33650476470588236 0.2657870303030303 0.30323308455882353 0.2593032727272727 0.27443710294117646 0.24420465151515153 0.27949620588235297
0 0.1687644393939394 0.30846073529411766 0.17051761515151515 0.32483223529411764 0.1841275303030303 0.3217466433823529 0.18088565454545452 0.3073486507352941 0.1687644393939394 0.30846073529411766
0 0.10676779393939395 0.42803825 0.11463446969696969 0.4475227169117647 0.13722950606060605 0.4362650588235294 0.12473803636363637 0.4116941176470588 0.10676779393939395 0.42803825
0 0.06020246969696969 0.3551595 0.06801625151515152 0.3709749632352941 0.08146748787878787 0.35688236029411763 0.07519530606060605 0.34276238970588235 0.06020246969696969 0.3551595
0 0.20634464242424244 0.3895115551470588 0.2111281212121212 0.4056050404411765 0.22468514242424242 0.39885044117647056 0.21836006666666669 0.3810614705882353 0.20634464242424244 0.3895115551470588
0 0.3530157515151515 0.46055364338235294 0.3557815848484848 0.44193060661764705 0.32287140303030304 0.4743408566176471 0.3700262303030303 0.4828730514705882 0.37438655454545455 0.46961451102941176 0.3530157515151515 0.46055364338235294
0 0.7746356878787879 0.6606720110294118 0.7744241121212121 0.6459960036764706 0.7683106121212122 0.6428830404411764 0.754647803030303 0.6422996286764706 0.7486929848484848 0.6501936764705882 0.7426323757575757 0.6507497169117646 0.7381662636363636 0.65667025 0.7487987727272728 0.6575316801470588 0.7611315606060606 0.6710956139705883 0.7641089696969697 0.6671485882352941 0.7701695757575757 0.6665925441176471 0.7746356878787879 0.6606720110294118
0 0.3497056424242424 0.6518978345588236 0.33301252727272723 0.6515924411764706 0.32264448787878786 0.6690760257352941 0.3290224606060606 0.6905340036764707 0.3367304545454545 0.6990114632352941 0.35188196969696967 0.697621356617647 0.36219711212121214 0.6764687683823529 0.35906102121212125 0.6694087830882354 0.35890233636363633 0.6584017794117647 0.3497056424242424 0.6518978345588236
0 0.2980394757575757 0.5409115772058823 0.29059595454545456 0.5507791360294118 0.29075463636363635 0.5617861470588236 0.2954323242424242 0.5705416213235294 0.3045232363636364 0.5697075625 0.3149441636363636 0.555892981617647 0.3148383757575758 0.5485549742647059 0.30867198484848485 0.5417730073529412 0.2980394757575757 0.5409115772058823
0 0.2713562515151515 0.47906720220588234 0.27906424545454545 0.48754465808823527 0.2820945515151515 0.4872666360294118 0.2865606636363637 0.48134610294117647 0.2864548757575757 0.4740080955882353 0.28337167575757577 0.47061711397058825 0.2787997727272727 0.4691996433823529 0.2713562515151515 0.47906720220588234
0 0.3009563212121212 0.638001143382353 0.2978202303030303 0.6309411580882353 0.2871877242424243 0.6300797279411765 0.28585770303030306 0.64306025 0.2935128 0.6478687022058824 0.3009563212121212 0.638001143382353
0 0.2753838757575757 0.6532058272058824 0.2798499878787879 0.647285294117647 0.2797442 0.6399472867647059 0.276661003030303 0.6365563051470589 0.26757009696969697 0.6373903676470588 0.2693232696969697 0.6537618676470588 0.2753838757575757 0.6532058272058824
0 0.2394433909090909 0.6858940992647059 0.24390950303030304 0.6799735625 0.24380371515151514 0.6726355588235294 0.2407205212121212 0.6692445735294118 0.23008801212121213 0.6683831433823529 0.22275027878787879 0.685588705882353 0.2394433909090909 0.6858940992647059
0 0.16017946363636365 0.6601015992647059 0.15268305151515152 0.6663001544117647 0.1527888393939394 0.6736381617647059 0.1604968303030303 0.6821156176470589 0.16352713333333332 0.6818375992647059 0.16799324545454544 0.6759170625 0.17091776060606062 0.6683010367647059 0.16475136666666665 0.6615190698529412 0.16017946363636365 0.6601015992647059
0 0.12418608787878788 0.6891208676470588 0.11971997575757576 0.6950414007352942 0.11982576363636363 0.7023794080882353 0.1244505606060606 0.7074658823529412 0.1335414696969697 0.7066318198529412 0.13800758181818182 0.7007112830882353 0.13795468787878787 0.6970422794117647 0.13178829393939392 0.6902603198529412 0.12418608787878788 0.6891208676470588
0 0.17043404545454546 0.7399856029411764 0.17649465454545454 0.7394295625 0.18096076666666666 0.7335090257352941 0.17479437272727275 0.7267270625 0.1732527727272727 0.7250315698529411 0.1658092484848485 0.7348991286764706 0.17043404545454546 0.7399856029411764
0 0.1795701818181818 0.8475261360294117 0.17191508181818183 0.8427176838235294 0.16585447575757575 0.8432737242647059 0.1520329818181818 0.8316833088235294 0.14294207575757575 0.8325173676470589 0.14304786363636365 0.839855375 0.1493200424242424 0.8539753419117647 0.1585167424242424 0.8604792867647059 0.1586225303030303 0.8678172941176471 0.16324732424242425 0.872903768382353 0.1753685393939394 0.8717916875 0.1828120606060606 0.8619241286764706 0.1795701818181818 0.8475261360294117
0 0.1619702 0.889553294117647 0.1588341090909091 0.8824933051470589 0.15123190303030304 0.8813538566176471 0.14378838181818182 0.8912214154411765 0.15452667575757575 0.8994208492647059 0.1619702 0.889553294117647
0 0.10370681515151516 0.8471386397058823 0.10375971212121211 0.8508076433823529 0.11146770606060606 0.8592850992647059 0.1175283090909091 0.8587290588235295 0.12199442121212122 0.8528085257352941 0.11875254545454544 0.8384105330882353 0.10812003636363636 0.8375491029411765 0.10370681515151516 0.8471386397058823
0 0.2839834 0.8287619264705883 0.2735095757575758 0.8389075036764706 0.27074374242424243 0.8575305404411765 0.27845173636363635 0.8660079963235293 0.28754264545454544 0.8651739338235295 0.30099387878787875 0.8510813308823529 0.30391839393939396 0.8434653051470589 0.29764620909090905 0.8293453345588235 0.2839834 0.8287619264705883
0 0.32997455454545455 0.7565760551470588 0.34687924545454546 0.7715574558823529 0.3529398515151515 0.7710014154411765 0.3542698727272727 0.7580208933823529 0.34959218484848487 0.7492654191176471 0.34502028181818184 0.7478479485294117 0.33135747272727273 0.7472645367647059 0.32997455454545455 0.7565760551470588
0 0.35698281212121213 0.7357288602941177 0.35703570606060603 0.7393978602941177 0.361660503030303 0.744484330882353 0.3677211090909091 0.743928294117647 0.37218722424242423 0.7380077573529412 0.36905113030303033 0.7309477757352941 0.36144892424242425 0.7298083235294118 0.35698281212121213 0.7357288602941177
0 0.4356120090909091 0.7174933161764706 0.42939272121212124 0.7070423529411765 0.4217905151515151 0.705902900735294 0.4158356969696969 0.7137969485294118 0.4067976818181818 0.7183000110294118 0.39935416060606066 0.7281675698529412 0.3994599484848485 0.7355055772058823 0.4071150454545454 0.7403140294117647 0.4130698666666666 0.732419981617647 0.42822137878787875 0.7310298786764706 0.4356120090909091 0.7174933161764706
0 0.409722196969697 0.7106839852941177 0.4141883090909091 0.7047634485294118 0.41360647575757575 0.6644044154411765 0.41052327575757575 0.6610134375000001 0.4044626727272727 0.6615694779411765 0.40456846060606055 0.6689074852941177 0.40765165757575755 0.6722984632352942 0.4078632333333333 0.6869744742647059 0.40488582727272726 0.6909215 0.40504450606060605 0.7019285073529412 0.4020671 0.7058755294117647 0.4066918939393939 0.7109620036764706 0.409722196969697 0.7106839852941177
0 0.3963767515151515 0.7321145919117646 0.3932406606060606 0.7250546066176471 0.3841497484848485 0.725888669117647 0.38585003333333334 0.738591169117647 0.3919106393939394 0.7380351286764706 0.3963767515151515 0.7321145919117646
0 0.3967470090909091 0.7577976139705882 0.39685279696969694 0.7651356213235294 0.4045079 0.7699440698529412 0.4135459151515152 0.7654410073529412 0.4149288272727273 0.7561294889705883 0.41184563333333335 0.7527385073529412 0.4012131242424242 0.7518770808823529 0.3967470090909091 0.7577976139705882
0 0.7555470030303031 0.7046726764705882 0.7646379090909091 0.7038386176470589 0.7661266151515151 0.7018651029411764 0.7599602212121213 0.6950831397058823 0.7523580181818181 0.6939436875 0.750922206060606 0.6995862022058823 0.7555470030303031 0.7046726764705882
0 0.8372218363636363 0.4767479338235295 0.8447711515151515 0.47421837867647065 0.8446653606060607 0.466880375 0.8415821636363635 0.46348939338235295 0.8324912545454545 0.46432345588235296 0.8325970424242424 0.4716614632352942 0.8372218363636363 0.4767479338235295
0 0.5702454757575758 0.37449412132352944 0.5779534696969697 0.3829715772058823 0.5809837727272728 0.3826935588235294 0.5854498848484848 0.37677302205882357 0.5853969909090909 0.37310402205882354 0.5792305969696969 0.36632205514705884 0.5716283909090909 0.36518260294117644 0.5702454757575758 0.37449412132352944
0 0.2878147848484849 0.7788133566176471 0.30147759393939394 0.7793967647058824 0.30892111818181817 0.769529205882353 0.30876243333333336 0.7585221985294117 0.29812992727272725 0.7576607720588235 0.287708996969697 0.7714753529411764 0.2878147848484849 0.7788133566176471
0 0.24220155454545456 0.7719766507352942 0.24225445151515151 0.7756456544117647 0.24687924545454545 0.7807321286764706 0.24990954848484848 0.7804541102941176 0.2543756636363636 0.7745335735294118 0.2512395696969697 0.7674735882352941 0.24666766969696968 0.7660561176470588 0.24220155454545456 0.7719766507352942
0 0.1954698818181818 0.7927964816176472 0.19679990303030304 0.7798159632352941 0.18616739696969697 0.7789545330882353 0.18478448181818183 0.7882660477941177 0.18940927575757574 0.7933525220588236 0.1954698818181818 0.7927964816176472
0 0.1588946696969697 0.7814567169117648 0.1575117515151515 0.7907682352941175 0.1651139575757576 0.7919076838235294 0.16649687575757577 0.7825961691176471 0.1588946696969697 0.7814567169117648
0 0.557934909090909 0.7834215625000001 0.5685674151515152 0.7842829926470588 0.5760109363636363 0.7744154338235294 0.5759580424242424 0.7707464301470589 0.5653255333333334 0.7698849999999999 0.5578820121212121 0.7797525588235293 0.557934909090909 0.7834215625000001