0 0.5079828722943723 0.4491702684210527 0.4744293722943723 0.4917268859649123 0.43558101298701296 0.501841 0.4522650476190476 0.5567329789473685 0.42879149783549786 0.5914846175438596 0.4370813831168831 0.6003230754385964 0.4661684090909091 0.6024762947368422 0.4799327532467532 0.5985995210526316 0.48143895670995673 0.589898754385965 0.4664001406926407 0.5759260964912281 0.4635847142857143 0.5543724105263158 0.48126518614718616 0.5278736421052631 0.4793534805194805 0.5010994947368421 0.4921793506493507 0.49003815964912284 0.5098250692640693 0.45113436842105265 0.5382227294372294 0.4257553403508772 0.561962764069264 0.3768585245614035 0.5609895346320346 0.3572689403508772 0.5450296212121212 0.34231423157894736 0.5190245086580086 0.3475695228070176 0.5166145844155844 0.361490749122807 0.5350713073593074 0.39353678596491226 0.5079828722943723 0.4491702684210527
0 0.4317459393939394 0.6626583947368421 0.4307900865800866 0.6492713210526316 0.3983372857142857 0.6476522561403509 0.36529938095238096 0.6557160105263158 0.3702408679653679 0.6712911315789474 0.3956782532467532 0.6819211701754386 0.4063433095238095 0.6644333771929825 0.4317459393939394 0.6626583947368421
0 0.3483256515151515 0.7159495385964912 0.35746712987012985 0.7009600017543859 0.3496928398268398 0.6576286807017544 0.34475135281385283 0.6420535596491228 0.3300485303030303 0.6387457701754385 0.3211909177489178 0.6457926438596492 0.3390451601731602 0.6813189877192983 0.3366699891774892 0.7076452368421052 0.3483256515151515 0.7159495385964912
0 0.49221398917748915 0.8301942245614036 0.5047386190476191 0.8208730438596491 0.4924630995670996 0.8098465385964912 0.47841488961038964 0.8216659754385964 0.49221398917748915 0.8301942245614036
0 0.37099391125541126 0.8308162701754386 0.361800303030303 0.8271982736842105 0.3727839761904762 0.8141728385964911 0.3553352380952381 0.8141214087719297 0.36151643939393935 0.8351409385964912 0.3795676601731602 0.8317120614035087 0.3991772142857143 0.8381899491228071 0.40771620995671 0.8266807192982456 0.4000288051948052 0.8143619543859649 0.3850247424242424 0.8127943210526315 0.37157901515151515 0.8211334508771929 0.37099391125541126 0.8308162701754386
0 0.4052020238095238 0.8033868789473684 0.3995885476190476 0.7664820192982456 0.3668518831168831 0.7728056192982456 0.36327175108225107 0.8060924842105263 0.3694008225108225 0.8085044807017544 0.4052020238095238 0.8033868789473684
0 0.2888713008658009 0.8009765122807017 0.2812534047619048 0.8134677947368422 0.2956897402597402 0.8309207578947368 0.29696420995670997 0.8487701894736842 0.3239251731601731 0.8569019719298245 0.33614856277056276 0.8493209438596491 0.3409684112554113 0.8214784894736842 0.3311375692640693 0.8089357771929825 0.31522978571428567 0.8125886035087719 0.3084634783549784 0.8012518912280702 0.2888713008658009 0.8009765122807017
0 0.21933699783549782 0.8938084631578948 0.21876927272727273 0.909693792982456 0.2500171103896104 0.9182734701754386 0.27203658874458875 0.9108301298245615 0.3568703614718615 0.9250085070175439 0.3746029653679654 0.9171172701754386 0.3666143203463203 0.9065386614035088 0.3402905909090909 0.907331594736842 0.23278272727272728 0.8854693298245614 0.21933699783549782 0.8938084631578948
0 0.38796180952380954 0.8777655842105263 0.38615436580086576 0.8882065052631579 0.4027167619047619 0.8996809052631579 0.4216717034632035 0.8910315684210526 0.4287566277056277 0.9068306385964913 0.41835805844155843 0.9101732561403509 0.41497490476190474 0.9045049000000001 0.41469104112554117 0.9124475649122806 0.40152917532467536 0.9128440315789473 0.38629338095238097 0.937826594736842 0.39642546536796536 0.948629152631579 0.42886088961038965 0.9440457052631579 0.43103908008658004 0.9566746771929825 0.408168012987013 0.9879460087719298 0.4141464632034632 0.9912280842105263 0.4165719329004329 0.991481498245614 0.4325800367965368 0.9603789315789473 0.461916170995671 0.9421844631578948 0.4612789350649351 0.9332597491228071 0.4768507251082251 0.9189420543859649 0.46578016666666666 0.9009549350877193 0.4544431212121212 0.8971129912280702 0.4495016341991342 0.8815378684210526 0.4302106991341991 0.8795223385964913 0.422274183982684 0.8875512614035088 0.421636948051948 0.8786265456140351 0.40294849350649353 0.8731307087719299 0.38796180952380954 0.8777655842105263
0 0.12318355627705628 0.8819906543859649 0.11517753463203463 0.8652095333333334 0.0949655 0.8622119526315789 0.08798483766233767 0.8836279491228071 0.1152470432900433 0.8900195771929824 0.12318355627705628 0.8819906543859649
0 0.11934860173160174 0.7150570070175438 0.13307819264069265 0.6987752122807017 0.11192768398268399 0.6885930684210526 0.10126262770562772 0.7060808631578948 0.11934860173160174 0.7150570070175438
0 0.19170416233766235 0.5365959 0.191773670995671 0.5614059438596491 0.22670590259740261 0.5739138263157895 0.23547663203463204 0.535854396491228 0.21586707792207793 0.5293765087719299 0.20695733333333333 0.517815847368421 0.19170416233766235 0.5365959
0 0.44984929220779224 0.677837050877193 0.44069043722943724 0.6866240754385965 0.43064524025974027 0.7068340754385964 0.4407599458874459 0.7114341228070176 0.43925374458874455 0.7201348894736842 0.428235316017316 0.7207553035087719 0.4242844372294372 0.7309722771929825 0.435285487012987 0.724149350877193 0.44052821428571426 0.7379843192982457 0.431971841991342 0.7432910385964911 0.42644525108225106 0.7373987350877192 0.4212720324675325 0.7483738122807018 0.439960487012987 0.753869649122807 0.43234258874458875 0.7663609298245614 0.47676967099567097 0.7807466543859649 0.4874694805194805 0.7756638824561404 0.5037132575757576 0.7826759263157894 0.5193024242424242 0.7745607438596491 0.5149807943722944 0.7617078245614035 0.5263004632034632 0.7593472561403509 0.5363456601731602 0.7391372596491228 0.5501100064935065 0.7352604842105264 0.5457883787878788 0.7224075684210526 0.5571080454545454 0.720047 0.5592167294372294 0.7078659245614035 0.5435928095238095 0.7035760859649123 0.5398736623376623 0.6872428614035088 0.5135499329004328 0.6880357929824562 0.5003533138528139 0.6760272368421053 0.47463206493506493 0.6733398631578947 0.44984929220779224 0.677837050877193
0 0.6900591255411256 0.6453564578947368 0.6618410670995671 0.6255777543859649 0.6395029718614719 0.6285587385964913 0.6279341948051947 0.6512669929824562 0.6280037034632036 0.6760770368421052 0.6684277727272727 0.6820722 0.6888889177489178 0.6647220947368421 0.6900591255411256 0.6453564578947368
0 0.623821090909091 0.7128442070175438 0.6165565649350649 0.7422028684210527 0.6526937597402597 0.7477501368421052 0.6624029632034633 0.7168752701754386 0.654113077922078 0.7080368140350877 0.636965577922078 0.7062452298245614 0.623821090909091 0.7128442070175438
0 0.7138340324675324 0.28111362280701757 0.688663132034632 0.25633840701754385 0.6810104826839827 0.2564246649122807 0.6703454264069264 0.2739124596491228 0.6393988268398269 0.2635926298245614 0.6288380324675324 0.3182954894736842 0.6610069718614718 0.32785721754385966 0.677517235930736 0.32072408596491225 0.6882517987012987 0.32804633684210527 0.6892076515151515 0.3414334087719298 0.7008459372294372 0.3435352 0.7112271298701298 0.3339900701754386 0.7059670259740259 0.3139525894736842 0.7138340324675324 0.28111362280701757
0 0.4553064913419913 0.3311682684210526 0.46843360173160176 0.3183667789473684 0.48648482251082253 0.3149379 0.526005170995671 0.3261535263157895 0.5263411645021645 0.33681839298245614 0.5321342424242425 0.32856552280701756 0.5416464675324675 0.3366458754385965 0.5599989285714286 0.3314768438596491 0.5545244675324675 0.3441920736842105 0.5774997987012987 0.3501358070175438 0.5814506796536797 0.33991883333333334 0.6022478181818182 0.33323359824561405 0.609512341991342 0.30387493684210526 0.5911251277056276 0.2966389456140351 0.5916407229437229 0.2621460807017544 0.5570444848484849 0.2603030701754386 0.5462925454545454 0.24677830877192983 0.5227147337662338 0.24431488070175436 0.4918723961038961 0.2712101157894737 0.47656709523809526 0.27138263508771926 0.465583422077922 0.28440807017543857 0.4417043701298701 0.28368479824561404 0.42949835714285717 0.2974683368421053 0.42678719264069265 0.31312971754385965 0.4403024285714286 0.32960063157894737 0.4553064913419913 0.3311682684210526
0 0.4278994393939394 0.38233939298245617 0.4290870238095238 0.36917626842105267 0.39082376839826843 0.3696075631578947 0.3923821017316017 0.3795143298245614 0.4278994393939394 0.38233939298245617
0 0.34108445238095236 0.3165768263157895 0.3474452554112554 0.2924386245614035 0.3168172748917749 0.286581150877193 0.311076329004329 0.31344155614035085 0.34108445238095236 0.3165768263157895
0 0.3515931147186147 0.24326643157894737 0.3552427554112554 0.23478961228070178 0.34360446969696967 0.23268782280701755 0.34087592857142857 0.2421466912280702 0.3515931147186147 0.24326643157894737
0 0.3720021277056277 0.20730879298245614 0.37593563203463204 0.19088930877192983 0.33613141991341994 0.187616349122807 0.33249915584415585 0.2022956789473684 0.3472019783549784 0.20560346842105265 0.3720021277056277 0.20730879298245614
0 0.28155487878787877 0.15622555614035089 0.2677384025974026 0.14149479649122806 0.2570212142857143 0.14037505789473684 0.24548719047619047 0.17548833333333333 0.2724481558441558 0.18362011754385965 0.28155487878787877 0.15622555614035089
0 0.5531515670995671 0.18194473157894736 0.5081393831168831 0.17724182631578947 0.4756170735930736 0.15081271754385966 0.4290813095238095 0.14860806842105262 0.4196733463203463 0.17774278245614034 0.4320183744588745 0.21357933157894737 0.44149584632034633 0.2092546649122807 0.4531515086580087 0.21755896491228072 0.5398101017316017 0.22749892982456138 0.5584811796536796 0.2267922561403509 0.5654965952380953 0.21778128245614034 0.5635848917748918 0.1910071350877193 0.5531515670995671 0.18194473157894736
0 0.8667827900432901 0.24217337192982458 0.8654909437229437 0.21812142982456142 0.8168117424242425 0.21569283157894736 0.8110534177489178 0.23635072631578946 0.8358709458874458 0.2442585614035088 0.8667827900432901 0.24217337192982458
0 0.8143902727272727 0.11622870701754384 0.824522354978355 0.12703126315789473 0.8425909523809524 0.1298048964912281 0.8507939545454545 0.10763079824561404 0.8253565692640692 0.09700075789473685 0.8143555173160174 0.10382368245614035 0.8143902727272727 0.11622870701754384
0 0.7287917943722945 0.1568908807017544 0.7376667835497835 0.15604651754385965 0.7382518874458874 0.14636369999999999 0.7220254870129871 0.14555416666666665 0.7287917943722945 0.1568908807017544
0 0.599496183982684 0.11592175789473684 0.5921795281385281 0.12667288771929824 0.6022942337662337 0.1312729333333333 0.6313812597402598 0.13342615263157895 0.6328700844155845 0.11852287368421052 0.6175474047619047 0.11249288245614035 0.599496183982684 0.11592175789473684
0 0.438738380952381 0.09912566666666667 0.42043805194805195 0.12290223157894736 0.4477002554112554 0.12929386315789473 0.46300555844155844 0.12912134210526316 0.4684626406926407 0.11020360350877194 0.46415838961038963 0.10355319649122807 0.438738380952381 0.09912566666666667
0 0.3726451948051948 0.1090506649122807 0.3742382813852814 0.13136245263157895 0.4054687445887446 0.13373961929824563 0.4146102207792208 0.11875008245614034 0.4109084502164502 0.10861936842105263 0.3986503051948052 0.10379537368421052 0.3726451948051948 0.1090506649122807
0 0.280709119047619 0.07287070701754385 0.27396019047619047 0.0677365052631579 0.24671536147186146 0.06754738771929825 0.24767121428571426 0.0809344596491228 0.2767582380952381 0.08308767894736842 0.280709119047619 0.07287070701754385
0 1 0.06464695263157895 0.9691290974025973 0.06064502280701755 0.9593677619047619 0.07291235614035088 0.9572938333333333 0.09749845438596491 0.9866994761904763 0.1041140298245614 0.9986390021645022 0.10447566666666666 1 0.102244 1 0.06464695263157895
0 1 0.2161000754385965 0.9848514480519481 0.20933277368421052 0.9576761277056277 0.23395369824561404 0.9677908333333334 0.2385537456140351 0.9626002380952381 0.2433263105263158 0.9705888831168831 0.25390491929824566 0.9932455952380952 0.25538629649122807 1 0.24737631052631576 1 0.2161000754385965
0 0.8970341926406926 0.332143798245614 0.9003304610389611 0.30679959824561404 0.8709421948051947 0.3063865333333333 0.8661049696969697 0.32802647719298245 0.8970341926406926 0.332143798245614
0 0.8136834134199135 0.41024498771929824 0.820380212121212 0.39677165614035087 0.8135965281385281 0.37923243157894737 0.8029662251082251 0.409125249122807 0.8136834134199135 0.41024498771929824
0 0.6336694264069264 0.40383838771929825 0.6330148138528139 0.38871116140350875 0.6115978181818182 0.39267419473684206 0.6064419761904762 0.4098517807017544 0.6162554415584416 0.4161919807017544 0.6336694264069264 0.40383838771929825
0 0.37038571645021645 0.6137283771929825 0.3783222294372295 0.605699454385965 0.3672864264069264 0.6001173578947369 0.3587300541125541 0.6054240771929824 0.37038571645021645 0.6137283771929825
0 0.3513960194805195 0.6099726929824562 0.35136126623376623 0.5975676719298245 0.31919232683982685 0.5880059421052631 0.31006822943722945 0.6091979912280702 0.34161730735930734 0.6160375157894737 0.3513960194805195 0.6099726929824562
0 0.45480706493506495 0 0.45287930735930737 0.011135942105263159 0.4881127792207792 0.021903670175438598 0.505225525974026 0.011290231578947367 0.498044119047619 0 0.45480706493506495 0
0 0.09424744372294372 0.059589752631578945 0.08421962337662338 0.08600226140350878 0.10076464069264068 0.09127415263157894 0.12186302164502165 0.08284876315789474 0.12611514069264068 0.0708916350877193 0.11568181818181818 0.061829231578947375 0.09424744372294372 0.059589752631578945
0 0.5991309177489177 0.9689221491228069 0.5987775454545454 0.9520547701754385 0.5828523852813853 0.9495050842105263 0.577395303030303 0.9684228245614034 0.5835243744588744 0.9708348228070176 0.5991309177489177 0.9689221491228069
0 0.39235485064935066 0.9889512807017543 0.3907018961038961 0.9816920701754386 0.38304924458874456 0.9817783280701755 0.3828284632034632 0.9879559561403509 0.39235485064935066 0.9889512807017543
0 0.31879253896103893 0.7730992263157895 0.3254893376623376 0.7596258947368422 0.3080232229437229 0.753371952631579 0.2998028441558442 0.7693435421052632 0.31879253896103893 0.7730992263157895