0 0.34819341479820626 0.5190291965811966 0.33693558295964127 0.5538529358974359 0.40628008295964124 0.5934060641025641 0.41107419058295963 0.6601462478632478 0.43735661210762333 0.6748614871794871 0.4429426659192825 0.7047397222222223 0.4565975515695067 0.7032860726495727 0.466592630044843 0.6668454444444444 0.46256896412556053 0.642755358974359 0.4807398273542601 0.6243585854700855 0.5104466502242153 0.6548213846153846 0.5191147488789238 0.6318320256410256 0.5167176950672646 0.5984619358974359 0.5452474977578475 0.5327276367521367 0.5792991233183856 0.5119397307692308 0.582445394618834 0.4440039786324786 0.6036768026905829 0.4522516623931624 0.6187228968609865 0.4222785897435898 0.6083854641255606 0.3901040598290598 0.5790852197309417 0.4131882606837607 0.5984118878923766 0.34703263675213675 0.6082785112107624 0.3407283247863248 0.6023286031390135 0.32174698717948713 0.607807701793722 0.3022494871794872 0.5898295201793722 0.27544178632478633 0.5902576053811659 0.24947673504273504 0.5675280403587444 0.22037273931623932 0.5804124843049328 0.1762689957264957 0.577715798206278 0.13872764102564103 0.5514976031390134 0.10894424358974358 0.53309133632287 0.10810160256410256 0.512630369955157 0.14250401709401708 0.4933252062780269 0.12914758547008548 0.4467529932735426 0.1831423418803419 0.42612085201793726 0.18323718376068376 0.4123375089686098 0.2148271452991453 0.38442847533632285 0.20939191452991454 0.371265903587444 0.1698123504273504 0.35994384304932736 0.21970424786324788 0.3295520246636771 0.27547913675213676 0.3149982443946188 0.26441899572649574 0.29905325784753367 0.2818782905982906 0.29832554035874437 0.30367208119658123 0.321954 0.345289858974359 0.28886549775784753 0.3635233888888889 0.2914337286995516 0.4312010598290598 0.34819341479820626 0.5190291965811966
0 0.29997365695067263 0.21488002136752138 0.29575730941704037 0.23599441025641027 0.3109745784753363 0.24032891452991453 0.3101399103139013 0.2127469700854701 0.29997365695067263 0.21488002136752138
0 0.32349516367713005 0.20712206410256412 0.33708582286995514 0.22073657264957264 0.3410025403587444 0.19545092307692308 0.3337256479820627 0.18992085042735043 0.32349516367713005 0.20712206410256412
0 0.25727515246636773 0.4026132307692308 0.26196230941704035 0.4199776794871795 0.2785065605381166 0.4108609145299145 0.27225701793721974 0.3877083162393163 0.25727515246636773 0.4026132307692308
0 0.30943313228699554 0.6019647051282052 0.30551641704035876 0.6272503547008547 0.32043405605381164 0.6274135940170941 0.3195993878923767 0.5998316538461538 0.30943313228699554 0.6019647051282052
0 0.6436998430493274 0.37093304273504274 0.6391838632286996 0.38787617094017096 0.6613783923766816 0.3935694829059829 0.6583178497757848 0.36692502136752136 0.6436998430493274 0.37093304273504274
0 0.6318642488789238 0.3179022094017094 0.6432290313901345 0.33245420512820517 0.6524963946188341 0.3178073675213675 0.6382422443946189 0.31091849572649577 0.6318642488789238 0.3179022094017094
0 0.6130086771300448 0.19906867094017092 0.6132440784753364 0.21830809401709403 0.630687226457399 0.22170511538461538 0.6273270515695067 0.19088939316239317 0.6130086771300448 0.19906867094017092
0 0.48643367937219734 0.03320857264957265 0.48281659417040357 0.06266548290598291 0.5027852488789237 0.06929627777777778 0.5010516860986547 0.029200551282051283 0.48643367937219734 0.03320857264957265
0 0.3740055964125561 0.04832960256410256 0.3657013565022421 0.06042206837606837 0.37484026233183854 0.075911547008547 0.3740055964125561 0.04832960256410256
0 0.373320600896861 0.1345672905982906 0.36249085426008965 0.14342597435897436 0.3694038856502242 0.15985294017094018 0.373320600896861 0.1345672905982906
0 0.19011380269058295 0.2976787222222222 0.18150993497757847 0.30559992307692313 0.18589745739910313 0.31879311538461536 0.19011380269058295 0.2976787222222222
0 0.22673366143497758 0.3445684871794872 0.22726869730941704 0.3679791709401709 0.2463384551569507 0.36209617948717954 0.24327791031390134 0.33545172222222225 0.22673366143497758 0.3445684871794872
0 0.23642825784753363 0.9743605854700854 0.2374237264573991 0.985138141025641 0.2702246210762332 0.9833190555555555 0.26729088565022424 0.9570645384615385 0.23642825784753363 0.9743605854700854
0 0.18758744843049327 0.9648489358974359 0.17870969730941705 0.9883943290598292 0.19731940134529147 0.9873622649572649 0.18758744843049327 0.9648489358974359
0 0.16562860538116592 0.754927047008547 0.1722420067264574 0.7671827521367522 0.18091010313901346 0.7441933931623932 0.1736332130044843 0.7386633247863248 0.16562860538116592 0.754927047008547
0 0.5556700941704036 0.9172579444444445 0.5606568811659193 0.9387936581196581 0.5676983677130045 0.9250843034188034 0.5620480919282511 0.9102742307692308 0.5556700941704036 0.9172579444444445
0 0.380639365470852 0.8749452393162394 0.3831006479820628 0.8932471709401709 0.39266763901345286 0.8827715982905984 0.38731699327354263 0.8721327863247863 0.380639365470852 0.8749452393162394
0 0.7690978161434978 0.44059605128205126 0.7749835 0.474645547008547 0.7867763677130045 0.4632324871794872 0.782153437219731 0.4307998803418803 0.7690978161434978 0.44059605128205126
0 0.673599630044843 0.13272337606837606 0.6630695156950672 0.1457533205128205 0.673535403587444 0.14779152991452993 0.673599630044843 0.13272337606837606
0 0.6170111210762331 0.07920281196581197 0.6124951412556054 0.09614594444444445 0.6201358923766815 0.09077911538461539 0.6170111210762331 0.07920281196581197