0 0.9743632658662091 1 0.9914588893653515 0.6271837155963303 0.9992487435677531 0.1498726987767584 0.8715494742710119 0.12464207951070336 0.8118753190394511 0.2718368241590214 0.7859765240137221 0.3097302354740061 0.7618753233276158 0.3648757767584098 0.7547898627787307 0.40648629510703366 0.7373029725557461 0.44911389296636084 0.7328527718696398 0.489708993883792 0.7225561209262436 0.5260767889908257 0.6836905831903946 0.6397487201834863 0.6537953927958834 0.7459764724770642 0.6472508885077187 0.7569721207951071 0.6445284777015438 0.8163416498470948 0.6495634219554031 0.8288571024464831 0.6645373181818182 0.8410321467889909 0.6628706612349914 0.8491513333333333 0.6689701732418525 0.8572688593272171 0.6783070351629503 0.8606497094801223 0.7203840454545455 0.9027571467889909 0.7347820111492281 0.9086740474006116 0.7601050171526587 0.9397908180428135 0.8010999725557462 0.9678596743119267 0.8224962487135505 0.9905201681957188 0.8342965566037737 1 0.9743632658662091 1
0 0.14729190480274443 0.26572063149847097 0.14904585334476844 0.27451565596330274 0.10189081646655232 0.5125089449541285 0.09899382161234992 0.5380500535168196 0.10160292281303603 0.5470140366972477 0.1403814511149228 0.5669645366972477 0.26865418439108063 0.5923084602446483 0.2677728730703259 0.6021189021406728 0.2724413044596913 0.6038093256880734 0.2777991166380789 0.6186927033639144 0.30279925471698116 0.6474415489296637 0.3090995102915952 0.6794080948012232 0.307441667238422 0.7343796972477064 0.31012057375643226 0.7418213837920489 0.3221625008576329 0.7426645214067279 0.31642950171526585 0.7453720244648318 0.318253256432247 0.75264475382263 0.36087122384219555 0.7641373180428135 0.3810283473413379 0.7573673180428134 0.4170843241852487 0.7614190244648319 0.4867181132075472 0.7859297721712538 0.4890741509433962 0.7910035366972478 0.5028961869639794 0.7906622966360856 0.541971423670669 0.8229601238532109 0.5739087392795883 0.8415589480122324 0.588123448542024 0.8420633348623854 0.5960814065180103 0.7437899602446483 0.6005665797598627 0.740067871559633 0.6021197864493997 0.7250138746177369 0.6116832684391081 0.5917277018348623 0.6184369065180103 0.42562852446483185 0.6199724837049743 0.3168696987767584 0.6170928353344769 0.2855789892966361 0.6282800420240137 0.07657729204892967 0.5073437401372213 0.05268288990825688 0.08740034476843911 0.009075706422018348 0.0890975283018868 0.019969316513761468 0.10380968953687822 0.05667004892966361 0.10511864665523156 0.08457824770642201 0.11029320154373928 0.09404911009174312 0.12212571355060035 0.09945913455657492 0.12723046312178388 0.11045229204892966 0.12942954545454546 0.17540246483180427 0.1267594528301887 0.2148131896024465 0.1323441680960549 0.2435661865443425 0.14729190480274443 0.26572063149847097
0 0.7017701835334477 0.24547416360856267 0.7016130874785592 0.23008224770642202 0.6956968319039452 0.2273772370030581 0.6902168953687822 0.23397495718654435 0.6906270548885077 0.2532570917431192 0.6966131149228131 0.25443980886850154 0.7017701835334477 0.24547416360856267
0 0.06822514665523156 0.17406240825688074 0.06517105403087478 0.1842115993883792 0.07319028644939965 0.18810015749235476 0.07578189965694683 0.1786276360856269 0.06822514665523156 0.17406240825688074
0 0.09778893739279589 0.16915096177370031 0.10682041766723842 0.18860039602446482 0.11091291938250429 0.18403267889908256 0.1115411680960549 0.17033201834862385 0.10169818181818181 0.15917073088685016 0.09778893739279589 0.16915096177370031
0 0.025711675814751287 0.04738391896024465 0.029175927958833617 0.056516862385321096 0.03922833104631218 0.06311126146788991 0.04045866895368782 0.04568934250764526 0.03470818353344768 0.029960337920489296 0.029254406518010295 0.026578659021406725 0.02548477358490566 0.03351429816513762 0.025711675814751287 0.04738391896024465
0 0.056933734133790735 0.21330583486238533 0.06282382933104631 0.22599024923547398 0.07045038765008577 0.22903318042813456 0.07260568353344768 0.2102579235474006 0.06507508919382504 0.1957132966360856 0.061192004288164674 0.19571412691131498 0.05471730617495712 0.20518748012232416 0.056933734133790735 0.21330583486238533
0 0.08237928730703259 0.4487464724770642 0.08421171526586621 0.42760329357798166 0.07494465866209261 0.4227001483180428 0.06656772641509434 0.4548389755351682 0.07074751972555746 0.4671854694189602 0.07587842881646656 0.4681992262996942 0.08237928730703259 0.4487464724770642
0 0.041750703259005144 0.3562343226299694 0.03873144339622642 0.3279882033639144 0.0251886295025729 0.32224026146788987 0.021279385934819896 0.33222049235474005 0.023652909948542022 0.3557307645259939 0.038373743567753006 0.36401558868501527 0.041750703259005144 0.3562343226299694
0 0.055764246140651806 0.10708472477064221 0.0690714845626072 0.12737895565749235 0.0780679922813036 0.10995537461773701 0.06883576758147514 0.06665692048929664 0.06451636363636364 0.05735501834862385 0.05977812778730703 0.05718688837920489 0.056008494854202395 0.06412252905198777 0.055764246140651806 0.10708472477064221
0 0.03171536449399657 0.14227146330275228 0.021174325042881647 0.14633312996941894 0.019272091766723842 0.16899860550458715 0.030938832761578047 0.18743262232415903 0.03956015351629503 0.18759992048929663 0.04834724442538593 0.17474322782874618 0.04997025557461406 0.15816693577981653 0.04579046226415095 0.14582044189602447 0.03171536449399657 0.14227146330275228
0 0.7024511749571184 0.4376196666666667 0.7037862915951972 0.4555484633027523 0.7103744425385935 0.4530099204892966 0.7145629073756432 0.43694050764525993 0.707006154373928 0.43237528134556574 0.7024511749571184 0.4376196666666667