0 0.3429155254237288 0.6738229518518518 0.3486326892655367 0.640991337037037 0.33142665254237286 0.4636089407407407 0.34502705932203387 0.42574635925925924 0.37540434463276834 0.40768653703703706 0.4283075282485876 0.7294265925925926 0.4434541723163842 0.7476167407407407 0.45853950847457625 0.7432955111111111 0.4705709858757062 0.7263316999999999 0.4449458587570621 0.5277922333333334 0.5158564435028249 0.38305065555555556 0.5384117909604519 0.3925331777777778 0.5591689124293785 0.509283325925926 0.5821987994350283 0.5224425037037037 0.5902886610169492 0.5079941777777778 0.5759911666666666 0.3751830962962963 0.5978653615819209 0.3904063222222222 0.6129893163841809 0.48554796296296293 0.6388051299435028 0.49825570740740743 0.6359192768361581 0.3767328962962963 0.6716004943502825 0.34467618518518517 0.6441544435028249 0.3303558333333333 0.6643370960451978 0.32145507037037035 0.6829508220338983 0.3334530777777778 0.719145197740113 0.4045358962962963 0.7507554124293786 0.5833377703703704 0.764065209039548 0.6093326703703704 0.7807807768361581 0.6066240481481481 0.7883960960451978 0.588499062962963 0.7650823559322034 0.3858315 0.7796318418079096 0.35532223333333335 0.8093279745762711 0.34300311851851856 0.8403024152542373 0.3736427074074074 0.8741627118644067 0.5258051148148147 0.899503988700565 0.5348362 0.9061702316384181 0.5093579 0.8835149548022599 0.37790112962962963 0.8880764209039548 0.34713356296296294 0.9121393870056497 0.3132059407407407 0.8955691271186441 0.28398582592592597 0.8637069152542373 0.2685042962962963 0.871942081920904 0.22212723333333334 0.8331457033898305 0.21902998518518518 0.8174405254237288 0.2516033 0.8097025847457628 0.22470552592592594 0.7964540988700565 0.2212220074074074 0.7865273898305085 0.2434750851851852 0.7996305677966102 0.27888734074074073 0.7710901327683616 0.2891424111111111 0.7557595649717513 0.20341813333333333 0.729469209039548 0.18703372962962964 0.7268058983050848 0.23250792222222222 0.695272918079096 0.2526317925925926 0.6455394435028249 0.24192292962962963 0.6330947288135593 0.27772146296296296 0.5955153531073446 0.2950715481481482 0.5722175423728814 0.26881834814814815 0.5616709858757062 0.31932350740740745 0.5143102090395479 0.3269979296296296 0.49101239548022596 0.3007447333333333 0.44134022881355933 0.3125472518518519 0.42142550282485874 0.3345420259259259 0.37495249717514123 0.3270583888888889 0.3689674096045198 0.3467959814814815 0.338322197740113 0.3517617851851852 0.32038962994350284 0.33402307407407406 0.3117026101694915 0.29977198888888884 0.2662399943502825 0.3221530407407407 0.21277151129943506 0.3045423037037037 0.17874321751412428 0.2612601333333333 0.14857254802259887 0.2699025925925926 0.15121316666666665 0.3013798962962963 0.19176239830508474 0.3511125074074074 0.18319799717514124 0.36188417777777776 0.12184627118644069 0.3493044037037037 0.07157694915254237 0.3124075111111111 0.029397485875706217 0.2610622888888889 0.02126900847457627 0.17604774444444443 0.0035709802259887005 0.1609082 0.006694853107344633 0.3016699037037037 0.029436104519774013 0.36052516296296294 0.04105435593220339 0.3623960703703704 0.0651173220338983 0.32846845185185186 0.08746605367231639 0.347368337037037 0.1971889463276836 0.3821383740740741 0.26213037288135593 0.43354875555555555 0.28786218926553675 0.5006966148148148 0.3077928446327684 0.6551162037037037 0.3238885706214689 0.680659662962963 0.3429155254237288 0.6738229518518518
0 0.14615446892655368 0.40542229629629634 0.13480414406779662 0.4166454037037037 0.15294332768361582 0.4249667555555555 0.14615446892655368 0.40542229629629634
0 0.4336022937853108 0.28564947777777777 0.44747062429378537 0.2608809185185185 0.4044647005649718 0.247205137037037 0.4033703163841808 0.271780562962963 0.4336022937853108 0.28564947777777777
0 0.5469375734463277 0.2822986407407408 0.5570095903954803 0.2281168222222222 0.522835988700565 0.21676338888888888 0.5203792966101695 0.2528202222222222 0.5094035790960452 0.14574573703703703 0.4808018333333333 0.13348942962962965 0.4704005875706215 0.15206585185185187 0.49299455367231637 0.2610112444444444 0.5469375734463277 0.2822986407407408
0 0.6196623163841808 0.20670380740740743 0.6307447231638419 0.1823866851851852 0.6077148361581921 0.16922750740740738 0.5982626638418079 0.19515724074074076 0.6196623163841808 0.20670380740740743
0 0.9081591468926553 0.21625855555555554 0.901370290960452 0.19671409999999998 0.8849226440677965 0.21251673703703705 0.8849839548022598 0.2350281148148148 0.897076742937853 0.24057567777777777 0.9081591468926553 0.21625855555555554
0 0.9318088813559322 0.20116565555555554 0.9322221129943502 0.18233093333333333 0.918973627118644 0.1788474148148148 0.9169301638418079 0.1960695259259259 0.9318088813559322 0.20116565555555554
0 0.9669701807909604 0.3193352740740741 0.9789403531073447 0.2798600814814815 0.9173820112994351 0.2766976740740741 0.947591302259887 0.36751808888888887 0.9717768813559321 0.3786132185185185 0.9669701807909604 0.3193352740740741
0 0.5314457683615819 0.05208873333333333 0.537905395480226 0.03602779259259259 0.5181359774011299 0.026093833333333333 0.5165670508474576 0.046992599999999995 0.5314457683615819 0.05208873333333333
0 0.4439649209039548 0.1676101851851852 0.44716408192090396 0.14832402962962962 0.4311296694915254 0.14529194814814814 0.4290862033898305 0.16251405925925927 0.4439649209039548 0.1676101851851852
0 0.18788884463276836 0.12277351111111111 0.1829368361581921 0.09542430370370371 0.1627541836158192 0.10432506296296297 0.17280350847457626 0.12709474074074073 0.18788884463276836 0.12277351111111111