0 0.19064130337078652 0 0.18875438523274476 0.1383216457142857 0.19146394060995184 0.2631152957142857 0.18504727849117175 0.32868995285714286 0.1744323467094703 0.36539048 0.1621180971107544 0.3876747342857143 0.13638004093097914 0.4221560128571429 0.10240566051364366 0.4447466485714286 0.09575882182985554 0.46589284142857146 0.09790797993579455 0.4874964585714286 0.1160400706260032 0.54288542 0.1238769390048154 0.6120668942857143 0.1354517239165329 0.6212655671428572 0.14984517174959872 0.62201408 0.161869797752809 0.6384000985714285 0.17621358587479935 0.6892936842857142 0.1843701629213483 0.7355671400000001 0.19173689085072232 0.74884535 0.21836484189406097 0.7616924242857144 0.22937995425361155 0.7823243142857144 0.23005997191011235 0.8339401228571429 0.21746133467094703 0.9507737385714286 0.3654898354735152 0.9584717757142858 0.36441911717495984 0.8896421685714285 0.36784711235955053 0.81961372 0.38223983547351525 0.7057389828571429 0.40603861155698234 0.6453666328571429 0.42596933948635635 0.6148817228571429 0.43779387479935794 0.6026015314285714 0.46655068459069016 0.5883363014285714 0.4925986637239165 0.5639006728571428 0.5070417712680578 0.5145041128571428 0.5257929823434992 0.4753611228571429 0.5326496982343499 0.4499274742857143 0.5374971733547352 0.4000319057142857 0.5618751958266452 0.26231901 0.5737787528089887 0.10103275285714286 0.581085308988764 0.08278645 0.6083128057784912 0.0670089 0.6187479462279294 0.05035808428571428 0.6196574141252006 0.03177911 0.6082624205457464 0.002530722857142857 0.6079176524879615 0 0.19064130337078652 0
0 0.5640867014446228 0.6593168885714286 0.5396477808988763 0.6508820214285714 0.5331807343499197 0.6519785 0.5258042191011236 0.6716539557142857 0.504204260834671 0.7034848514285714 0.5101116348314607 0.7138215885714286 0.5000375264847512 0.9196194771428572 0.5033560200642054 0.96278063 0.6515702231139647 0.9520307357142858 0.6516486556982343 0.9504284671428572 0.6429925778491172 0.94711274 0.6371551629213483 0.9353468514285714 0.6261001773675762 0.9319063700000001 0.6312470634028893 0.8103868642857143 0.6300073731942215 0.7702042714285715 0.6247995906902086 0.7455760142857142 0.6050983138041733 0.7058661399999999 0.590015062600321 0.6864554828571429 0.5640867014446228 0.6593168885714286
0 0.8300842006420547 0.4496344942857143 0.824996760834671 0.4880552628571429 0.8288151500802567 0.5083128942857142 0.8372613507223113 0.51591608 0.8353822423756019 0.52154952 0.8388207495987159 0.5331906571428571 0.8514750072231139 0.5367143057142857 0.8550933057784912 0.52830573 0.8555627199036917 0.4695857457142857 0.8492055048154094 0.4520616642857143 0.8406893451043339 0.44588763142857146 0.8300842006420547 0.4496344942857143
0 0.6540879799357945 0.22914548285714284 0.6557872961476725 0.24356175571428573 0.6639935337078652 0.23969014 0.6628689325842697 0.22172177857142855 0.6540879799357945 0.22914548285714284
0 0.6110174678972713 0.20827938285714287 0.6140061348314607 0.21273317428571428 0.6246112800963082 0.2089863114285714 0.6274999012841092 0.199107 0.624496191011236 0.18677207999999998 0.6116470995184591 0.19541701428571429 0.6110174678972713 0.20827938285714287
0 0.6561814959871589 0.14543613 0.6472606243980737 0.15571813714285715 0.6439522487961477 0.17417236142857143 0.6467310377207063 0.18291360857142858 0.6494947841091493 0.18377373000000002 0.6578258964686998 0.16916268285714287 0.6594650417335474 0.15205444285714284 0.6561814959871589 0.14543613
0 0.6923253322632424 0.19316503 0.684723897271268 0.20924681285714286 0.6859733739967897 0.21647574285714286 0.6994272672552166 0.2200409757142857 0.7127961589085072 0.2171542314285714 0.7165393330658105 0.19800622428571427 0.7109268378812199 0.18983400857142857 0.6923253322632424 0.19316503
0 0.7949284903691815 0.17700892714285715 0.7833988338683788 0.19145363857142858 0.7819996524879615 0.22003667857142858 0.7882169494382023 0.24041906285714285 0.7967180658105939 0.23871196857142857 0.8019205930979133 0.22250543285714286 0.8023102616372392 0.19816826428571427 0.7949284903691815 0.17700892714285715
0 0.9347310947030498 0 0.9347587616372391 0.014494994285714286 0.9394317030497592 0.025483931428571426 0.9507815682182985 0.03108893285714286 0.9591277231139648 0.024359012857142856 0.9603170280898876 0.00006342857142857143 0.9602935168539326 0 0.9347310947030498 0
0 0.8794793025682183 0.07108104571428571 0.8736870168539327 0.08295854285714285 0.8745167383627609 0.09876238142857144 0.8814336260032103 0.10485324714285714 0.8931182431781701 0.09543136 0.8916288033707865 0.07672763142857143 0.8843470778491173 0.06990139857142857 0.8794793025682183 0.07108104571428571
0 0.9103807391653291 0.15220789 0.9133694060995184 0.15666168285714285 0.9201313322632423 0.15772972285714285 0.9248441460674157 0.15152725142857143 0.9253887760834671 0.13221290714285716 0.9129594382022472 0.13228293 0.9103807391653291 0.15220789
0 0.6868324574638844 0.13341858857142858 0.6898910826645265 0.13644323 0.6975775200642055 0.12681342142857144 0.696382959871589 0.11027421285714285 0.6915851436597111 0.11002470857142857 0.6868023707865168 0.11765633285714285 0.6868324574638844 0.13341858857142858
0 0.5806207881219904 0.12502960285714287 0.585868444622793 0.13246645142857144 0.5980728619582665 0.1288027557142857 0.5994321701444623 0.11741112428571429 0.5969482600321028 0.1108343957142857 0.5819800971107544 0.11363797142857143 0.5806207881219904 0.12502960285714287