0 0.2424611331360947 0.49496100000000004 0.28279907692307693 0.506224776119403 0.3186014023668639 0.5734123208955223 0.35211215680473373 0.5909788395522388 0.3408777159763314 0.6078173395522388 0.3535384467455621 0.6025962537313433 0.36684813313609466 0.6258778843283582 0.34673501183431954 0.6864819141791044 0.37397958875739645 0.6839649626865671 0.3028788491124261 0.8013404402985075 0.34945921597633134 0.7551047574626866 0.37341857396449707 0.7103511641791045 0.41850846153846155 0.6751920746268657 0.46709989053254436 0.6917705261194029 0.48075427218934913 0.679165052238806 0.5064441834319526 0.710418697761194 0.534746597633136 0.6778233507462686 0.5736582544378698 0.6774697089552238 0.6077942130177515 0.6459560186567164 0.6223780591715976 0.6486601529850746 0.6314730621301775 0.6143955298507463 0.6560171893491125 0.6208386604477611 0.6607049437869823 0.5971097985074627 0.6831096360946746 0.5861267985074627 0.7168129526627219 0.5356113022388059 0.7640422781065088 0.5178783320895523 0.7514457337278106 0.5004054104477612 0.77434725147929 0.48573022014925377 0.7885626479289941 0.4467385410447761 0.7864232130177514 0.4293124141791045 0.7655090000000001 0.4292188208955224 0.7347628846153846 0.3799982276119403 0.7402279733727811 0.3393840671641791 0.7811911213017751 0.3015676343283582 0.776199100591716 0.2609066791044776 0.731541849112426 0.315067578358209 0.7113407840236686 0.32078269402985077 0.7036483165680474 0.28908181343283584 0.6781105384615385 0.29002307835820895 0.6911801479289941 0.2262208843283582 0.6657945000000001 0.25935705597014924 0.6453771153846154 0.2555712686567164 0.6469959704142012 0.19910666417910447 0.6320674289940829 0.2322896380597015 0.618196724852071 0.23539421268656716 0.6177640887573964 0.21639239925373135 0.6046065325443787 0.2253056828358209 0.5925068165680474 0.20414056343283582 0.5657590650887574 0.20296531716417912 0.5699499970414201 0.18292864925373134 0.558563426035503 0.16757224253731343 0.5166708106508876 0.19007905597014926 0.48977092899408287 0.15670890298507462 0.47006668934911244 0.15873181716417908 0.4663725857988166 0.17507629104477612 0.4969023846153846 0.2147959813432836 0.5053079970414202 0.25230557089552236 0.48929786094674554 0.23798401865671642 0.4551619053254438 0.26949771268656714 0.40507999704142006 0.26399584328358205 0.3582833106508876 0.30073062313432836 0.227461325443787 0.29539520895522386 0.21585843786982248 0.27053789925373134 0.20440767751479288 0.2778754925373134 0.20036887869822487 0.3301070671641791 0.22685987869822485 0.4220583358208955 0.20352572189349113 0.41773172014925375 0.19365338757396452 0.4688816380597015 0.2240952396449704 0.45371241791044775 0.2195596153846154 0.5096361940298508 0.2424611331360947 0.49496100000000004
0 0.09145476035502959 0.31748085447761193 0.10014087869822486 0.3417973432835821 0.08890644082840236 0.3586358432835821 0.10320978106508875 0.374533078358209 0.12952489349112428 0.35670651865671643 0.13970149408284024 0.36994641791044774 0.17455059171597634 0.34424143283582087 0.15363638165680474 0.3441478395522388 0.15618470118343197 0.30299285447761193 0.1751757928994083 0.2951612276119403 0.18057669526627218 0.2772410708955224 0.17601731656804734 0.255581921641791 0.16264344082840237 0.2549942985074627 0.14771489644970415 0.28817726865671645 0.12686487573964497 0.26538967164179106 0.09145476035502959 0.31748085447761193
0 0.7506921568047337 0.5948736305970149 0.7460044023668638 0.6186024925373135 0.770548526627219 0.6250456194029851 0.7506921568047337 0.5948736305970149
0 0.671033674556213 0.642544604477612 0.6832617662721894 0.6183217089552239 0.7302105828402367 0.6137818432835821 0.6850969378698225 0.5713580149253732 0.6772760946745562 0.5850451492537314 0.695706174556213 0.6035997201492537 0.6553040443786982 0.6150299514925373 0.671033674556213 0.642544604477612
0 0.766117523668639 0.5579984626865672 0.799972976331361 0.5396778731343284 0.7796197781065088 0.5131980746268656 0.7669590443786981 0.5184191604477613 0.766117523668639 0.5579984626865672
0 0.263125674556213 0.8412733768656716 0.2172584526627219 0.8933177686567164 0.1906224792899408 0.9432515373134329 0.19425131952662722 0.943924395522388 0.2669719082840237 0.8571238208955224 0.263125674556213 0.8412733768656716
0 0.383595174556213 0.7235910634328359 0.3678892958579882 0.7736593283582089 0.3508213195266272 0.7894161791044776 0.35538070118343196 0.8110753246268657 0.37905954733727815 0.7795148358208955 0.3923454822485207 0.7252135447761193 0.383595174556213 0.7235910634328359
0 0.541467674556213 0.9919183917910448 0.5428787869822486 0.983968802238806 0.5329826923076922 0.9575358059701493 0.516692047337278 0.9564073544776118 0.5058318698224852 0.9924413582089553 0.541467674556213 0.9919183917910448
0 0.8826599260355029 0.6250195559701494 0.9226531775147928 0.6721704365671641 0.9143355059171598 0.6895497649253731 0.927212553254438 0.6938295858208955 0.9300651360946746 0.7170644179104477 0.9678445828402367 0.7362333582089552 0.9812100946745563 0.6369066828358209 0.9409953165680474 0.6358361007462687 0.8834372603550296 0.6081342611940299 0.8826599260355029 0.6250195559701494
0 0.4323887633136095 0.23878489179104478 0.4468204792899408 0.20929411940298506 0.44396789644970414 0.18605928731343283 0.4250409881656804 0.17119690671641793 0.41088977810650884 0.18749457835820896 0.41665913313609465 0.21127023880597015 0.4030047485207101 0.22387571641791043 0.4323887633136095 0.23878489179104478
0 0.09648721005917159 0.2578648880597015 0.09434777218934912 0.24043876119402988 0.08389066568047338 0.24039196641791047 0.07485984911242603 0.2519625858208955 0.09648721005917159 0.2578648880597015
0 0.0859254822485207 0.3807890223880597 0.054057337278106514 0.384340828358209 0.02504177514792899 0.4111274664179104 0.02662019822485207 0.4549397947761194 0.1551743698224852 0.4882370895522388 0.1752233076923077 0.4503270671641791 0.16489457396449705 0.4048922574626866 0.1546537899408284 0.4143463656716418 0.1483876124260355 0.3942629029850746 0.0859254822485207 0.3807890223880597
0 0.2648253934911243 0.5842549291044776 0.2516678372781065 0.5931682089552238 0.27599564497041423 0.5901104328358209 0.2648253934911243 0.5842549291044776
0 0.3541874053254438 0.6310989701492538 0.3564552159763314 0.6031370820895522 0.3289943195266272 0.5961531231343283 0.3257328550295858 0.6314994067164179 0.3541874053254438 0.6310989701492538
0 0.12271185798816568 0.8738947910447761 0.1814561301775148 0.8261302164179104 0.14161500887573963 0.8111742462686568 0.12013978698224852 0.8374668544776119 0.12271185798816568 0.8738947910447761
0 0.1029626272189349 0.032006488805970144 0.10801883431952662 0.04997344029850746 0.11171293491124261 0.03362897388059702 0.1029626272189349 0.032006488805970144
0 0.5054126153846153 0.12933463805970147 0.5067509644970414 0.08606313805970149 0.44919290828402364 0.05836129850746269 0.4302018136094674 0.06619292910447762 0.4299213076923077 0.07938602611940299 0.4109944023668639 0.06452364925373134 0.39364591420118344 0.09347359701492537 0.43072239644970417 0.14008365298507464 0.4380464142011834 0.13008871641791045 0.48080430177514794 0.1455855149253731 0.5054126153846153 0.12933463805970147
0 0.635737775147929 0.13836224626865673 0.6094464171597633 0.23377172761194032 0.636603050295858 0.1763658656716418 0.635737775147929 0.13836224626865673
0 0.6758356479289941 0.06254219776119403 0.6537114615384616 0.0603320932835821 0.6378534556213018 0.07820545149253731 0.648743198224852 0.09725405597014926 0.6696574112426035 0.09734764925373134 0.6889290147928994 0.07632292537313433 0.6758356479289941 0.06254219776119403
0 0.7786832337278107 0.24244569776119404 0.826625701183432 0.23052143656716417 0.7984516597633137 0.21772877611940297 0.7736270266272189 0.22447874626865671 0.7786832337278107 0.24244569776119404
0 0.8192850088757397 0.41837622014925374 0.829285721893491 0.3218382835820896 0.8191091213017752 0.3085983880597015 0.8288530828402366 0.3028364776119403 0.7910634556213019 0.25041771268656715 0.7759185946745563 0.2740997798507463 0.7909350798816568 0.29580572388059706 0.756799124260355 0.3273194179104478 0.7498435562130178 0.3790101679104478 0.7669994792899409 0.4181422313432836 0.7956703461538461 0.4272427014925373 0.8192850088757397 0.41837622014925374