0 0.44565217391304346 0.4875 0.53125 0.3607142857142857 0.5516304347826086 0.3732142857142857 0.5570652173913043 0.4875 0.5774456521739131 0.5035714285714286 0.5869565217391305 0.49107142857142855 0.5896739130434783 0.3625 0.6086956521739131 0.38035714285714284 0.6114130434782609 0.4732142857142857 0.6345108695652174 0.48928571428571427 0.6467391304347826 0.3732142857142857 0.6847826086956522 0.3482142857142857 0.6603260869565217 0.33035714285714285 0.6807065217391305 0.325 0.6970108695652174 0.3392857142857143 0.7228260869565217 0.4125 0.7309782608695652 0.5875 0.7404891304347826 0.6142857142857143 0.7567934782608695 0.6142857142857143 0.7663043478260869 0.5982142857142857 0.7690217391304348 0.4017857142857143 0.7866847826086957 0.375 0.8165760869565217 0.3678571428571429 0.842391304347826 0.4017857142857143 0.8559782608695652 0.5517857142857143 0.8790760869565217 0.5642857142857143 0.8885869565217391 0.5410714285714285 0.8831521739130435 0.4125 0.8913043478260869 0.38392857142857145 0.9184782608695652 0.35535714285714287 0.90625 0.325 0.8777173913043478 0.3053571428571429 0.8913043478260869 0.2625 0.8546195652173914 0.25357142857142856 0.8355978260869565 0.28214285714285714 0.8315217391304348 0.25535714285714284 0.8192934782608695 0.25 0.8070652173913043 0.26964285714285713 0.8152173913043478 0.3053571428571429 0.7866847826086957 0.3107142857142857 0.782608695652174 0.22678571428571428 0.7595108695652174 0.20714285714285716 0.751358695652174 0.25 0.71875 0.2642857142857143 0.6725543478260869 0.24642857142857144 0.65625 0.2785714285714286 0.6182065217391305 0.2892857142857143 0.5991847826086957 0.26071428571428573 0.5828804347826086 0.30714285714285716 0.5366847826086957 0.30714285714285716 0.5176630434782609 0.2785714285714286 0.46875 0.28214285714285714 0.4470108695652174 0.3 0.40353260869565216 0.2857142857142857 0.3953804347826087 0.30357142857142855 0.3654891304347826 0.30357142857142855 0.35054347826086957 0.2839285714285714 0.34646739130434784 0.25 0.30027173913043476 0.2642857142857143 0.2513586956521739 0.2392857142857143 0.22418478260869565 0.19285714285714287 0.19429347826086957 0.19642857142857142 0.19293478260869565 0.22678571428571428 0.22554347826086957 0.28035714285714286 0.21603260869565216 0.2892857142857143 0.15896739130434784 0.26785714285714285 0.11548913043478261 0.225 0.08152173913043478 0.16964285714285715 0.08423913043478261 0.0875 0.06385869565217392 0.06428571428571428 0.036684782608695655 0.06428571428571428 0.02717391304347826 0.09107142857142857 0.06929347826086957 0.2642857142857143 0.08016304347826086 0.26785714285714285 0.10733695652173914 0.2392857142857143 0.12635869565217392 0.26071428571428573 0.2269021739130435 0.3107142857142857 0.2826086956521739 0.36964285714285716 0.29891304347826086 0.4375 0.29891304347826086 0.5875 0.3111413043478261 0.6142857142857143 0.33016304347826086 0.6107142857142858 0.33967391304347827 0.5803571428571429 0.3451086956521739 0.4089285714285714 0.36277173913043476 0.375 0.39402173913043476 0.3625 0.4048913043478261 0.6767857142857143 0.4171195652173913 0.6964285714285714 0.4320652173913043 0.6946428571428571 0.44565217391304346 0.6803571428571429 0.44565217391304346 0.4875
0 0.16304347826086957 0.3339285714285714 0.1793478260869565 0.34464285714285714 0.17527173913043478 0.325 0.16304347826086957 0.3339285714285714
0 0.44157608695652173 0.21428571428571427 0.4375 0.2375 0.46467391304347827 0.25535714285714284 0.48097826086956524 0.23392857142857143 0.44157608695652173 0.21428571428571427
0 0.5584239130434783 0.20357142857142857 0.5516304347826086 0.2375 0.5543478260869565 0.13392857142857142 0.5285326086956522 0.11785714285714285 0.5163043478260869 0.13392857142857142 0.5244565217391305 0.24107142857142858 0.5733695652173914 0.26964285714285713 0.5896739130434783 0.21964285714285714 0.5584239130434783 0.20357142857142857
0 0.6453804347826086 0.17142857142857143 0.6331521739130435 0.19464285714285715 0.6521739130434783 0.20892857142857144 0.6657608695652174 0.1875 0.6453804347826086 0.17142857142857143
0 0.9225543478260869 0.24285714285714285 0.904891304347826 0.25535714285714284 0.9021739130434783 0.2767857142857143 0.9130434782608695 0.2839285714285714 0.9266304347826086 0.2625 0.9225543478260869 0.24285714285714285
0 0.9415760869565217 0.22857142857142856 0.9375 0.24464285714285713 0.9510869565217391 0.2517857142857143 0.9538043478260869 0.23392857142857143 0.9415760869565217 0.22857142857142856
0 0.9864130434782609 0.3339285714285714 0.9279891304347826 0.32142857142857145 0.9456521739130435 0.4125 0.967391304347826 0.42678571428571427 0.970108695652174 0.36964285714285716 0.9864130434782609 0.3339285714285714
0 0.5774456521739131 0.02142857142857143 0.5733695652173914 0.04107142857142857 0.5869565217391305 0.048214285714285716 0.595108695652174 0.033928571428571426 0.5774456521739131 0.02142857142857143
0 0.4796195652173913 0.12142857142857143 0.47554347826086957 0.1375 0.4891304347826087 0.14464285714285716 0.4945652173913043 0.12678571428571428 0.4796195652173913 0.12142857142857143
0 0.22826086956521738 0.04107142857142857 0.23505434782608695 0.06428571428571428 0.25 0.0625 0.24864130434782608 0.03571428571428571 0.22826086956521738 0.04107142857142857