0 0.4894709703264095 0.19200850723140497 0.4764278545994065 0.19735293801652892 0.45993223145400597 0.21292008884297522 0.4401629540059347 0.22043336776859504 0.42703041246290796 0.23491609400826446 0.46243897181008903 0.2565204101239669 0.4964892863501484 0.25419488636363635 0.5107703234421366 0.25938264049586773 0.5242226454005935 0.2550449452479339 0.5352197270029674 0.24466684400826447 0.5241023189910979 0.24164729028925622 0.535408881305638 0.23390223553719008 0.5543803456973294 0.23939945661157025 0.5723133412462909 0.23111186673553719 0.6487048575667655 0.17573502272727273 0.6759878086053412 0.14553041322314048 0.7071530756676558 0.1211337840909091 0.7363617329376855 0.08256519008264462 0.735732471810089 0.06978711363636364 0.7235868976261127 0.06049473243801653 0.7119605534124629 0.05809475723140496 0.6938178041543026 0.062122987603305785 0.6424225534124629 0.055466243801652895 0.6170035059347181 0.03223496694214876 0.6004769836795253 0.02526616632231405 0.59312156231454 0.014656939049586778 0.5574344213649852 0.01295552582644628 0.5410282240356084 0.01938438119834711 0.5265786350148368 0.03998520144628099 0.5147528382789318 0.04083785020661157 0.49471528189910985 0.07576601652892562 0.5011525637982196 0.08598808884297521 0.5335660504451039 0.07963563016528925 0.5530464480712166 0.08451327169421488 0.5646830905044511 0.09442523140495868 0.5634760697329377 0.10642899586776859 0.5383182789317508 0.1250169958677686 0.4894709703264095 0.19200850723140497
0 0.5655118041543027 0.10395068285123968 0.5630462640949555 0.09039829545454546 0.5462102596439169 0.0807964493801653 0.5359112640949555 0.07979036260330578 0.5001346958456973 0.0872272458677686 0.5015823694362017 0.1020187902892562 0.489546821958457 0.09861208057851241 0.4767031587537092 0.10070388533057852 0.4193931350148368 0.16746362190082645 0.4200120949554896 0.1727297138429752 0.4406306854599406 0.18976585433884297 0.46440260534124633 0.20145821177685952 0.4927240237388724 0.18503841219008266 0.5379090727002968 0.12401026239669422 0.5655118041543027 0.10395068285123968
0 0.46430287833827893 0.20308452376033057 0.4196028887240356 0.17172298140495867 0.3793662462908012 0.19813372520661157 0.367461324925816 0.21563665289256198 0.36950735756676556 0.22067032334710743 0.40837872700296735 0.239563902892562 0.46430287833827893 0.20308452376033057
0 0.31535393768545994 0.358832423553719 0.3256426335311573 0.3523265268595041 0.33294655341246293 0.32537583677685955 0.33069076706231454 0.3160828078512397 0.3108802878338279 0.293548152892562 0.377223762611276 0.2714725144628099 0.3897476439169139 0.25923567975206613 0.3543699821958457 0.26016731404958676 0.2869674421364985 0.25343417458677686 0.28565039614243326 0.25955226756198346 0.2699525860534125 0.2621089194214876 0.25141092729970327 0.2726424008264463 0.2497947017804154 0.283639430785124 0.2322503115727003 0.2779097882231405 0.22216106973293767 0.28116305991735535 0.25950563798219584 0.30191537603305785 0.26767947329376857 0.3145380712809917 0.285433615727003 0.32452707438016526 0.29769951928783384 0.3472171095041322 0.31535393768545994 0.358832423553719
0 0.34967955489614244 0.25985784814049584 0.38413907715133533 0.2585390588842975 0.38198301483679525 0.24761971694214877 0.3464747284866469 0.2276417138429752 0.31355230712166177 0.23461375103305784 0.28889314985163206 0.2450701890495868 0.285739821958457 0.250413972107438 0.34967955489614244 0.25985784814049584
0 0.5053476335311573 0.17117526446280992 0.5358733382789318 0.126488576446281 0.5651025979228487 0.10294394834710745 0.5608007759643917 0.08861725 0.5406016913946587 0.08009982747933883 0.4891273145400593 0.09009336363636364 0.49545456973293767 0.09442976446280991 0.4732403516320475 0.1034146229338843 0.4207204821958457 0.16885751239669422 0.37590344065281894 0.20084446074380166 0.3690981513353116 0.2196635888429752 0.3968521127596439 0.2355376146694215 0.4102150074183976 0.2403382138429752 0.4155140964391692 0.23840178925619834 0.47989066172106826 0.19464220144628097 0.5053476335311573 0.17117526446280992
0 0.5307596543026707 0.2636407055785124 0.5227164451038575 0.2719276466942149 0.5509105133531158 0.3113443574380166 0.5661096899109792 0.3169192685950413 0.6423532522255193 0.3023549659090909 0.6426524317507418 0.2974760289256198 0.6135814258160237 0.287720097107438 0.5852394050445104 0.2891159297520661 0.5626951083086054 0.28044377479338845 0.5479842640949555 0.25922531818181815 0.5307596543026707 0.2636407055785124
0 0.6516101913946588 0.2924609989669421 0.5536964940652819 0.26116520454545455 0.5125286572700297 0.27216467045454545 0.49096298071216615 0.30144671280991736 0.5236393694362017 0.336925069214876 0.5232801557863501 0.3856141342975206 0.5905602270029674 0.36682721280991737 0.567661353115727 0.325460757231405 0.6516101913946588 0.2924609989669421
0 0.4825637448071217 0.4080370526859504 0.48104383086053415 0.44079513429752065 0.5694607774480712 0.4346857417355372 0.5514499510385756 0.39037535227272724 0.4825637448071217 0.4080370526859504
0 0.3096140014836795 0.37178268595041325 0.30769745994065284 0.42609228925619835 0.46997940949554895 0.444445520661157 0.5686419540059348 0.4326712675619835 0.5522687729970326 0.392389826446281 0.4723669198813057 0.40540318285123966 0.3096140014836795 0.37178268595041325
0 0.2637203071216617 0.49092312809917354 0.3200251646884273 0.4938542262396694 0.3268982181008902 0.4741911188016529 0.2771471290801187 0.47155689566115705 0.2637203071216617 0.49092312809917354
0 0.6040570237388724 0.3925455041322314 0.6481748486646884 0.3840570940082645 0.6288735059347181 0.35629158574380165 0.5885244925816023 0.36930552685950413 0.5534856839762611 0.3878970382231405 0.5698352017804154 0.4131507169421488 0.6040570237388724 0.3925455041322314
0 0.4425432522255193 0.36946021280991737 0.506072940652819 0.3161641797520661 0.47222595252225513 0.3152353739669422 0.421303853115727 0.3471496952479339 0.4264025519287834 0.3718743202479339 0.4425432522255193 0.36946021280991737
0 0.9313738798219584 0.244153395661157 0.8782898694362017 0.26627943698347106 0.884044474777448 0.29540650826446285 0.9447748991097923 0.2771226993801653 0.9313738798219584 0.244153395661157
0 0.6861100771513353 0.4521931084710744 0.7303860845697329 0.4833725330578512 0.7538271097922848 0.4690807262396694 0.7027877077151335 0.4258549989669422 0.6861100771513353 0.4521931084710744
0 0.6270045178041543 0.20198308367768594 0.6296317922848664 0.24485427066115703 0.6670013456973294 0.22553216219008265 0.6575519421364985 0.17982847417355372 0.6270045178041543 0.20198308367768594