0 0.5719674968253968 0 0.5763422865079365 0.04234925847457627 0.5791426341269842 0.1560984618644068 0.5649636674603175 0.22362976836158194 0.55013745 0.26126611723163845 0.5404876357142857 0.2781234632768362 0.5147259222222222 0.3044184788135593 0.4930839174603175 0.3390876652542373 0.4863547547619048 0.39209423305084745 0.4739442992063492 0.43736295762711863 0.4710412944444444 0.4643962175141243 0.47368163174603173 0.5135848234463277 0.4703134444444444 0.6542618248587571 0.4824965269841269 0.8115799279661016 0.47810091587301584 0.8320407641242938 0.45404314841269844 0.8590775706214688 0.44638200714285714 0.8794329435028247 0.4482327277777778 0.8973484717514124 0.46357265873015874 0.9198202062146893 0.4684041841269841 0.9350849646892656 0.49036096904761906 0.9545698728813559 0.49585604682539686 0.9540573573446328 0.5057486444444445 0.9500262387005649 0.5293103452380952 0.9260638305084745 0.5440030238095238 0.9186406059322034 0.5847509650793651 0.9192698403954802 0.7188357928571429 0.8703763516949152 0.8638472912698414 0.8012329533898305 0.8730010412698411 0.7874500042372881 0.8712882706349208 0.7551169717514123 0.8500204150793651 0.6043730677966102 0.8290461087301588 0.4879766370056497 0.825620569047619 0.42331057485875706 0.8305078341269841 0.38397972033898303 0.8391611071428571 0.35747554943502824 0.8590257769841271 0.3134777062146893 0.8886180611111111 0.27700500282485874 0.8919481539682539 0.25410609463276834 0.8866895404761904 0.23470698587570624 0.8609791547619047 0.1906107697740113 0.8432146388888888 0.1289154152542373 0.8306485849206349 0.12541916242937853 0.816594334126984 0.13114610451977401 0.802535673015873 0.1210774279661017 0.7811563357142857 0.07952474717514124 0.766450423015873 0.03956111016949153 0.7573612373015873 0.030339686440677967 0.7296754150793651 0.030132305084745764 0.7159704555555556 0.015611112994350283 0.7133067119047619 0 0.5719674968253968 0
0 0.36660325 0 0.28102538015873013 0.03487198587570622 0.2821642857142857 0.04589692514124294 0.29103772063492067 0.045153362994350285 0.2984229587301587 0.05363299435028249 0.30963876904761906 0.051934940677966106 0.32252043174603173 0.1687567697740113 0.3296297682539682 0.20607140960451978 0.3382962753968254 0.2269540988700565 0.3632214563492064 0.25557285734463275 0.3806880119047619 0.2671251172316384 0.40979746587301585 0.2811136737288136 0.434713823015873 0.2781411920903955 0.44081779365079365 0.2742177669491525 0.44507104206349213 0.2523788121468927 0.46131648015873017 0.21272802118644066 0.4540736047619048 0.20562650706214688 0.43357330476190475 0.007177576271186441 0.4318223055555555 0 0.36660325 0
0 0.18293358253968256 0.5975941737288135 0.18221294285714287 0.5591123446327684 0.17553510793650795 0.5417276807909605 0.16623458412698414 0.5383368912429378 0.16722671507936507 0.5321880946327684 0.1621838507936508 0.5227539717514124 0.14940645793650795 0.5250883516949153 0.14713746984126985 0.5346297118644068 0.1553167365079365 0.5901780409604519 0.16405221984126983 0.6038519802259887 0.17321038095238095 0.6058646525423729 0.18293358253968256 0.5975941737288135
0 0.3858566111111111 0.726734418079096 0.38209060476190476 0.7139077330508475 0.37470977777777775 0.7212237203389831 0.37844129603174603 0.7376547810734464 0.3858566111111111 0.726734418079096
0 0.43065087380952377 0.7271509533898305 0.4271006182539683 0.7242892542372881 0.41737741587301586 0.7325597330508474 0.41603158333333334 0.7431610451977401 0.42075523253968256 0.7534433079096046 0.4319321428571429 0.7395540098870057 0.43065087380952377 0.7271509533898305
0 0.3961368365079365 0.8065588870056497 0.4032674261904762 0.7928822881355932 0.40375907857142856 0.7740122683615819 0.39978173333333333 0.7670162175141242 0.39697778095238095 0.7674407302259887 0.39105507301587306 0.784933518361582 0.39198264047619047 0.8017890932203391 0.3961368365079365 0.8065588870056497
0 0.3541032150793651 0.7777309717514124 0.35910276825396825 0.7591782302259887 0.35682936825396827 0.752923970338983 0.34327118333333334 0.7555765155367231 0.3307440285714286 0.764271507062147 0.3299331611111111 0.7839896652542372 0.33657209603174604 0.7891830847457627 0.3541032150793651 0.7777309717514124
0 0.25707812142857145 0.8388095014124294 0.26612399523809527 0.8200440593220338 0.2632767317460317 0.792481709039548 0.2542565222222222 0.7760515338983051 0.24627175476190477 0.7814594279661017 0.24361457698412697 0.7990576793785311 0.24681554285714288 0.8221675127118644 0.25707812142857145 0.8388095014124294
0 0.1907417126984127 0.9764227429378531 0.19460677142857144 0.9626406793785311 0.19147919285714285 0.9481177146892655 0.18388261507936507 0.9454687146892655 0.17394807380952382 0.9595698276836159 0.17814117063492063 0.9765308644067797 0.1861993253968254 0.9797098403954801 0.1907417126984127 0.9764227429378531
0 0.14887611825396826 0.9137773290960451 0.1453258619047619 0.9109156299435028 0.13861795079365077 0.9129309618644068 0.13496423095238097 0.9208823898305085 0.13727653015873015 0.9393278954802259 0.14930761984126983 0.933707302259887 0.14887611825396826 0.9137773290960451
0 0.3682096 0.8315821341807909 0.36480170714285715 0.8300985536723164 0.3587711246031746 0.8426088474576271 0.3623602801587302 0.8576617923728814 0.3670450301587302 0.8557528107344632 0.3705563865079365 0.8464232641242937 0.3682096 0.8315821341807909
0 0.47233961746031744 0.7920226228813559 0.46616226031746033 0.7873591793785311 0.4548774746031746 0.7962659844632768 0.45523558888888893 0.8076090889830508 0.4586089944444445 0.8126970466101695 0.47269773174603175 0.8033657274011299 0.47233961746031744 0.7920226228813559