0 0.028764286995515698 0.44955986400000003 0.032898248878923765 0.48556534799999995 0.046318159192825115 0.489565956 0.06670252914798205 0.469562908 0.06697661210762332 0.441558644 0.052611311659192826 0.419555296 0.028764286995515698 0.44955986400000003
0 0.18692219730941703 0.333542192 0.20061619282511212 0.30953854000000003 0.1929021121076233 0.29553640400000003 0.17822357174887893 0.305537928 0.18692219730941703 0.333542192
0 0.27992185201793723 0.457561084 0.24993261883408072 0.427556512 0.23277597085201793 0.46156169199999997 0.23250188565022423 0.48956596 0.23572960986547087 0.503568088 0.25926339686098654 0.505568396 0.2774437466367713 0.481564736 0.27992185201793723 0.457561084
0 0.3723285067264574 0.527571744 0.3942455941704036 0.4655623 0.35717443273542604 0.471563216 0.33320994394618836 0.513569616 0.34419090134529146 0.5375732719999999 0.3723285067264574 0.527571744
0 0.43824773766816144 0.553575704 0.43789534529147983 0.589581192 0.46457854260089687 0.613584848 0.4506496210762332 0.66159216 0.46851673094170404 0.669593376 0.4836651300448431 0.6115845440000001 0.5255358834080718 0.573578752 0.5280531457399104 0.545574488 0.518174197309417 0.523571136 0.4575692511210762 0.527571744 0.43824773766816144 0.553575704
0 0.6404134686098655 0.639588808 0.6289626524663676 0.6635924599999999 0.6090481390134529 0.635588196 0.5808713789237667 0.649590328 0.5950017511210762 0.6955973360000001 0.6173943721973094 0.699597948 0.6333315426008969 0.675594292 0.6363634932735427 0.709599468 0.6475793811659193 0.709599468 0.658912730941704 0.6975976399999999 0.6659555022421524 0.665592764 0.6604846008968609 0.651590636 0.6404134686098655 0.639588808
0 0.7251395224215246 0.5775793640000001 0.7210838699551569 0.53357266 0.7089225896860987 0.515569916 0.6640590403587443 0.51556992 0.6730765829596412 0.6255866720000001 0.6864573385650223 0.633587892 0.7157752645739911 0.617585456 0.7251395224215246 0.5775793640000001
0 0.7858341322869956 0.793612268 0.8085399910313902 0.765608 0.8088923834080718 0.729602516 0.7945662354260089 0.703598556 0.7632009058295964 0.699597944 0.7506872331838566 0.717600688 0.7481308161434977 0.749605564 0.7646218340807175 0.78361074 0.7858341322869956 0.793612268
0 0.5021365919282511 0.901628716 0.5135874080717489 0.877625064 0.49465744170403586 0.863622928 0.48659097085201797 0.88562628 0.5021365919282511 0.901628716
0 0.41282937668161435 1 0.4318541479820628 0.977640296 0.42862642376681614 0.96363816 0.40402978251121074 0.95563694 0.38382334304932736 1 0.41282937668161435 1
0 0.46282734977578477 0.219524828 0.42917968834080716 0.219524828 0.41883088340807173 0.245528788 0.4287098273542601 0.26753214000000003 0.4634986591928251 0.265531836 0.46282734977578477 0.219524828
0 0.4843528856502242 0.19752148 0.48856515695067265 0.225525744 0.5041499349775785 0.237527572 0.5232756748878924 0.231526656 0.5654205134529148 0.165516604 0.4992663542600897 0.1635163 0.4843528856502242 0.19752148
0 0.6478364349775785 0.33954310800000004 0.6241851838565022 0.34954463199999997 0.6294211547085202 0.38755041999999995 0.6498446816143498 0.363546764 0.6519312399103139 0.3795492 0.6664531614349776 0.385550116 0.6710961367713004 0.36954768 0.6478364349775785 0.33954310800000004
0 0.6383881905829597 0.273533056 0.6476741367713005 0.24152817999999998 0.6354345493273543 0.231526656 0.6205210784753363 0.265531836 0.6383881905829597 0.273533056
0 0.7318911793721974 0.231526656 0.6941095560538116 0.19552117200000002 0.6816741928251121 0.205522696 0.7001734551569506 0.263531532 0.7192208878923767 0.265531836 0.7318911793721974 0.231526656
0 0.6226354394618834 0.049498932 0.619446869955157 0.031496188 0.6003602847533632 0.033496496 0.600086201793722 0.06150076 0.6068157331838565 0.06150076 0.6226354394618834 0.049498932