0 0.9012204527824621 0.15337592942942943 0.9196528018549748 0.13104197447447447 0.9233198583473862 0.10869420870870872 0.9166137462057335 0.1053416921921922 0.8639057883642496 0.10336186486486486 0.8604349822934233 0.11069461561561561 0.854101392074199 0.1111176981981982 0.8518266534569983 0.12377123723723725 0.8395516214165262 0.126891496996997 0.8512382563237774 0.13651215615615617 0.8527087217537943 0.15311605105105106 0.860199129005059 0.16101676126126124 0.8711992411467115 0.19088584534534536 0.8804741146711634 0.19136642642642643 0.9012204527824621 0.15337592942942943
0 0.3941796576728499 0.2465536036036036 0.3953172023608769 0.22407477027027028 0.38616007925801016 0.21458518018018016 0.38839556745362563 0.20493464414414414 0.3930624418212479 0.20292268168168168 0.39676874873524454 0.1775719129129129 0.39529828246205734 0.16096801801801802 0.38900394266441823 0.15838809759759762 0.3878275 0.1515658063063063 0.39084728330522767 0.14646346396396398 0.39751414586846545 0.1528189834834835 0.4007105548060709 0.13420312612612614 0.37247416188870147 0.1319887867867868 0.36621907166947726 0.12640586186186187 0.3628071408094435 0.12923410810810812 0.36039467453625634 0.1847022852852853 0.33964868887015176 0.19038865615615616 0.33892291652613826 0.2136400840840841 0.3430210177065767 0.22286754054054053 0.3470010168634064 0.27340813063063063 0.37474713743676225 0.2808558813813814 0.3790611138279933 0.27356681981981984 0.3836691129848229 0.27605936336336334 0.3847870337268128 0.25508203153153153 0.3941796576728499 0.2465536036036036
0 0.7329963988195615 0.3069313123123123 0.7472517942664418 0.313680036036036 0.7641548026981451 0.2792466906906907 0.763488258010118 0.26568948798798797 0.7725083583473862 0.253385460960961 0.7972939232715008 0.22912692342342345 0.8167653406408094 0.22412577027027028 0.8278835548060709 0.21268171771771774 0.8356294401349073 0.16875878228228228 0.8450613136593592 0.15722735135135135 0.8358845649241147 0.14923926276276275 0.8394731214165262 0.13289750300300301 0.8329240092748735 0.11753297447447447 0.8342770767284992 0.11084175075075074 0.8010994123102866 0.09935626726726726 0.639642107925801 0.09023902852852853 0.6337006661045531 0.0929362072072072 0.631484802698145 0.10108524174174174 0.6476813111298483 0.12070595045045045 0.6628383996627318 0.15529798498498498 0.6715245227655987 0.2008236126126126 0.6850933954468803 0.22782076126126125 0.6967604047217538 0.23894292042042042 0.7024270969645868 0.2572667627627628 0.7149176517706577 0.2699341141141141 0.7329963988195615 0.3069313123123123
0 0.45884617959527824 0.49556608258258256 0.4486496357504216 0.5010478183183183 0.43774694435075884 0.5282794804804805 0.4305502065767285 0.5624645015015015 0.42994183136593594 0.6090110480480481 0.4331378870151771 0.6226993183183183 0.44351070404721754 0.6360081966966967 0.45864851939291734 0.6397976051051051 0.46847254047217535 0.6305402717717717 0.46984488111298484 0.6546516741741741 0.4628633136593592 0.7369284324324324 0.46884365345699835 0.7635323783783784 0.5197478726812816 0.7421297072072072 0.5513965497470489 0.7092116741741742 0.5904963844856661 0.6871973558558558 0.5977908946037099 0.6778089534534535 0.5979871450252952 0.6627939384384385 0.6018697242833052 0.6562337837837837 0.623792152613828 0.6573697042042042 0.6285179013490725 0.6508532372372372 0.6411269114671164 0.5899033258258258 0.6584613178752108 0.5547410735735736 0.6586771930860034 0.5382245570570571 0.6416375143338954 0.5185601591591591 0.6140287681281619 0.5006018978978979 0.5904592495784149 0.49637559609609605 0.580458955311973 0.48684231681681683 0.5711055817875211 0.49236774174174175 0.5632034013490725 0.48369443543543544 0.5592030725126476 0.49926359909909906 0.527966521079258 0.5006501006006007 0.5242405893760539 0.5275023708708708 0.5048084215851603 0.5295005225225226 0.49869035497470493 0.5457112132132133 0.49447450337268134 0.5454927672672673 0.4901409013490725 0.5542833303303303 0.4770815741989882 0.5528553963963964 0.4810037554806071 0.5109881111111111 0.47400362057335577 0.49785399099099104 0.45884617959527824 0.49556608258258256
0 0.31225511382799326 0.22052213213213212 0.3086276602023609 0.20756276726726727 0.30437255817875214 0.21034732432432432 0.30429405817875216 0.21635333033033033 0.31225511382799326 0.22052213213213212
0 0.3019607976391231 0.20120724774774776 0.3004707065767285 0.18610485435435434 0.29115658347386175 0.18862727627627626 0.29474478667790893 0.20458964264264262 0.3019607976391231 0.20120724774774776
0 0.40723792748735244 0.3448939189189189 0.3963748381112985 0.33681845045045045 0.39206086172006743 0.344107512012012 0.3948647698145025 0.3555216861861862 0.40723792748735244 0.3448939189189189
0 0.3736095919055649 0.3033347147147147 0.37049168296795953 0.3159445660660661 0.3819235455311973 0.3127806156156156 0.3849629536256324 0.30617677177177177 0.3833943634064081 0.2970803843843844 0.3736095919055649 0.3033347147147147
0 0.3246871458684654 0.20538986036036036 0.32743217959527826 0.22130853903903905 0.339766086846543 0.21368377327327326 0.3398642116357504 0.20617626576576575 0.3356876104553119 0.20295481681681685 0.3246871458684654 0.20538986036036036
0 0.3299024629005059 0.2582482372372372 0.31396072681281617 0.25141213663663664 0.30172494435075886 0.25152939339339336 0.30123467200674536 0.2567628033033033 0.3198625666104553 0.2840220870870871 0.3299217352445194 0.2890508633633634 0.3299024629005059 0.2582482372372372
0 0.3945903726812816 0.34423857957957954 0.39129619139966276 0.3380578168168168 0.38953135075885326 0.3439764444444445 0.3924333844856661 0.34788311111111114 0.3945903726812816 0.34423857957957954
0 0.4034145758853288 0.31464544294294294 0.4001596450252951 0.3054616771771772 0.3987280767284992 0.3181589054054054 0.4034145758853288 0.31464544294294294
0 0.4131982892074199 0.4053034924924925 0.41162969898819557 0.39620710510510515 0.40653142748735244 0.39894797297297296 0.4060019047217538 0.4071843858858859 0.4131982892074199 0.4053034924924925
0 0.40315909865092747 0.36646908858858857 0.39900212141652613 0.36174613813813816 0.39843334907251265 0.37298555405405404 0.4039826433389545 0.36801427927927927 0.41564965345699834 0.37913643993993995 0.41708122091062394 0.36643921021021025 0.41066913153456996 0.3728682972972973 0.4104536087689713 0.3570806876876877 0.40666915430016864 0.35613333483483484 0.40315909865092747 0.36646908858858857
0 0.39186531618887016 0.29451427327327323 0.38708069224283304 0.30553524474474475 0.37313894435075884 0.30706662462462464 0.37406026222596966 0.33340843393393393 0.3746486602023609 0.32066751651651654 0.37853123861720067 0.31410736036036035 0.38443343086003373 0.3144131861861862 0.3870610674536256 0.3070367462462462 0.3896883507588533 0.33196443243243245 0.3930610320404722 0.33213918918918917 0.39433595278246203 0.29914984534534533 0.39186531618887016 0.29451427327327323
0 0.41904231197301856 0.34550556756756756 0.417630720910624 0.32439716816816816 0.4202779822934233 0.3155192267267267 0.417042676222597 0.30483395945945946 0.4122776770657673 0.3143534279279279 0.4051009165261383 0.3147328213213213 0.41259132462057335 0.3226335315315315 0.41321861973018553 0.3391937372372372 0.4119048018549747 0.34288195645645647 0.409865563237774 0.337517478978979 0.4116892790893761 0.32709434684684685 0.407061655143339 0.3261033048048048 0.40470841652613826 0.3447628513513513 0.413473392074199 0.35197834384384385 0.41904231197301856 0.34550556756756756