0 0.6480030422222222 0.49645333050847457 0.6598528133333333 0.46521391949152546 0.5922681377777778 0.40538925847457624 0.5889576533333333 0.3377027923728813 0.5633363555555556 0.3153024279661017 0.5584600377777778 0.28398104237288135 0.5449550244444444 0.28137722033898305 0.53431688 0.3145962838983051 0.5377746622222221 0.3397076101694915 0.51945294 0.35258794067796606 0.4907876688888889 0.3135370593220339 0.48174516 0.33379381355932203 0.48340040222222225 0.3676370466101695 0.4538496222222222 0.42444799576271186 0.41980653333333334 0.4349955974576271 0.41525633333333334 0.5015156991525423 0.3944815511111111 0.48703395762711865 0.3789968933333333 0.5123343983050848 0.38851282 0.5473439957627119 0.41791629999999996 0.5331081822033898 0.39743783111111114 0.5930651525423729 0.3875677022222222 0.5964002881355933 0.39303493111111115 0.6170101144067797 0.38721349777777775 0.6347450211864407 0.4043832 0.6666905762711864 0.40340828 0.692344097457627 0.4252175911111111 0.7279778644067796 0.41156528 0.7679491779661017 0.41342742666666665 0.8060228177966101 0.43866471777777777 0.8433651398305085 0.45680934 0.8496571779661016 0.47773142444444444 0.8215637838983051 0.4964967622222222 0.8405470338983051 0.5436012511111111 0.8007396737288135 0.5639622266666667 0.8067606101694915 0.5782352555555555 0.7794805127118645 0.605659091111111 0.7931489661016949 0.6178051800000001 0.8363482754237288 0.63003896 0.790166906779661 0.6612151777777778 0.7437964152542373 0.6753409088888889 0.7590914533898304 0.69144628 0.746482216101695 0.6926281066666666 0.7250591016949153 0.6701980777777777 0.6767341228813559 0.7032364444444443 0.6684372711864407 0.7021423133333333 0.6004797076271187 0.6480030422222222 0.49645333050847457
0 0.6891124355555556 0.8127312245762711 0.6937222399999999 0.7930166610169491 0.6787986911111111 0.7842027796610169 0.6790354 0.8118359533898305 0.6891124355555556 0.8127312245762711
0 0.665737291111111 0.8134625338983051 0.6526162844444444 0.7959167500000001 0.6482133844444445 0.8198617118644068 0.6552762488888888 0.8275092288135594 0.665737291111111 0.8134625338983051
0 0.7352402866666667 0.6389883940677966 0.7309846866666666 0.620358220338983 0.7144655022222223 0.6245066525423728 0.7201396377777778 0.6493468813559322 0.7352402866666667 0.6389883940677966
0 0.6880148644444445 0.4255956822033898 0.6924177644444444 0.4016507161016949 0.67770112 0.3970672415254237 0.6779378288888889 0.4247004152542373 0.6880148644444445 0.4255956822033898
0 0.3532581 0.5559119491525424 0.3580748111111111 0.5404277923728814 0.33629530444444444 0.5281967966101695 0.33874836444444445 0.555558872881356 0.3532581 0.5559119491525424
0 0.36380855111111116 0.6120735635593221 0.3529038955555555 0.5942566822033898 0.34344758000000003 0.6060526271186442 0.35736640222222227 0.6171172584745762 0.36380855111111116 0.6120735635593221
0 0.37988584000000003 0.7356505466101695 0.38006294 0.7164781822033899 0.3629230422222222 0.7079353940677966 0.36558300666666665 0.7395278813559322 0.37988584000000003 0.7356505466101695
0 0.5012555822222222 0.9378463262711865 0.5054515777777778 0.9096709576271186 0.4858884222222222 0.8971688644067797 0.48674584444444446 0.93749325 0.5012555822222222 0.9378463262711865
0 0.6125167711111111 0.9561550720338983 0.6209683666666667 0.9466098771186441 0.6122800622222222 0.9285218983050848 0.6125167711111111 0.9561550720338983
0 0.6150277199999999 0.8707337033898305 0.6259025711111111 0.8651478177966101 0.61943062 0.8467887415254237 0.6150277199999999 0.8707337033898305
0 0.7992794888888889 0.763082406779661 0.8079379888888889 0.7577676186440678 0.8038892933333334 0.7433678516949153 0.7992794888888889 0.763082406779661
0 0.7641422666666666 0.7056724533898305 0.7641124622222223 0.6822696822033899 0.7451700222222222 0.6824588008474577 0.7476230822222222 0.7098208813559322 0.7641422666666666 0.7056724533898305
0 0.7679771822222223 0.07748585593220339 0.7640757844444445 0.02051094915254237 0.73204214 0.026557050847457627 0.7371551666666667 0.08551161016949152 0.7679771822222223 0.07748585593220339
0 0.826016128888889 0.07889815254237288 0.81954418 0.06053907627118644 0.8056551577777779 0.07287721186440678 0.8159689 0.10140565677966101 0.826016128888889 0.07889815254237288
0 0.8331701266666667 0.3163429745762712 0.8269050777777778 0.30221430084745765 0.817862568888889 0.3224710550847457 0.8249254355555556 0.3301185720338983 0.8331701266666667 0.3163429745762712
0 0.45174732888888885 0.039563207627118645 0.4472848222222222 0.016702631355932203 0.44004485555555556 0.028227478813559324 0.44530517999999997 0.04460689830508474 0.45174732888888885 0.039563207627118645
0 0.6235601333333333 0.1334518686440678 0.6215208844444444 0.11455060169491525 0.6118576577777777 0.12211613983050848 0.6169110777777778 0.13426515677966103 0.6235601333333333 0.1334518686440678
0 0.23100284666666665 0.4495780042372881 0.22591962444444444 0.41402621186440675 0.2140400488888889 0.4218628516949153 0.2179116422222222 0.4554349872881356 0.23100284666666665 0.4495780042372881
0 0.31868542222222224 0.7835656398305085 0.32935337111111107 0.7737493516949153 0.3190694311111111 0.7686236779661016 0.31868542222222224 0.7835656398305085
0 0.3733858022222222 0.8534776906779661 0.3782025111111111 0.8379935381355933 0.3705487355555555 0.8410575720338983 0.3733858022222222 0.8534776906779661