0 0.01815811212121212 0.748939 0.010729975757575757 0.7636277426470589 0.026665515151515155 0.7704261213235294 0.028178042424242426 0.7539139779411765 0.01815811212121212 0.748939
0 0.20479522424242425 0.24240833455882355 0.17244238787878788 0.22300362867647058 0.15361629696969697 0.1813575588235294 0.1274778212121212 0.17896020955882352 0.10718770303030302 0.21232225 0.12076295454545456 0.24857685661764706 0.15891564545454545 0.24524498897058825 0.14321160909090908 0.2875665551470588 0.1689840787878788 0.3087159338235294 0.19911112424242425 0.28970488602941175 0.18631639393939392 0.27444219485294113 0.20479522424242425 0.24240833455882355
0 0.8032781333333334 1 0.8074099333333332 0.9865548198529412 0.7900291151515152 0.9623325955882353 0.7593045575757575 0.9509757169117646 0.7248901848484849 0.9762111948529412 0.722159606060606 1 0.8032781333333334 1
0 0.6627465515151516 0.806137588235294 0.5988213909090909 0.788320080882353 0.5703226272727273 0.8153789595588234 0.5534720727272727 0.8554606470588235 0.5717006515151515 0.8667387904411764 0.5818363363636363 0.8962737463235294 0.6143721787878788 0.9063024411764706 0.6537386393939394 0.8712744669117648 0.6719187181818183 0.8240566470588235 0.6627465515151516 0.806137588235294
0 0.45567053636363636 0.591390705882353 0.41377953030303033 0.5728189669117647 0.40249732424242424 0.541044125 0.4127675090909091 0.5027071029411765 0.3913981181818182 0.4998932720588235 0.35889203636363637 0.6407924963235294 0.3731320424242424 0.6734790330882353 0.41683433636363637 0.6907225919117647 0.44127728181818177 0.7190080955882353 0.41525456363636365 0.7411707242647059 0.40516738181818185 0.770131731617647 0.44531435757575755 0.756095669117647 0.4985548242424242 0.7725062610294118 0.5418426060606061 0.7500058786764706 0.5571806333333333 0.7264363382352942 0.5811418212121212 0.7489138933823529 0.5953333272727274 0.7231044705882352 0.6067312848484849 0.7794392830882353 0.626838396969697 0.7554532573529411 0.6741632575757576 0.7700404485294117 0.7266904575757576 0.7315231397058823 0.7467975727272727 0.7075371176470588 0.7428762484848485 0.6950095183823529 0.7886400787878787 0.667612893382353 0.7917323818181817 0.6006526139705882 0.7674724393939394 0.5629910955882353 0.8131205151515152 0.5110344926470588 0.8494619242424242 0.5090308051470588 0.8039483484848485 0.49311543014705883 0.7773953636363637 0.45097414705882355 0.7451582818181818 0.4561294117647059 0.7225751242424242 0.4850116875 0.723837396969697 0.5118115441176471 0.7474325757575757 0.5530411323529412 0.7429622454545455 0.5686415772058824 0.7252154242424242 0.5631713823529412 0.7112069212121213 0.579604794117647 0.7078831121212121 0.5974451213235294 0.7275569696969697 0.6261471102941176 0.7142132272727273 0.6390124558823529 0.7037787878787879 0.5942935404411764 0.679451593939394 0.5905680073529412 0.670944190909091 0.5690808823529412 0.5881256878787879 0.5435532941176471 0.5727391575757576 0.508626875 0.5286708606060606 0.5101353455882353 0.5157603727272727 0.47031267279411765 0.5624877212121212 0.4545319411764706 0.5979328606060607 0.40697637132352943 0.624553093939394 0.41518166911764703 0.6546801393939393 0.396170625 0.660662993939394 0.3640580330882353 0.6510090696969697 0.34033102205882354 0.6227605575757575 0.3240778970588235 0.5971038393939394 0.32748849999999996 0.5867851515151515 0.3073295588235294 0.5583536393939393 0.3004524448529412 0.5110772848484849 0.3443612169117647 0.49053691212121214 0.4210352573529412 0.44960942121212116 0.41407941176470586 0.4319783515151515 0.43316919117647057 0.4328746212121212 0.4787210772058823 0.41698758484848486 0.5304186580882353 0.43292312424242424 0.5372170404411765 0.45567053636363636 0.591390705882353
0 0.3507583727272727 0.26476151838235296 0.3613758151515151 0.30010442279411764 0.38359296666666665 0.28997417279411764 0.37937289090909093 0.2622626176470588 0.3507583727272727 0.26476151838235296
0 0.37724410606060604 0.34083879411764706 0.3780246212121212 0.36183070220588237 0.39595444545454545 0.3579248823529412 0.3933626484848485 0.3382611617647059 0.37724410606060604 0.34083879411764706
0 0.37651209393939394 0.3783428492647059 0.3825434545454545 0.4047262205882353 0.4011380424242424 0.39725233823529416 0.3955884393939394 0.37667691176470586 0.37651209393939394 0.3783428492647059
0 0.3946734272727273 0.42355698161764704 0.38791005151515145 0.4346776580882353 0.4048091121212121 0.4530919375 0.41060896666666663 0.43035536029411764 0.3946734272727273 0.42355698161764704
0 0.33968892727272726 0.3745385845588235 0.3440920060606061 0.3928741286764706 0.3561062242424243 0.3871449117647059 0.3528496666666667 0.37104925 0.33968892727272726 0.3745385845588235
0 0.3307482666666667 0.40573947426470586 0.3358161090909091 0.42050694852941173 0.34716556363636364 0.41834580147058825 0.34390900303030303 0.40225013970588236 0.3307482666666667 0.40573947426470586
0 0.2950903666666667 0.31174313970588236 0.2935778393939394 0.3282552867647059 0.30788509696969696 0.32700583455882354 0.3069215787878788 0.3153899375 0.2950903666666667 0.31174313970588236
0 0.2902727787878788 0.2536636580882353 0.26998266060606063 0.28702569852941173 0.2628047787878788 0.25840244485294117 0.24143539090909094 0.2555886102941176 0.2343060121212121 0.28546131985294115 0.2784900666666667 0.30851282720588236 0.30632406969696974 0.28502201470588234 0.30572655454545455 0.2546540919117647 0.2902727787878788 0.2536636580882353
0 0.21233911212121212 0.2522795625 0.21082658484848485 0.26879170955882353 0.22446908484848485 0.2711103235294118 0.22417032727272726 0.25592636029411764 0.21233911212121212 0.2522795625
0 0.12961761515151515 0.34374390441176467 0.13335593636363635 0.36564751470588236 0.15720136666666668 0.36356509926470587 0.15002348484848485 0.3349418419117647 0.12961761515151515 0.34374390441176467
0 0.09921056060606061 0.2551390367647059 0.10361364242424241 0.27347458088235294 0.11925042727272726 0.265089 0.11599386363636363 0.2489933382352941 0.09921056060606061 0.2551390367647059
0 0.23254323333333332 0.3452854669117647 0.23398851212121213 0.3627093088235294 0.24829576666666667 0.36145986029411764 0.24570397272727273 0.34179613235294115 0.23254323333333332 0.3452854669117647
0 0.35922828484848485 0.4711125514705883 0.365509896969697 0.4541839227941176 0.3276559606060606 0.47269975 0.3711752515151515 0.4993193235294117 0.37793862727272726 0.4881986433823529 0.35922828484848485 0.4711125514705883
0 0.7241956666666667 0.8288513455882353 0.7268547151515151 0.8145790808823529 0.7216038666666666 0.8091876176470588 0.7086261333333334 0.8033009375 0.7013809999999999 0.8086136654411764 0.6954653939393939 0.806790268382353 0.6900315484848485 0.8107748161764706 0.7000514787878788 0.8157498014705883 0.7092236454545454 0.833668856617647 0.7128462090909091 0.8310124926470588 0.7187618181818182 0.832835893382353 0.7241956666666667 0.8288513455882353
0 0.31874505757575755 0.6548285588235294 0.3028095181818182 0.6480301801470588 0.28946577575757576 0.6608955257352942 0.29139281515151516 0.6841273198529412 0.2971254181818182 0.6953267279411764 0.31191443636363636 0.6998852279411765 0.3259229393939394 0.6834518161764707 0.3242946606060606 0.6754039852941176 0.32628894545454545 0.6646997867647059 0.31874505757575755 0.6548285588235294
0 0.29088129696969695 0.5273914522058823 0.2818248818181818 0.5340323676470587 0.279830596969697 0.5447365624999999 0.2826054 0.5550242794117647 0.29147880909090906 0.5577593750000001 0.30415779090909095 0.5484620955882353 0.3054873151515151 0.541325963235294 0.3009012303030303 0.5323664338235294 0.29088129696969695 0.5273914522058823
0 0.2773733 0.4572008602941176 0.28310590606060604 0.46840027573529414 0.2860637090909091 0.4693119742647059 0.29149755757575757 0.46532742279411765 0.2928270787878788 0.45819129044117646 0.2905340393939394 0.45371152941176474 0.28642971515151516 0.4505599448529412 0.2773733 0.4572008602941176
0 0.27474400909090907 0.6224010367647059 0.2731157303030303 0.6143532095588236 0.263095796969697 0.6093782279411765 0.25929022727272727 0.621410606617647 0.26568759696969696 0.6290419558823529 0.27474400909090907 0.6224010367647059
0 0.2472760121212121 0.6271398235294118 0.2527098606060606 0.6231552757352941 0.2540393848484849 0.616019143382353 0.25174634242424243 0.6115393786764706 0.24287293030303028 0.6088042794117647 0.24136040303030304 0.6253164227941177 0.2472760121212121 0.6271398235294118
0 0.20646427272727275 0.6447439522058823 0.2118981212121212 0.6407594044117647 0.21322764545454545 0.6336232720588235 0.2109346 0.6291435073529412 0.2009146727272727 0.6241685294117647 0.19052873333333334 0.6379455698529412 0.20646427272727275 0.6447439522058823
0 0.13554423636363638 0.5889271764705882 0.12715258181818181 0.5920000257352942 0.12582305757575757 0.5991361580882353 0.13155566363636365 0.6103355698529412 0.13451346666666666 0.6112472683823529 0.13994731515151515 0.6072627205882353 0.14423464242424242 0.6010382867647059 0.1396485606060606 0.5920787573529411 0.13554423636363638 0.5889271764705882
0 0.09539725454545454 0.6029632389705882 0.0899634090909091 0.6069477904411764 0.08863388484848485 0.614083919117647 0.09207344545454545 0.6208035661764706 0.10094685757575758 0.6235386654411765 0.10638070606060605 0.6195541176470588 0.10704546666666667 0.6159860514705882 0.10245938484848485 0.6070265220588235 0.09539725454545454 0.6029632389705882
0 0.12979288181818183 0.6701597169117647 0.1357084909090909 0.6719831139705882 0.1411423393939394 0.6679985661764706 0.13655625757575757 0.6590390330882352 0.13540973333333334 0.6567991507352942 0.1263533212121212 0.6634400698529412 0.12979288181818183 0.6701597169117647
0 0.11757691818181817 0.7776968970588235 0.11117954848484848 0.7700655514705882 0.10526394242424243 0.7682421507352941 0.09428049090909091 0.7516512720588235 0.08540708181818181 0.7489161727941176 0.08407756060606061 0.7560523088235295 0.08733411818181819 0.7721479705882353 0.09487800606060606 0.7820191985294118 0.09354848181818182 0.7891553272058823 0.09698804545454547 0.7958749779411765 0.1088192606060606 0.7995217757352941 0.11787567272727273 0.7928808602941176 0.11757691818181817 0.7776968970588235
0 0.09251771515151515 0.8114754191176471 0.09088943333333334 0.8034275919117647 0.08382730606060607 0.7993643088235294 0.0747708909090909 0.8060052242647059 0.08346129696969698 0.8181163382352942 0.09251771515151515 0.8114754191176471
0 0.044961348484848486 0.7477682794117646 0.044296584848484845 0.7513363419117647 0.050029190909090915 0.7625357573529412 0.055944796969696974 0.7643591580882353 0.06137864545454545 0.760374606617647 0.06107989090909091 0.7451906470588235 0.051059960606060606 0.7402156654411765 0.044961348484848486 0.7477682794117646
0 0.22128304545454544 0.8002303676470588 0.20926883030303028 0.8059595808823529 0.20298721515151516 0.8228882095588235 0.20871982121212118 0.834087625 0.21759323030303032 0.8368227242647058 0.23323001515151517 0.8284371397058824 0.23751734242424244 0.822212705882353 0.2342607818181818 0.8061170477941176 0.22128304545454544 0.8002303676470588
0 0.2794271 0.7483524963235295 0.2927035909090909 0.7694231397058824 0.29861919696969697 0.7712465367647059 0.3024247666666667 0.7592141580882352 0.29964996666666666 0.7489264448529411 0.2955456424242424 0.7457748639705882 0.28256790606060606 0.7398881838235294 0.2794271 0.7483524963235295
0 0.3093711424242424 0.7387174632352941 0.30870638181818183 0.7422855294117647 0.31214594242424243 0.7490051801470589 0.3180615484848485 0.7508285772058824 0.3234953969696969 0.7468440257352941 0.3218671181818182 0.7387961985294117 0.3148049909090909 0.7347329154411765 0.3093711424242424 0.7387174632352941
0 0.38826832121212124 0.751717455882353 0.38434700303030306 0.7391898602941176 0.37728487272727274 0.7351265772058824 0.3700397424242424 0.7404393088235295 0.3605015696969697 0.7412722794117647 0.35144515454545455 0.7479131911764706 0.3501156303030303 0.7550493235294118 0.35651299999999997 0.7626806727941177 0.3637581303030303 0.7573679375 0.3785471484848485 0.7619264375 0.38826832121212124 0.751717455882353
0 0.36478889696969696 0.7350478455882352 0.3702227454545455 0.7310632977941177 0.37753512727272726 0.6918145772058824 0.3752420848484848 0.6873348125000001 0.36932647575757577 0.6855114117647059 0.3679969515151515 0.6926475441176471 0.370289996969697 0.6971273088235295 0.3676309484848485 0.7113995698529412 0.3640083787878788 0.7140559375000001 0.36201409393939393 0.7247601360294118 0.3583915303030303 0.7274165 0.36183109393939394 0.7341361470588236 0.36478889696969696 0.7350478455882352
0 0.3478225909090909 0.7505695588235294 0.3461943090909091 0.7425217279411765 0.33732089696969697 0.7397866286764705 0.33647313333333334 0.7527307095588235 0.34238874242424244 0.7545541066176471 0.3478225909090909 0.7505695588235294
0 0.3431692575757576 0.7755460147058824 0.34183973333333334 0.7826821507352941 0.348237096969697 0.7903134963235294 0.3577752727272727 0.7894805294117647 0.3609160787878788 0.7810162132352941 0.35862303636363635 0.7765364485294118 0.348603103030303 0.7715614669117647 0.3431692575757576 0.7755460147058824
0 0.6973251818181818 0.8639580514705882 0.7061985909090909 0.8666931470588235 0.7080098727272728 0.8653649669117647 0.7034237909090909 0.8564054338235294 0.6963616606060606 0.8523421507352941 0.6938856181818183 0.8572384044117647 0.6973251818181818 0.8639580514705882
0 0.8200294000000001 0.6754017058823529 0.827756287878788 0.6758969227941176 0.8290858121212121 0.6687607867647059 0.8267927696969697 0.6642810220588236 0.8179193575757576 0.6615459264705883 0.8165898333333333 0.6686820588235294 0.8200294000000001 0.6754017058823529
0 0.5841558606060606 0.4725297352941176 0.5898884666666667 0.4837291470588236 0.5928462696969697 0.4846408455882352 0.5982801181818181 0.48065629779411767 0.5989448818181818 0.47708823529411765 0.594358796969697 0.4681287022058824 0.5872966696969697 0.46406541911764704 0.5841558606060606 0.4725297352941176
0 0.23469403636363637 0.7534290294117647 0.24767177272727273 0.7593157095588235 0.2567281878787879 0.7526747977941176 0.25872247575757573 0.7419705992647059 0.24870254242424242 0.7369956176470588 0.2360235606060606 0.7462929007352941 0.23469403636363637 0.7534290294117647
0 0.1923212696969697 0.7290493419117647 0.1916565090909091 0.7326174080882354 0.19509606969696972 0.7393370551470588 0.1980538727272727 0.7402487536764706 0.20348772121212122 0.736264205882353 0.2018594424242424 0.7282163786764706 0.1977551181818182 0.7250647904411764 0.1923212696969697 0.7290493419117647
0 0.14348388484848484 0.7309742977941176 0.14728945151515152 0.7189419154411765 0.13726952121212121 0.7139669338235294 0.13412871515151514 0.7224312463235294 0.13756827575757577 0.7291508970588235 0.14348388484848484 0.7309742977941176
0 0.11064928787878789 0.7057616397058823 0.10750848181818182 0.7142259522058824 0.11457060909090909 0.7182892316176471 0.11771141515151515 0.709824919117647 0.11064928787878789 0.7057616397058823
0 0.49262046969696965 0.8631148125 0.5026404 0.8680897941176471 0.5116968151515151 0.8614488786764706 0.5123615787878788 0.8578808161764706 0.5023416454545454 0.8529058345588235 0.49328523333333335 0.8595467463235295 0.49262046969696965 0.8631148125