0 0.08922280972222223 0.19334318444444445 0.09933145694444444 0.19887620444444445 0.11528305 0.20118688666666665 0.13114502916666665 0.18556281777777778 0.13503435 0.17072317555555555 0.13071487777777777 0.13396331555555557 0.1122361236111111 0.10871482222222222 0.08277048611111111 0.10909652666666667 0.07242883472222222 0.12590774222222223 0.07398814444444445 0.1620740288888889 0.08922280972222223 0.19334318444444445
0 0.09832774166666666 0.48082912666666666 0.1112324 0.47688597555555556 0.11406425833333333 0.45734005777777775 0.11368788055555555 0.34752681555555553 0.10990609999999999 0.33215721555555555 0.10316700000000001 0.32846853555555555 0.09574682083333333 0.3436685822222222 0.09081795416666666 0.39187619111111116 0.09149902777777778 0.45920569555555557 0.09832774166666666 0.48082912666666666
0 0.08637299305555556 0.6921242644444444 0.06843193333333333 0.6882660311111112 0.05574234861111111 0.7180089311111111 0.06719523333333333 0.7339084888888889 0.0891510763888889 0.73079208 0.09827395555555556 0.7114793311111112 0.08637299305555556 0.6921242644444444
0 0.20907479722222222 0.6244550933333334 0.21411119722222224 0.6322564777777778 0.22429154166666668 0.6176500044444444 0.24601438888888888 0.5506596022222222 0.25130171944444446 0.48797275777777777 0.2380385972222222 0.5063951466666666 0.2348841222222222 0.5303505577777777 0.19093658055555554 0.632871351111111 0.20907479722222222 0.6244550933333334
0 0.4042936486111111 0.10209946444444444 0.43845514999999996 0.07585439333333333 0.4536360486111111 0.07911905333333334 0.4573640625 0.06648415555555556 0.4579376013888889 0.07780466888888889 0.47327980694444444 0.07886458444444444 0.47586074166666664 0.04358866 0.4632786986111111 0.04312232 0.4597041763888889 0.034257706666666665 0.41257764583333334 0.03074578 0.36900299444444445 0.05755951777777778 0.34364174722222224 0.15511956666666665 0.33880249583333333 0.2212619222222222 0.34294274027777777 0.22215228444444446 0.3443945166666667 0.20230957777777778 0.3592348763888889 0.17190948444444445 0.3775702472222222 0.15121873333333333 0.38088603055555553 0.12505857777777776 0.39561885 0.12486772666666666 0.4042936486111111 0.10209946444444444
0 0.6258773944444445 0.14863144222222222 0.6247303152777778 0.12599041777777778 0.6123454277777778 0.11324958444444445 0.6099437291666667 0.09817677111111112 0.5917875930555555 0.06851878666666666 0.5652434263888888 0.06728932 0.5292716902777778 0.04163810444444444 0.5136440388888889 0.03827736888888889 0.4862804055555556 0.03623819777777778 0.48208006805555553 0.06396132222222223 0.4778322763888889 0.1794984377777778 0.4878513055555556 0.25331494444444447 0.497511875 0.2553924533333333 0.5112947708333333 0.22028608222222223 0.5169584847222222 0.18119424444444443 0.5363692486111111 0.11706578 0.6059468652777777 0.14322565555555555 0.6207334513888889 0.1710393 0.6258773944444445 0.14863144222222222
0 0.45901294861111114 0.6378945933333333 0.42501275555555557 0.6619349200000001 0.41599741805555557 0.6510384288888889 0.4106025527777778 0.6577162822222222 0.39877327916666666 0.7044399533333333 0.42123096805555554 0.7327835555555555 0.4526143805555556 0.7540888977777779 0.4946979069444445 0.7441037888888888 0.5253285513888889 0.71821912 0.517980063888889 0.7132796733333333 0.5102731152777777 0.7228194644444444 0.5058461 0.7162688444444445 0.5022077083333333 0.6606202555555555 0.4799650944444444 0.6580764066666667 0.47419384583333335 0.6411592533333333 0.45901294861111114 0.6378945933333333
0 0.5457609444444445 0.4964302133333333 0.5755671194444444 0.5297132644444444 0.6033300597222222 0.5334442622222222 0.6178298819444444 0.46937941555555557 0.6052836861111112 0.4588433288888889 0.5942430347222222 0.45646903111111115 0.5908376361111111 0.46469443777777775 0.5885613986111111 0.45748662888888886 0.5428573986111112 0.4498973933333333 0.5371399166666667 0.46098473777777776 0.5457609444444445 0.4964302133333333
0 0.39314542916666667 0.47480734444444445 0.39386235694444444 0.44584886888888886 0.3620667138888889 0.4110182666666667 0.3313823027777778 0.4088984377777778 0.32975129305555556 0.47908987999999997 0.34380303055555556 0.49778775555555554 0.3793983819444444 0.4998439688888889 0.39314542916666667 0.47480734444444445
0 0.6288167861111111 0.18509451555555553 0.6264867749999999 0.23610044222222223 0.6320967152777778 0.25522234 0.6303223222222222 0.27947453777777775 0.6390688166666667 0.23656678222222222 0.6356634263888888 0.15857395555555553 0.6288167861111111 0.18509451555555553
0 0.3348773208333333 0.3323895466666667 0.3358630902777778 0.35723531777777773 0.3519759916666667 0.35734125333333333 0.3554172361111111 0.33904609999999996 0.3402721861111111 0.3257116933333334 0.3348773208333333 0.3323895466666667
0 0.3590914875 0.21218847333333335 0.3525495444444444 0.19622529777777778 0.33880249583333333 0.2212619222222222 0.3438388972222222 0.22906330666666666 0.3382468763888889 0.24801565333333334 0.3445916652777778 0.27625331999999997 0.3555427027777778 0.2606928666666667 0.3590914875 0.21218847333333335
0 0.6811843694444444 1 0.6862640055555556 0.9490991444444444 0.6522157791666667 0.9436962511111111 0.6358519569444444 0.9278603133333334 0.5877104097222222 0.9152680155555556 0.5845380166666666 0.9011491822222222 0.5780856861111111 0.9031207577777778 0.5793403069444445 0.8955525422222222 0.5854700194444444 0.8979904577777778 0.5839644763888889 0.8898286666666667 0.5609870152777777 0.8781690511111111 0.5187063333333334 0.9004286533333334 0.5106767652777778 0.9143779333333334 0.4811394333333333 0.9348991311111111 0.47587003055555555 0.9494419866666667 0.4442177680555556 0.960550628888889 0.4151464416666667 0.9363833488888889 0.41290604999999997 0.9191057911111111 0.41846222499999997 0.9102231933333333 0.3820782569444444 0.8710467155555556 0.34863368333333333 0.8683333133333334 0.2933408069444444 0.8385270755555555 0.27874278888888887 0.9955073444444444 0.29963395416666666 1 0.6275599180555556 1 0.6432618430555556 0.989439311111111 0.6540265625 1 0.6811843694444444 1
0 0.8580716347222223 0.23215645111111113 0.88311025 0.31144236222222227 0.8943122125 0.31161191777777775 0.8959252958333332 0.28956446444444445 0.9158020569444444 0.2669657555555556 0.9354278958333334 0.22863704444444444 0.9369334444444445 0.15058059777777777 0.9328469694444445 0.1284271711111111 0.8540266736111112 0.11147682666666667 0.8537163194444445 0.11924810444444445 0.8580716347222223 0.23215645111111113
0 0.9899225277777778 0.51837076 0.9832192694444444 0.5908305644444445 0.9775017875 0.601917908888889 0.9582164888888889 0.6552882355555556 0.9505453833333334 0.6733814177777777 0.9490219138888889 0.7133636177777778 0.9727879972222223 0.6759252666666666 0.9903143013888889 0.6071226044444444 0.9921033097222223 0.5087478088888888 0.9899225277777778 0.51837076