0 0.7766996592741935 0.8028366203007519 0.786125689516129 0.7847478796992481 0.8447911350806452 0.7734014473684211 0.864493818548387 0.7548742180451128 0.8626110322580646 0.7291616691729323 0.8286845887096774 0.7062902556390978 0.8258716491935484 0.6879867894736843 0.8401299838709677 0.6232646729323308 0.833471943548387 0.5785954586466165 0.8527890766129033 0.5387134323308271 0.8659582016129032 0.5315190714285715 0.8648240342741935 0.5079854022556392 0.8804205504032259 0.4977397105263158 0.8817137762096775 0.4711547067669173 0.897775370967742 0.4572044736842105 0.8831885383064516 0.43498174812030077 0.8710515725806451 0.4502384022556391 0.8673084798387096 0.439344022556391 0.8856954596774194 0.4068710827067669 0.88724975 0.3456387857142857 0.8725609112903225 0.30794468045112783 0.8378063185483872 0.30795372556390976 0.7979479737903226 0.20206125563909774 0.7928096471774194 0.2022805 0.8027681834677419 0.30207935338345865 0.821404131048387 0.3816105902255639 0.8124431774193548 0.39599479323308273 0.7796509032258064 0.39665704511278194 0.7515543508064516 0.4413353082706767 0.7417427741935484 0.4380692556390977 0.7349031975806452 0.4029879962406015 0.7505792419354839 0.3676829661654135 0.7689886995967742 0.37574073684210524 0.772709316532258 0.3461044060150376 0.7610149556451613 0.31712580827067666 0.7281206733870967 0.3023166842105263 0.7155186330645161 0.32127787969924815 0.70692075 0.31648616541353386 0.6967685806451613 0.37292674060150377 0.6560250362903226 0.35550477819548876 0.6338154314516129 0.4021426729323308 0.5824321633064515 0.4043351127819549 0.5847350725806452 0.3452816917293233 0.6447732741935484 0.28229092105263154 0.6634662721774194 0.2962321127819549 0.6952263891129032 0.28750756015037593 0.7058885907258065 0.30842387218045114 0.7083955120967742 0.2803132030075188 0.6804580201612903 0.2748727969924812 0.6664157943548388 0.2238861917293233 0.6362549213709677 0.25243986842105265 0.6225187157258064 0.2478673947368421 0.6115729717741936 0.22106766917293233 0.5742889818548387 0.20865666917293232 0.5524424475806452 0.23611864661654136 0.527862504032258 0.2202178233082707 0.538059627016129 0.24483867293233083 0.5117213790322581 0.2592273947368421 0.5296657600806453 0.2709897067669173 0.5279074556451613 0.30127924812030077 0.5607222096774194 0.34114771052631576 0.5426187721774194 0.37950406766917294 0.4970429193548387 0.40871547744360903 0.49546615322580645 0.42941705639097744 0.5120948306451613 0.42723366165413534 0.5274302822580644 0.4516352631578947 0.5786095362903225 0.4185000676691729 0.5999114657258064 0.41980196616541354 0.5805943286290323 0.459683992481203 0.5528608508064515 0.4851863383458646 0.5568079576612903 0.5270234699248121 0.5959747358870968 0.5651470187969925 0.5615261612903226 0.6115701917293234 0.5564103104838709 0.6523201503759398 0.5340987016129033 0.6834866691729323 0.5344842479838711 0.7048414624060151 0.598628616935484 0.6335691503759399 0.6114346713709677 0.6455507105263157 0.6368427641129032 0.6385710714285714 0.6268721290322581 0.6854236917293233 0.6492857459677419 0.6697285488721805 0.6593808629032258 0.6788780187969925 0.649228691532258 0.7353185939849624 0.5938412620967742 0.7612639511278195 0.5942268104838709 0.7826187481203007 0.6175930584677419 0.8000452330827067 0.660174435483871 0.7621183157894736 0.6714832500000001 0.7697421240601504 0.7031413608870968 0.7455461992481204 0.715765877016129 0.7671157142857143 0.7156863487903226 0.7921750488721804 0.7556017439516128 0.832477477443609 0.763349 0.8196189398496241 0.7822235342741936 0.8239721729323308 0.7766996592741935 0.8028366203007519
0 0.7419934616935484 0.21623977819548873 0.7536082943548387 0.27027771052631583 0.761457556451613 0.2728905563909774 0.7734925120967742 0.242162522556391 0.7503873306451613 0.19008874060150377 0.7419934616935484 0.21623977819548873
0 0.5788152721774193 0.11560916541353383 0.5772955544354839 0.07072070300751879 0.5585230262096774 0.08183884962406016 0.5525790282258065 0.14546926691729323 0.5788152721774193 0.11560916541353383
0 0.5990055060483871 0.1339081090225564 0.5981773588709677 0.15678856766917293 0.6092026310483871 0.15852895112781953 0.619558814516129 0.13303112781954887 0.6099287741935484 0.1201771165413534 0.5990055060483871 0.1339081090225564
0 0.4170409697580645 0.5248807706766917 0.40975879032258067 0.5340347669172932 0.42163468951612904 0.5534254060150376 0.41409144758064514 0.5972266917293233 0.42214472177419354 0.6307822857142856 0.4066502116935484 0.6564993533834587 0.41739194153225806 0.6523563233082706 0.4330679879032258 0.6170513007518797 0.44194940927419357 0.6277264323308271 0.47246846774193546 0.6411003872180451 0.45881667338709675 0.550365030075188 0.4463736915322581 0.5192075526315789 0.4506389173387097 0.46080734586466165 0.4211246592741935 0.47606851879699247 0.4170409697580645 0.5248807706766917
0 0.49409339717741935 0.4810613947368421 0.5117542338709677 0.4869402932330827 0.5068769717741936 0.45251224060150375 0.49409339717741935 0.4810613947368421
0 0.5410299072580645 0.5468571240601504 0.5391471209677419 0.52114457518797 0.5169150383064516 0.5272517593984962 0.5327155685483871 0.5479488233082707 0.5410299072580645 0.5468571240601504
0 0.5415399375000001 0.6242140037593984 0.5203970685483871 0.5727934360902256 0.5016245423387097 0.5839115827067669 0.5259434213709677 0.6344596954887218 0.5415399375000001 0.6242140037593984
0 0.8326541733870968 0.7886581015037594 0.8244418387096775 0.8052211766917293 0.8184528891129033 0.7877901691729323 0.7991132762096774 0.7871414774436091 0.7985911471774193 0.8564360676691729 0.8096388971774193 0.8987071654135338 0.8276628044354839 0.8854101466165414 0.8326541733870968 0.7886581015037594
0 0.8803064455645162 0.6289198045112782 0.8885187762096775 0.6123567293233082 0.8626801834677419 0.5169201503759399 0.8803064455645162 0.6289198045112782
0 0.8562711068548386 0.5842551052631578 0.8572237399193549 0.6173767368421054 0.8736484032258065 0.5842505827067669 0.8641774213709678 0.5212779022556391 0.8404930564516129 0.6040887593984963 0.8562711068548386 0.5842551052631578