0 0.4461932620481928 0.811325242063492 0.4202788403614458 0.8954580198412698 0.3711132048192771 0.9128608253968254 0.3688478343373494 0.9471399841269841 0.4175951204819277 0.9623921984126984 0.5445655602409638 0.9443767777777777 0.4730059186746988 0.9136681428571428 0.46601564156626507 0.8035810873015873 0.4461932620481928 0.811325242063492
0 0.32047236445783134 0.41819499206349203 0.3534686385542169 0.2374309246031746 0.3307328493975904 0.24450819444444444 0.30028768373493975 0.39719928174603175 0.2621481596385542 0.46625216269841274 0.25938787650602413 0.5106526507936509 0.27907764759036147 0.5417696984126984 0.30025214759036145 0.542522742063492 0.3178652078313253 0.5076628571428571 0.34138164457831327 0.49667043253968257 0.32047236445783134 0.41819499206349203
0 0.9853420331325301 0.31479894444444445 0.9759275903614458 0.3164585833333333 0.9612074216867469 0.26805678174603176 0.9279609457831325 0.29729121428571426 0.9146694608433734 0.27992029365079363 0.947665734939759 0.09915622619047619 0.9278433524096386 0.10690038095238096 0.883974093373494 0.28108174999999996 0.8483856777108434 0.3220616507936508 0.9836618283132529 0.3570370515873016 0.9853420331325301 0.31479894444444445
0 0.8051234186746988 0.36333191666666664 0.7386865120481928 0.36040589682539687 0.7253184638554218 0.32050128968253966 0.7030775813253013 0.3174572261904762 0.7146341355421687 0.21366250793650793 0.7051132680722891 0.21557700793650794 0.6721730421686747 0.3349461865079365 0.6270637560240964 0.37784059126984126 0.6350999006024097 0.4062900912698413 0.9008475331325302 0.4179941706349206 0.9345328734939758 0.4400332896825397 0.927277376506024 0.40766863095238093 0.8128738253012048 0.3855752420634921 0.8051234186746988 0.36333191666666664
0 0.5914192951807229 0.480215373015873 0.5647037138554216 0.4843347380952381 0.5492794668674699 0.4623817777777778 0.5398146475903615 0.4029013888888889 0.6032560873493976 0.06944623015873017 0.5879084036144578 0.07002695634920635 0.5231148463855422 0.39498491666666663 0.4626018313253012 0.49985492857142855 0.45586175903614456 0.5412975119047618 0.5019048102409639 0.5395553293650793 0.5586677259036145 0.4993284761904762 0.6158695030120481 0.5103751706349207 0.6150683433734939 0.43036175396825394 0.5914192951807229 0.480215373015873
0 0.8279973192771084 0.6305740555555556 0.8501055903614457 0.6724793174603174 0.9464317048192771 0.6706478134920635 0.9773561596385542 0.5155529444444444 0.9801772379518072 0.4446349126984127 0.9761012289156626 0.4454545357142857 0.9521103975903615 0.5504968650793651 0.916445421686747 0.5689430793650794 0.908123545180723 0.5342874007936508 0.8707646656626505 0.5994251230158729 0.8546363373493976 0.6039210079365079 0.8461052861445783 0.5855928412698413 0.8104403072289157 0.6040390515873015 0.8083841114457831 0.6219906984126984 0.8279973192771084 0.6305740555555556
0 0.23564725 0.7672246190476191 0.2601740180722892 0.8199181031746031 0.2760166144578313 0.8092160436507936 0.2745879337349398 0.7781851547619048 0.3264017560240964 0.8391716309523809 0.34679560843373497 0.8438398333333333 0.3808227319277109 0.810690242063492 0.4149264186746988 0.8000743452380952 0.415344765060241 0.7674193214285714 0.38470544578313254 0.7071858888888889 0.38221038253012046 0.6738639841269841 0.4228039367469879 0.47027586111111114 0.4034764638554217 0.46789868253968253 0.388205343373494 0.4910130952380952 0.3488107801204819 0.6580310436507937 0.3120233734939759 0.735581119047619 0.26954176204819275 0.7729362261904762 0.27435824397590364 0.7105840912698413 0.26611293072289155 0.6984620992063493 0.2502703373493976 0.7091641587301588 0.23564725 0.7672246190476191
0 0.7000780903614457 0.8366892896825396 0.6755157891566265 0.9293192658730159 0.6433356927710843 0.9608447222222222 0.6264836506024096 0.9642334047619048 0.8289637710843374 0.9533637857142857 0.8280028162650602 0.9437546626984127 0.8594938463855423 0.7094260198412699 0.8359774126506024 0.7204184444444445 0.7971543222891566 0.8998487420634921 0.7776942379518071 0.9363327579365079 0.7494173674698795 0.9482824325396826 0.721844578313253 0.9337832619047619 0.7262987620481928 0.8426912619047618 0.7122266325301204 0.8292355 0.7000780903614457 0.8366892896825396
0 0.7892302771084337 0.7486094682539682 0.8037207530120482 0.7294102103174603 0.7807552740963856 0.6688864126984126 0.7387685722891566 0.6961201904761906 0.7096344939759036 0.6894513293650794 0.6928581295180722 0.6590011706349207 0.6791277801204819 0.5903566984126984 0.6928170963855421 0.4911440238095238 0.6850666927710843 0.4689007023809524 0.6594174969879518 0.47531108333333333 0.639120719879518 0.5771051428571429 0.5978380993975904 0.5778900753968254 0.5290032048192771 0.6481044126984128 0.4874348493975904 0.6426831626984126 0.4737250180722891 0.6579672658730159 0.54720825 0.7095854563492064 0.7391308704819277 0.7248600555555555 0.7892302771084337 0.7486094682539682
0 0.45255943674698795 0 0.4219412319277108 0.13847672619047618 0.38024026807228917 0.1719166746031746 0.36275981927710843 0.1679153611111111 0.3478304819277108 0.13584106746031746 0.33284509638554216 0.16516165873015873 0.3145840030120482 0.16507550000000001 0.27421463855421685 0.12308407936507937 0.2810107590361446 0.02024661111111111 0.2698520361445783 0.0074577301587301584 0.23173302710843374 0.1604391865079365 0.2522034487951807 0.1876410753968254 0.3697295813253012 0.19407384523809526 0.47419391566265057 0.25073675396825396 0.49614906024096384 0.24757464285714287 0.5058025421686747 0.20679894444444444 0.46470857831325296 0.10732779365079365 0.4716361536144578 0 0.45255943674698795 0
0 0 0.4563495714285714 0.004074367469879518 0.4542577182539682 0.01892714156626506 0.4637983253968254 0.0174424156626506 0.4941623253968254 0.02909604518072289 0.49682986904761905 0.053602301204819285 0.46559478174603175 0.11769727108433735 0.4802662658730159 0.1267997951807229 0.5110067896825397 0.16907223192771084 0.48997919444444443 0.16221456927710845 0.3410309404761905 0.1967721325301205 0.15243655555555555 0.19115449096385542 0.13477527777777776 0.1705514638554217 0.14643458333333334 0.147703578313253 0.276301623015873 0.12199833132530119 0.34410689285714285 0.04002507831325301 0.4420176865079365 0.004855009036144578 0.45034256349206353 0 0.447403253968254 0 0.4563495714285714
0 0.10531140361445783 0 0.09662937048192771 0.043542845238095235 0.06821988855421687 0.09435371428571428 0.06254619879518072 0.13808732142857144 0.08806278614457831 0.17053813888888888 0.11953880120481927 0.16546152777777778 0.13850397590361446 0.1390988412698413 0.1567617891566265 0 0.10531140361445783 0
0 0 0.8580508531746032 0.19958443975903614 0.9022544285714286 0.15133206325301204 0.876880876984127 0.11635065060240964 0.7849496746031747 0.15309703012048193 0.5395424484126984 0.13696869578313253 0.5440383333333333 0.09517615060240964 0.7841966309523809 0.074935421686747 0.8245958055555556 0.05170472289156627 0.8417944087301588 0.031310867469879516 0.8371262063492063 0.0313669156626506 0.7757313174603175 0.009069984939759036 0.8340821388888889 0 0.831391253968254 0 0.8580508531746032
0 0.22469220481927712 0.42492762698412695 0.19365505120481927 0.4812777896825397 0.23124361445783131 0.483741126984127 0.24003988855421685 0.4243469007936508 0.22469220481927712 0.42492762698412695
0 0.21769240662650602 0.8572732142857142 0.21990173192771084 0.8843889404761905 0.24235178915662653 0.871105496031746 0.23673414457831327 0.8534442103174603 0.21769240662650602 0.8572732142857142
0 0.23184110240963854 0.8932626587301588 0.2319176626506024 0.9157963492063491 0.2528064277108434 0.9103432182539682 0.2508828403614458 0.8894336626984127 0.23184110240963854 0.8932626587301588
0 0.32179444578313254 0.8851962579365079 0.3093601686746988 0.8864438690476191 0.3109980210843374 0.901147246031746 0.32179444578313254 0.8851962579365079