0 0.6590239625 0.44127908888888884 0.6673133166666666 0.44147326666666664 0.6848143041666667 0.4558160111111111 0.6908013041666667 0.4587428111111111 0.6981683583333333 0.44498262222222223 0.6995484083333333 0.42829562222222217 0.6958637541666667 0.42263619444444445 0.6990838708333332 0.38369987222222224 0.6972415416666667 0.3808701611111111 0.6880321625000001 0.39180064444444446 0.6590194458333334 0.39112100555555557 0.6475077166666666 0.4047841111111111 0.6461276666666667 0.42147111111111113 0.6590239625 0.44127908888888884
0 0.8662486083333333 0.3458174666666667 0.8234173041666666 0.3113754777777778 0.7944045833333334 0.31069583333333334 0.7313167083333333 0.3454431833333333 0.7336213125000001 0.36778960555555557 0.7271765499999999 0.39550417222222223 0.7331658166666667 0.42351001666666666 0.76909235 0.4912289166666667 0.8833008833333333 0.49111775 0.9035642333333332 0.4971655333333333 0.9169182874999999 0.4863321444444445 0.9463910208333334 0.48144944444444443 0.953758075 0.46768925 0.9555981416666667 0.44543992222222223 0.9367125833333334 0.39762609444444447 0.8888165666666666 0.37421167222222224 0.8883542916666667 0.35469496666666667 0.8828273083333333 0.3462058333333333 0.8662486083333333 0.3458174666666667
0 0.707819675 0.22785747222222222 0.7064373666666667 0.21946543333333332 0.6940033458333333 0.21917415555555558 0.6912409791666666 0.22746911111111112 0.6944656208333334 0.23869086666666667 0.7096642625 0.25576622777777774 0.7179536125 0.2559604111111111 0.7188736458333334 0.24483574444444445 0.707819675 0.22785747222222222
0 0.7322525624999999 0.5098718055555556 0.7170561791666666 0.5178754833333333 0.715676125 0.5345624833333333 0.7235054583333334 0.540319 0.7336371333333334 0.5433428888888889 0.7451488583333333 0.5296797888888889 0.7400818916666666 0.5156283166666666 0.7322525624999999 0.5098718055555556
0 0.7405486916666667 0.5853031111111111 0.73133705 0.5711545499999999 0.7189030249999999 0.5708632833333334 0.7073913 0.5845263833333333 0.7069312833333333 0.5900887166666666 0.7143005958333333 0.6014075666666666 0.7327216208333333 0.6046256388888889 0.735944 0.5907683499999999 0.7405486916666667 0.5853031111111111
0 0.7313528708333333 0.7467078388888889 0.722141225 0.7325592833333333 0.7097072083333333 0.7322680111111112 0.7028001708333333 0.7404658722222223 0.7014201208333334 0.7571528666666667 0.705104775 0.7628122944444445 0.7235257958333333 0.7660303722222223 0.7304328333333333 0.7578325055555556 0.7313528708333333 0.7467078388888889
0 0.70281825 0.9410982055555555 0.7041983041666667 0.9244112 0.6949866625 0.9102626444444444 0.6866973083333333 0.9100684666666666 0.679790275 0.9182663277777777 0.6779502083333333 0.9405156611111112 0.6816348624999999 0.9461750777777778 0.6957041583333333 0.9492508 0.6959646875 0.9492325944444444 0.70281825 0.9410982055555555
0 0.8441971708333333 0.9388369611111111 0.8441940458333334 0.9388747666666666 0.8777624583333333 0.9365291055555556 0.8824192708333333 0.9285861111111111 0.8814969791666667 0.9146317333333334 0.8649182833333333 0.9142433777777778 0.8441971708333333 0.9388369611111111
0 0.9201768333333333 0.8737395166666666 0.9266261083333334 0.8961830277777778 0.9432048041666667 0.8965713888888889 0.9491895458333333 0.8744191499999999 0.9436625625 0.8659300166666667 0.9270838708333333 0.8655416555555555 0.9201768333333333 0.8737395166666666
0 0.8579976833333334 0.7719669888888889 0.8616823416666667 0.7776264111111112 0.8782610333333333 0.7780147777777778 0.8796410875 0.7613277722222221 0.8741141 0.7528386444444444 0.8593777374999999 0.7552799888888889 0.8579976833333334 0.7719669888888889
0 0.9752265125 0.5595911388888889 0.9694235166666666 0.5544394055555556 0.9583718041666667 0.5625401777777778 0.9574517749999999 0.5736648388888889 0.9689657625 0.5850807722222222 0.9731104333333334 0.5851778666666666 0.9752265125 0.5595911388888889
0 0.96814225 0.6452510611111111 0.9620632458333334 0.6434367222222223 0.9588408666666666 0.6572940111111111 0.9662101791666667 0.6686128555555555 0.96814225 0.6452510611111111
0 0.8607419666666666 0.5630397055555556 0.8538349291666666 0.5712375666666667 0.8524548791666666 0.5879245611111111 0.8561395333333334 0.5935839888888889 0.8621265375 0.5965107888888889 0.869033575 0.5883129277777778 0.870413625 0.5716259333333333 0.8607419666666666 0.5630397055555556
0 0.8165283458333333 0.5202056666666667 0.8202130041666666 0.5258650888888888 0.8262000041666667 0.5287918944444444 0.8331070416666667 0.5205940333333333 0.8321847458333332 0.50663965 0.8174483791666667 0.5090810055555556 0.8165283458333333 0.5202056666666667
0 0.7654144708333334 0.5608066166666666 0.7585074333333334 0.5690044777777777 0.7598897458333334 0.5773965166666666 0.7658767458333333 0.5803233222222222 0.767719075 0.5831530333333333 0.7746261125 0.5749551722222221 0.7737038166666667 0.5610008 0.7654144708333334 0.5608066166666666
0 0.621726425 0.4905633555555556 0.6106747124999999 0.49866412777777774 0.6092946625 0.5153511222222222 0.6171239916666666 0.5211076388888889 0.6231109916666667 0.5240344388888889 0.6300180291666667 0.5158365722222222 0.6313980791666667 0.4991495777777778 0.621726425 0.4905633555555556
0 0.6797337708333333 0.2912902944444445 0.6829561541666667 0.2774330111111111 0.6728244791666668 0.2744091166666667 0.6659174416666667 0.28260697777777777 0.6654574208333333 0.2881693111111111 0.6797337708333333 0.2912902944444445
0 0.7073506166666667 0.1331036388888889 0.7018236333333333 0.12461450555555555 0.6935342875 0.12442032222222223 0.6898496291666666 0.11876089999999999 0.6783379041666666 0.13242400555555556 0.6815625416666666 0.14364575555555556 0.6999835666666667 0.14686383888888888 0.7068906041666666 0.1386659722222222 0.7073506166666667 0.1331036388888889
0 0.5977490333333333 0.15282860555555555 0.6009736708333333 0.16405036666666667 0.6134076916666668 0.16434163333333332 0.6143277291666667 0.15321697222222222 0.6088007458333333 0.14472783333333333 0.6046560708333334 0.14463074444444443 0.5977490333333333 0.15282860555555555
0 0.4246085916666667 0.3131794111111111 0.42092393333333333 0.30751999444444444 0.4140169 0.31571785555555554 0.4130968666666667 0.3268425166666667 0.42737321666666667 0.32996350555555554 0.43428025 0.32176564444444444 0.4347402666666667 0.3162033111111111 0.4246085916666667 0.3131794111111111
0 0.7391415166666667 0.3010416111111111 0.7469708458333333 0.30679812777777776 0.7529578499999999 0.30972493333333334 0.7575625375 0.3042596888888889 0.7782859083333334 0.30474513888888893 0.7851929416666666 0.2965472777777778 0.7856529625 0.29098495 0.780125975 0.2824958111111111 0.7594026083333334 0.2820103611111111 0.7547979166666666 0.2874756 0.7465085708333333 0.28728142222222225 0.7396015333333333 0.29547928333333334 0.7391415166666667 0.3010416111111111
0 0.8118965374999999 0.22472241666666667 0.8155811916666666 0.23038183333333334 0.8215681916666667 0.23330863888888892 0.8284752291666667 0.22511077777777777 0.8275529333333334 0.21115640000000002 0.8128165708333334 0.21359775 0.8118965374999999 0.22472241666666667
0 0.8763735083333334 0.27360423888888885 0.873151125 0.2874615222222222 0.8874274750000001 0.2905825111111111 0.8906498583333333 0.27672522222222223 0.8763735083333334 0.27360423888888885
0 0.3868374708333333 0.21755176111111113 0.38959983333333337 0.2092568111111111 0.38407285 0.2007676777777778 0.3757835 0.20057349444444444 0.37256112083333337 0.21443078333333332 0.3868374708333333 0.21755176111111113
0 0.3172980541666667 0.20477655555555557 0.29657468333333337 0.2042911 0.2896676458333333 0.21248896111111112 0.2928922875 0.2237107222222222 0.31545798333333336 0.22702588333333334 0.32236501666666667 0.21882802222222222 0.3228250375 0.2132656888888889 0.3172980541666667 0.20477655555555557
0 0.29890415000000004 0.5025069777777778 0.2933771666666667 0.49401783888888884 0.27679847083333337 0.49362947777777777 0.2698914333333333 0.5018273388888889 0.26897139999999997 0.5129520000000001 0.27265605833333334 0.5186114277777778 0.28693240416666665 0.5217324166666667 0.29844413333333336 0.5080693111111111 0.29890415000000004 0.5025069777777778
0 0.43845656666666666 0.6729693111111111 0.429244925 0.65882075 0.42510025 0.658723661111111 0.4181932125 0.6669215222222222 0.4172731791666667 0.6780461833333333 0.4209578375 0.6837056111111111 0.4310895125 0.6867295055555556 0.4379965458333333 0.6785316444444445 0.43845656666666666 0.6729693111111111
0 0.39839214166666664 0.6803904444444444 0.40529917499999996 0.6721925833333333 0.4043768833333334 0.6582382055555556 0.39378518749999997 0.6607766444444445 0.3924051375 0.6774636388888889 0.39839214166666664 0.6803904444444444
0 0.3389934333333333 0.7709552944444444 0.3426780916666667 0.7766147166666667 0.3486650958333334 0.7795415166666667 0.35557212916666664 0.7713436555555556 0.3551098541666667 0.7518269499999999 0.3403734875 0.7542682944444444 0.3389934333333333 0.7709552944444444
0 0 0.3862537555555556 0.007845654166666667 0.3814400722222222 0.014752691666666668 0.3732422111111111 0.015672725000000002 0.36211754444444444 0 0.35937958888888893 0 0.3862537555555556
0 0.08428532916666667 0.3107803 0.08152297083333333 0.3190752444444444 0.09165464166666666 0.32209914444444443 0.09441700416666668 0.3138041888888889 0.08428532916666667 0.3107803
0 0.14138846666666666 0.29818519444444447 0.1358614833333333 0.28969605555555555 0.1275721375 0.28950187222222223 0.12066510000000001 0.2976997333333333 0.12204740833333334 0.30609178333333337 0.1280344125 0.3090185888888889 0.13402141666666667 0.3119453833333333 0.14092845 0.30374752222222223 0.14138846666666666 0.29818519444444447