0 0.6471193686635944 0.5614474605263158 0.6366968525345622 0.5610985000000001 0.6107245944700461 0.5064239692982456 0.6421261774193548 0.511837894736842 0.6490411935483871 0.4732910745614035 0.6310448525345622 0.45232990789473687 0.6108699723502304 0.4734672456140351 0.6007382119815668 0.40720484210526314 0.5648682142857143 0.40697332894736843 0.5298250967741935 0.35829657894736844 0.5287528502304147 0.32336016666666667 0.5177942073732719 0.3055430087719298 0.4915198456221198 0.354105697368421 0.47162437557603687 0.34665336403508773 0.4731214101382488 0.3200433771929825 0.45945945391705073 0.2895327456140351 0.44578614976958525 0.2963458859649123 0.44333954608294934 0.3297102938596491 0.4188302834101383 0.36039709649122803 0.42097477880184336 0.43026991228070177 0.35638381336405534 0.5119655 0.37112936866359447 0.5400887675438596 0.3239872718894009 0.6626010921052632 0.32843298847926267 0.7320662280701754 0.3630853617511521 0.730318052631579 0.34398272811059905 0.786391802631579 0.3469541059907834 0.8078193728070175 0.3645483548387097 0.8156793903508771 0.3778195668202765 0.7957650964912281 0.41367821658986176 0.8333203815789474 0.43004349078341014 0.8765244868421052 0.438991668202765 0.8288358815789474 0.46607021658986175 0.8064754956140352 0.4829829631336406 0.8298240307017545 0.5034259032258065 0.817420793859649 0.5551250529953917 0.8433882017543859 0.5728646774193549 0.818291495614035 0.5966810921658986 0.8404169824561404 0.6148228133640553 0.8284214254385965 0.6377123571428571 0.7826537850877193 0.6365060783410138 0.7433503245614035 0.6191912419354838 0.7069006359649124 0.6386959677419355 0.6639280438596491 0.6355905576036865 0.6381334166666667 0.650626870967742 0.6003432368421052 0.6431870783410139 0.5840980789473684 0.6471193686635944 0.5614474605263158
0 0.365073129032258 0.8704713684210525 0.3630513179723502 0.8422893771929825 0.34842844700460834 0.8558569342105263 0.3547846428571429 0.8744894605263158 0.365073129032258 0.8704713684210525
0 0.3907886728110599 0.8790880263157895 0.3974242788018433 0.8691308771929825 0.3909340529953917 0.8461313026315789 0.37888046774193546 0.8680252763157895 0.3907886728110599 0.8790880263157895
0 0.30948708525345625 0.7178594780701755 0.3132853433179723 0.6908418114035088 0.2959591566820276 0.691715894736842 0.29311046313364053 0.711979149122807 0.30948708525345625 0.7178594780701755
0 0.33446652995391707 0.4763311754385965 0.33244471889400923 0.4481491885964912 0.3176878179723502 0.45734969298245615 0.3241780437788019 0.48034926754385965 0.33446652995391707 0.4763311754385965
0 0.6939707050691244 0.5048485833333333 0.6942501152073732 0.47625890789473685 0.6728576082949308 0.49541656140350876 0.6790797718894009 0.5096820350877193 0.6939707050691244 0.5048485833333333
0 0.6798726105990783 0.5732081184210527 0.6932778548387096 0.5576608771929825 0.6825872741935485 0.5485778157894737 0.6728349101382489 0.5700641140350877 0.6798726105990783 0.5732081184210527
0 0.6814582857142858 0.7002602807017544 0.68160366359447 0.6673035570175438 0.6646795737327189 0.6812787982456141 0.6664333225806451 0.7007266842105263 0.6814582857142858 0.7002602807017544
0 0.5730986958525345 0.9389969166666666 0.5706747903225806 0.8977137763157895 0.5515835069124424 0.91646375 0.5582077649769586 0.9438303771929825 0.5730986958525345 0.9389969166666666
0 0.43582951843317974 0.9896601315789473 0.4428525875576037 0.9949264385964913 0.4451688387096774 0.9949007894736842 0.4432806589861751 0.9685815131578948 0.43582951843317974 0.9896601315789473
0 0.42922795622119814 0.887645951754386 0.4240780391705069 0.9083168859649122 0.4357181820276497 0.9106455307017545 0.42922795622119814 0.887645951754386
0 0.23107743317972348 0.8393249298245614 0.22809470967741935 0.8552211315789474 0.23743363133640552 0.8579574561403508 0.23107743317972348 0.8393249298245614
0 0.28618409677419354 0.7878497412280702 0.28646350691244243 0.7592600701754386 0.2669701290322581 0.7649088903508772 0.2688579124423963 0.7887238333333334 0.28618409677419354 0.7878497412280702
0 0.24577054377880184 0.14956237280701754 0.24619533179723505 0.08801597368421052 0.21276058525345623 0.09174383333333334 0.21341939170506913 0.15090286842105263 0.24577054377880184 0.14956237280701754
0 0.16603193317972348 0.1900335394736842 0.17429860599078342 0.15783345175438596 0.1590055806451613 0.14956575877192985 0.1538556612903226 0.17023669298245614 0.16603193317972348 0.1900335394736842
0 0.17557082488479264 0.4254466140350877 0.1822064331797235 0.4154894649122807 0.17124779032258064 0.39767230263157893 0.1659638410138249 0.41397618859649127 0.17557082488479264 0.4254466140350877
0 0.5371118594470046 0 0.5354792419354838 0.014812820175438597 0.5425169423963133 0.01795682894736842 0.5465105944700461 0 0.5371118594470046 0
0 0.37341004147465434 0.16207628947368422 0.37761039170506916 0.14815976754385965 0.36705384331797236 0.14344376315789473 0.3665063732718894 0.16329933333333332 0.37341004147465434 0.16207628947368422
0 0.8100154516129031 0.36573875 0.8112444262672811 0.33039466228070175 0.7983866566820277 0.3260863333333333 0.7960740852534562 0.36381779385964913 0.8100154516129031 0.36573875
0 0.7316717465437789 0.7155139078947368 0.7215172880184332 0.7238990526315789 0.733291465437788 0.7305947412280702 0.7316717465437789 0.7155139078947368
0 0.684675029953917 0.8050695043859649 0.6765537350230415 0.8043128684210525 0.6827758986175115 0.8185783421052631 0.684675029953917 0.8050695043859649