0 0.2741780090609555 0 0.2745115881383855 0.025955362170087978 0.26881461943986823 0.07870317448680351 0.2555605963756178 0.09887169794721408 0.22710878995057662 0.10974495601173019 0.21829511449752884 0.12270128299120235 0.20547679983525535 0.16934621260997068 0.18588903459637562 0.22019033431085042 0.17201502883031303 0.23592903812316715 0.15723616309719934 0.23546778592375367 0.144518313014827 0.24389179472140762 0.12980660461285007 0.3140001275659824 0.10591253542009885 0.36912031524926686 0.10162301976935749 0.39103877859237535 0.10636503212520593 0.4132391187683284 0.13888863673805601 0.43924684164222877 0.16184454036243823 0.4767172038123167 0.17226686820428336 0.5005649838709677 0.17955583607907744 0.5390165322580646 0.17975703542009885 0.6066499897360704 0.16489463097199342 0.7340897038123168 0.1517079003294893 0.8968654618768328 0.15180850082372324 0.9306821906158357 0.1620129744645799 0.9412917668621702 0.20574635667215815 0.9455970117302053 0.4592351754530477 0.9535084736070382 0.49760378253706755 0.9385342536656892 0.5131366746293246 0.9404891950146628 0.5289244925864909 0.9500473856304985 0.5605773558484349 0.9470945234604106 0.5762735650741351 0.9262880000000001 0.5803620156507413 0.9087737302052786 0.5948392166392092 0.8798224457478006 0.5957104967051071 0.8607376114369502 0.5866621787479407 0.8428133372434017 0.5603718509060955 0.8243509369501467 0.5546747471169687 0.8050611011730207 0.5581429439868205 0.6390417126099707 0.5465809777594728 0.49607572434017594 0.5464635881383855 0.4446165997067449 0.5419226408566722 0.4180120659824047 0.5265572347611203 0.376368137829912 0.5165872685337727 0.3246015117302053 0.4923411672158155 0.29738197507331376 0.4643417207578254 0.28033638709677416 0.45345024299835257 0.26676505718475074 0.4360406112026359 0.23387826392961877 0.4175752883031301 0.17008524633431085 0.4139054851729819 0.05235822727272728 0.4162957957166392 0 0.2741780090609555 0
0 0.5568950642504119 0 0.5490100016474465 0.17271720674486804 0.5419724662273476 0.1827886568914956 0.5609571721581549 0.21719476392961876 0.5665872545304778 0.2379526642228739 0.5730886177924218 0.23962573020527858 0.598876215815486 0.23307978739002935 0.6279982380560132 0.2075258870967742 0.6452904802306425 0.1889535542521994 0.6692683599670511 0.15000769794721408 0.6769761120263592 0.12525560703812316 0.6821369077429983 0.08425230791788856 0.6865385370675453 0 0.5568950642504119 0
0 0.8806300189456343 0.38300838856304986 0.8673592067545306 0.38553451466275657 0.8627177932454695 0.3971509017595308 0.8640918031301482 0.4030744090909091 0.8547251663920923 0.41013285483870965 0.848860575782537 0.4305320029325513 0.8503351869851731 0.4702722390029325 0.8608077462932455 0.47500956011730205 0.8701073616144974 0.46941917888563056 0.8783010535420099 0.4520330337243401 0.8835120815485997 0.3919192741935484 0.8806300189456343 0.38300838856304986
0 0.6522786639209226 0.6662372903225806 0.6491453039538715 0.6808410571847507 0.6573976902800659 0.6891844750733138 0.6602880799011532 0.6708977346041056 0.6522786639209226 0.6662372903225806
0 0.6190681902800659 0.7093054633431085 0.6170741968698517 0.6989521363636364 0.606601636738056 0.6942148181818182 0.6031163797364085 0.6985165087976539 0.6025131861614498 0.711729086510264 0.6148037907742998 0.7216686950146627 0.6190681902800659 0.7093054633431085
0 0.63505357907743 0.7553792082111438 0.6431719225700164 0.7666587536656891 0.6471682364085667 0.7601677785923754 0.64715144645799 0.7425253826979472 0.6400552166392092 0.7268672683284457 0.6371480370675453 0.7275116114369501 0.6334617149917627 0.7362174970674487 0.63505357907743 0.7553792082111438
0 0.6785187594728171 0.7038101524926685 0.6847269200988467 0.7209107052785924 0.7034099612850082 0.7259042756598241 0.7099364406919275 0.7180221129032258 0.7079675634266887 0.6981135557184751 0.6945878237232289 0.6940205806451614 0.6804959629324547 0.6965210806451613 0.6785187594728171 0.7038101524926685
0 0.7776142792421746 0.7304254501466275 0.7879947018121911 0.746186064516129 0.7975875197693575 0.7251681964809384 0.7995479341021418 0.7002367287390029 0.7958029176276771 0.683213051319648 0.7872824448105437 0.6807418914956012 0.7789547108731466 0.7010641642228739 0.7776142792421746 0.7304254501466275
0 0.8593506705107083 0.849118793255132 0.8641178006589786 0.8617639032258064 0.8689770675453047 0.8633857184750734 0.8770786210873146 0.8570228680351907 0.8804130453047776 0.838014909090909 0.8693875238879736 0.827379706744868 0.8617300049423393 0.8330213372434018 0.8593506705107083 0.849118793255132
0 0.9182649324546952 0.7833303475073314 0.9140507644151564 0.7765831217008797 0.9070383459637562 0.7770993401759532 0.9035530881383854 0.7814010307917888 0.9042568830313015 0.8020051803519062 0.9169496169686985 0.8031364032258064 0.9182649324546952 0.7833303475073314
0 0.680839668863262 0.8060584325513197 0.6836630370675454 0.7892397565982405 0.6767427561779242 0.7787326803519061 0.6733245205930808 0.7815663079178886 0.6717662347611203 0.7976893900293256 0.6759133805601318 0.8059046818181818 0.680839668863262 0.8060584325513197
0 0.5824730593080725 0.7904920557184751 0.5821881845140033 0.7787219164222874 0.5700735280065897 0.7739333460410557 0.5639910831960461 0.7810942917888564 0.5642759588138385 0.7928644296187682 0.5792977940691927 0.7970086554252199 0.5824730593080725 0.7904920557184751