0 0.9729146241721854 0.8424235820895523 0.940937546357616 0.8346350273631841 0.9190475662251656 0.8442085 0.9147038311258279 0.9349854378109453 0.9572312913907284 0.94817515920398 0.9688106870860927 0.9483777661691543 0.9729146241721854 0.8424235820895523
0 0.8057912235099338 0.8621398009950249 0.7797175728476821 0.8728846293532339 0.7784732301324503 0.9263789751243782 0.8336480496688742 0.9335671865671642 0.8537874850993378 0.9264522039800995 0.8515307367549669 0.8778748457711443 0.8057912235099338 0.8621398009950249
0 0.6971758112582782 0.8029895298507462 0.6480397119205298 0.8108417089552239 0.6392232665562914 0.9102523134328357 0.662189369205298 0.9156324004975125 0.712008048013245 0.9115258482587064 0.7198528741721855 0.8158319253731343 0.6971758112582782 0.8029895298507462
0 0.8874169238410596 0.8274757611940299 0.9028991109271522 0.8551269950248757 0.9162290546357615 0.8528711094527364 0.922315178807947 0.7384780049751244 0.9134579453642384 0.7321002213930348 0.9031473625827814 0.7418763009950248 0.8973013344370862 0.7218610373134328 0.890684534768212 0.721745263681592 0.8842685877483443 0.7378122910447762 0.8822453178807947 0.790048447761194 0.8874169238410596 0.8274757611940299
0 0.5024064288079471 0.895412788557214 0.5154473344370861 0.9006192089552238 0.5719791589403974 0.8941409975124378 0.5832287301324504 0.7960175273631841 0.5130697665562913 0.7910562562189055 0.5024064288079471 0.895412788557214
0 0.36156598178807947 0.792139039800995 0.35547170198675493 0.8853744701492537 0.4209571059602649 0.8827866019900498 0.42832020198675497 0.7995298582089552 0.4146930629139073 0.7880903731343283 0.36156598178807947 0.792139039800995
0 0.24594838741721856 0.74282273880597 0.19923725662251657 0.7308043731343284 0.1923803642384106 0.8650969676616915 0.2218669188741722 0.8730802686567165 0.2650688013245033 0.8688579378109452 0.26812740562913906 0.7257869577114429 0.24594838741721856 0.74282273880597
0 0.25465507284768213 0.9918872487562189 0.25760120198675496 0.9334444402985075 0.19094332947019865 0.9235661840796019 0.18764411754966887 0.9907147437810946 0.25465507284768213 0.9918872487562189
0 0.4244701788079471 0.9948585447761193 0.43081043046357614 0.9489207313432836 0.3476105629139073 0.938753039800995 0.3421212798013245 0.9934176691542289 0.4244701788079471 0.9948585447761193
0 0.4976609950331126 0.9538241144278607 0.49289619205298013 0.9954544278606966 0.5641622500000001 0.9948314776119404 0.5692814668874172 0.9637892039800995 0.4976609950331126 0.9538241144278607
0 0.6329199784768211 0.9661472611940298 0.6281831208609271 0.9942718557213931 0.7034607897350993 0.9936138383084577 0.7045404503311259 0.9761123482587064 0.6329199784768211 0.9661472611940298
0 0.846221963576159 0.9923659328358209 0.8463198857615895 0.9910387064676617 0.7548490198675497 0.9807262935323382 0.7519341605960265 0.9918763383084577 0.7523926605960265 0.9931861144278606 0.846221963576159 0.9923659328358209
0 0.31680774834437087 0.9929747512437812 0.3235764950331126 0.9395770696517414 0.2601306754966888 0.9322441368159203 0.25713387086092715 0.9919306218905473 0.31680774834437087 0.9929747512437812
0 0.11784762913907285 0.9894934950248756 0.12399641721854303 0.921150236318408 0.05889639900662252 0.9137883606965174 0.05387918708609271 0.988374223880597 0.11784762913907285 0.9894934950248756
0 0.18544035596026492 0.9906761815920397 0.18997171026490067 0.9272828656716419 0.1282764370860927 0.9174914427860698 0.12195506125827814 0.9895653656716418 0.18544035596026492 0.9906761815920397
0 0.05896827152317881 0.8478278930348259 0.06354548675496688 0.8578644676616916 0.13058874503311257 0.8577929800995026 0.13687571688741723 0.7595826791044776 0.06992880629139073 0.7571667313432836 0.05896827152317881 0.8478278930348259
0 0.008715263245033113 0.7349381293532339 0.005921223509933775 0.8070737711442786 0.03258111092715232 0.8025620024875623 0.04122117715231788 0.7504416243781095 0.03800096688741722 0.7267386218905473 0.008715263245033113 0.7349381293532339
0 0.04566941721854305 0.6783349253731342 0.04375880794701986 0.7703989975124378 0.06107973013245033 0.7719466268656716 0.06555244205298012 0.7633129626865671 0.06872370695364238 0.6600699004975125 0.04566941721854305 0.6783349253731342
0 0 0.987431487562189 0.018901397350993377 0.987762211442786 0.022600352649006623 0.9106641592039801 0 0.9088282363184079 0 0.987431487562189
0 0.4100342731788079 0.5664770273631841 0.3970978725165563 0.5799408432835821 0.39953915728476824 0.6023856542288557 0.41073316887417216 0.6125380074626865 0.42444849668874174 0.6003323805970149 0.43144252152317875 0.5693407338308458 0.4100342731788079 0.5664770273631841
0 0.3968088344370861 0.5874031517412935 0.40586691556291393 0.6099637388059701 0.42444849668874174 0.6003323805970149 0.4347509221854305 0.5693986218905472 0.5227925695364238 0.518667552238806 0.704111190397351 0.3675145845771144 0.7207413758278145 0.34415891044776115 0.6931899023178808 0.3075845696517413 0.5495161721854305 0.4270376393034826 0.4014742367549669 0.5737946144278607 0.3968088344370861 0.5874031517412935