0 0.1953063710691824 0.31747345810055866 0.20479618710691821 0.3050132444134078 0.21030978301886794 0.3044736634078212 0.219321393081761 0.317707906424581 0.22672694654088052 0.34044381983240224 0.24949049528301884 0.36207438128491615 0.28082865566037735 0.4101040097765363 0.30357388993710693 0.43730329748603347 0.32127915566037735 0.44073989106145256 0.3283896493710692 0.4334830027932961 0.33078728616352204 0.4227109525139665 0.319869981918239 0.39037775837988825 0.3183600778301887 0.37064361731843576 0.2905290896226415 0.3336034497206704 0.2776465683962264 0.3002696662011173 0.2670609536163522 0.2867918226256983 0.24985678773584907 0.2506998659217877 0.21527904481132076 0.2300266648044693 0.18153409040880503 0.19555344972067037 0.1682328860062893 0.16981576396648046 0.08663187735849057 0.08197075558659217 0.045071842767295596 0.029573361731843578 0.014063393081761008 0.0010006424581005587 0.014014415880503143 0.015892715083798883 0.025350994496855347 0.04045017458100559 0.03948040959119497 0.0537800279329609 0.09745302987421384 0.14353975977653632 0.11865173113207547 0.16214235754189946 0.13666121462264152 0.19278738826815645 0.16022550235849056 0.21036320670391062 0.1703878537735849 0.23282932960893857 0.18843396619496855 0.2523369092178771 0.1911083490566038 0.27712638547486035 0.1839566470125786 0.296912906424581 0.18508907547169812 0.3117135125698324 0.1953063710691824 0.31747345810055866
0 0.3543072893081761 0.8128780083798883 0.3291689968553459 0.7950585907821228 0.31863832625786165 0.7648745712290502 0.30805729088050315 0.7500045460893854 0.30606002279874217 0.7587492248603352 0.3114957814465409 0.7818767276536314 0.31368280110062896 0.8351450237430168 0.31954182232704403 0.849284248603352 0.32622905345911946 0.8510156396648044 0.35817362185534596 0.8343697304469274 0.3593930440251572 0.8227188882681564 0.3543072893081761 0.8128780083798883
0 0.08116249371069183 0.7873195530726258 0.07365163128930818 0.7966038142458101 0.07357837185534591 0.8188787178770951 0.07743554795597485 0.8431548016759777 0.07809434748427672 0.8822576829608939 0.08161067688679245 0.8904627821229051 0.08515447720125786 0.8903147918994413 0.09465344968553459 0.8750702150837988 0.10268830581761007 0.8261696829608939 0.09452779952830188 0.7935666997206704 0.08116249371069183 0.7873195530726258
0 0.08225626572327044 0.6941651955307263 0.0739538215408805 0.7047198379888269 0.0739263498427673 0.7130729259776537 0.07822968081761007 0.7213998240223464 0.11872138836477988 0.7395060726256983 0.12778794182389938 0.7360341382681564 0.13767354795597486 0.7229387332402235 0.1424413498427673 0.709747720670391 0.14049902594339622 0.701786220670391 0.08225626572327044 0.6941651955307263
0 0.1363055825471698 0.660046967877095 0.10916086556603774 0.653756593575419 0.10085842216981132 0.6643112332402235 0.10514343789308177 0.6782068575418995 0.12206627987421383 0.680129470670391 0.13586858411949684 0.6732117918994414 0.1363055825471698 0.660046967877095
0 0.043674830188679244 0.6937657164804469 0.051931488993710695 0.6971328896648045 0.05589855110062893 0.6879966201117318 0.056735919025157226 0.6728044245810055 0.04695104245283019 0.6552718365921788 0.016888657232704402 0.6441831703910614 0.01758280110062893 0.6706598589385475 0.031142313679245283 0.6737185558659218 0.043674830188679244 0.6937657164804469
0 0.0465532248427673 0.5368146131284917 0.0637665495283019 0.5701222081005586 0.07202320676100629 0.5734893812849162 0.08072601965408806 0.5609073673184357 0.07449868081761006 0.5390502444134078 0.03963503459119497 0.48559987988826814 0.030195583333333335 0.48274609636871507 0.031259331761006294 0.5184294245810056 0.0465532248427673 0.5368146131284917
0 0.3992005070754717 0.9291677583798883 0.4034946800314465 0.9402790209497207 0.41176049449685537 0.9408618296089385 0.42202815644654085 0.931307780726257 0.4236616839622641 0.9134530223463687 0.4205686179245283 0.8962596424581005 0.40997384591194963 0.8855661634078212 0.40166682232704404 0.8975129860335195 0.3992005070754717 0.9291677583798883
0 0.3874641493710692 0.9064580349162011 0.38240586635220125 0.8882640670391061 0.36981382704402516 0.8863152653631284 0.3614930683962264 0.9024386312849163 0.35267120990566037 0.9512173631284917 0.35461811242138364 0.9577866801675977 0.3597359174528302 0.9578822905027933 0.37437101100628933 0.9371645977653632 0.3798846061320755 0.9366250167597765 0.3858306218553459 0.9243127946927374 0.3874641493710692 0.9064580349162011
0 0.31431261949685535 0.9989070796089387 0.313197463836478 0.9827162583798882 0.3057781737421384 0.9641568896648044 0.2845291077044025 0.960868286312849 0.2785922492138365 0.9703961466480446 0.280100304245283 0.9936122276536312 0.31431261949685535 0.9989070796089387
0 0.2713037130503145 0.7923711019553072 0.2713586564465409 0.7756649231843575 0.2678514850628931 0.7646754622905028 0.2635115259433962 0.7674860153631285 0.2614364213836478 0.7998977793296089 0.23232190880503142 0.7939989944134078 0.2160853396226415 0.8228261759776536 0.219597088836478 0.8324234539106145 0.2337906045597484 0.8262627667597766 0.24317511163522013 0.8458227276536312 0.2553667822327044 0.8497989008379888 0.26329632940251574 0.8329185432960894 0.2713037130503145 0.7923711019553072
0 0.27212531682389934 0.6622630349162012 0.26699377672955976 0.6663439692737431 0.2653510911949686 0.6869830907821228 0.26886284119496856 0.6965803715083799 0.30223947641509435 0.7233356885474861 0.283921197327044 0.6668743980446927 0.27212531682389934 0.6622630349162012
0 0.6087416155660378 0.18297175 0.613831948899371 0.19142044832402236 0.6220886061320754 0.1947876215083799 0.6355592209119497 0.16901459497206703 0.6371973270440251 0.1497676536312849 0.6344634221698113 0.14307653631284917 0.6218622256289308 0.14391209776536312 0.6080049779874214 0.16753595391061452 0.6087416155660378 0.18297175
0 0.5703250117924528 0.13245373882681563 0.5746008702830189 0.1491337248603352 0.5828529496855346 0.15389308100558657 0.5911325007861635 0.1502993463687151 0.6002539976415094 0.1301212346368715 0.6011188372641509 0.10657595111731843 0.5960376619496855 0.09534288826815641 0.5873760558176101 0.09539526815642457 0.5703250117924528 0.13245373882681563
0 0.5438645400943396 0.03782074022346369 0.5269416981132076 0.035898128491620114 0.5264818066037735 0.05602386033519553 0.5347064143081761 0.0691363030726257 0.5398242185534591 0.06923191340782123 0.5461568679245283 0.05906886312849162 0.5438645400943396 0.03782074022346369
0 0.8018731430817609 0.11675225139664804 0.8053574205974844 0.13470262011173184 0.8120492311320754 0.1350418310055866 0.8297957044025158 0.12594879050279328 0.8373340393081761 0.10831144134078212 0.8373615117924529 0.09995835335195531 0.8236370448113207 0.08320894553072626 0.8126190102201257 0.08150374441340782 0.8018731430817609 0.11675225139664804
0 0.8115867877358491 0.27565215782122904 0.7923441462264151 0.26083451256983237 0.7887911886792452 0.2637668659217877 0.7879721360062893 0.27339033659217876 0.7949086407232704 0.31903634497206707 0.7948170683962263 0.34687997206703913 0.7741764371069182 0.3980082472067039 0.7749084960691824 0.4148362248603352 0.7843387893081761 0.42047437150837985 0.7890745393081761 0.417028627094972 0.8137417555031445 0.3386657234636871 0.8115867877358491 0.27565215782122904
0 0.7469381202830189 0.30046908659217875 0.7574733694968553 0.3292609259776536 0.7680864559748428 0.3343856815642458 0.7728313639937108 0.3281555754189944 0.7729641454402515 0.287782311452514 0.7710218215408805 0.27982081424581 0.7647303805031447 0.2774542318435754 0.7489399661949686 0.29033222625698324 0.7469381202830189 0.30046908659217875
0 0.8930234889937106 0.17403868854748603 0.889797643081761 0.1972185726256983 0.8818955676100629 0.20574584217877093 0.8865534819182389 0.22596718296089388 0.8920533411949685 0.22960414664804468 0.9090036548742139 0.2231736689944134 0.9133802444968553 0.20922566480446927 0.9102825990566038 0.19342446787709497 0.8989420338050315 0.17007955446927375 0.8930234889937106 0.17403868854748603
0 0.5483016289308176 0.604020811452514 0.5497291179245283 0.6488142192737429 0.5606784724842767 0.6714021424581006 0.5652951784591195 0.7041531159217878 0.5754621092767296 0.7252270586592179 0.5793238632075471 0.7481109622905029 0.5887587350628931 0.7523569259776536 0.5926983262578617 0.7515737444134079 0.5976309583333334 0.6882641983240223 0.5775306077044025 0.5751150614525139 0.5713994190251572 0.5240221270949721 0.5738428427672956 0.4993282611731843 0.5817998608490567 0.4740948156424581 0.576737 0.4572930279329609 0.5676246595911949 0.4746867765363129 0.5588531666666666 0.5081515111731844 0.5446275998427673 0.524057469273743 0.5437993899371069 0.5364653016759776 0.5563227492138364 0.5592968254189944 0.55626780581761 0.5760030027932961 0.5483016289308176 0.604020811452514
0 0.5450213632075471 0.4043298631284916 0.5388718608490566 0.358805655027933 0.5306472531446541 0.34569321368715084 0.4928711352201258 0.3398468086592179 0.4781856768867924 0.3758784972067039 0.47647889150943395 0.41600815921787715 0.494106320754717 0.44311183519553077 0.5051014614779874 0.45177794553072625 0.5149412822327044 0.4526043547486034 0.5381876155660378 0.44714827932960893 0.544129052672956 0.43622823743016764 0.5450213632075471 0.4043298631284916
0 0.3926806572327044 0.7568332388268156 0.3993221029874214 0.7724864455307262 0.4067871800314466 0.777123998603352 0.4154854143081761 0.7659341675977653 0.4179013655660377 0.7495933896648046 0.40891722798742136 0.7280060586592179 0.4002647798742138 0.7252740754189945 0.39274475943396225 0.7373426983240223 0.3926806572327044 0.7568332388268156