0 0.6740258073394495 0.9288145172413792 0.6666973073394495 0.8596476655172414 0.6223960894495413 0.8730301068965517 0.6248139311926606 0.9417541551724138 0.6740258073394495 0.9288145172413792
0 0.5793279311926606 0.953714124137931 0.5768815435779816 0.9006035344827586 0.5510169701834863 0.8970003275862068 0.5505138784403669 0.8312408068965517 0.5239094724770642 0.8330341137931034 0.53327526146789 0.9658230896551725 0.5793279311926606 0.953714124137931
0 0.3572990114678899 0.8733742379310344 0.364802245412844 0.9800345206896552 0.4154523325688073 0.9773753103448277 0.41468049082568803 0.9675281724137931 0.40062365366972474 0.9365443448275863 0.39529684862385317 0.8685851724137931 0.3572990114678899 0.8733742379310344
0 0.43504069495412845 0.8564010344827586 0.4414757041284404 0.9760090413793103 0.4875604518348624 0.9735895206896551 0.47960825458715595 0.846416551724138 0.43504069495412845 0.8564010344827586
0 0.7665933073394496 0.9044750655172414 0.7624317339449541 0.7755196896551724 0.7198765206422018 0.7815070586206896 0.7190275091743119 0.9169818896551725 0.7665933073394496 0.9044750655172414
0 0.5406888692660551 0.5130351379310345 0.5415766651376147 0.47985580000000005 0.5341487362385321 0.459266948275862 0.49286603899082565 0.46665372068965516 0.5134334266055046 0.7438869344827587 0.536486630733945 0.7412933758620689 0.5214532018348624 0.5198269068965518 0.5406888692660551 0.5130351379310345
0 0.3776296055045872 0.5541755103448276 0.37469986238532105 0.5167979620689656 0.37034964220183486 0.5058038379310345 0.3293332821100918 0.5165885689655173 0.3468229633027523 0.7842270586206896 0.3881056628440367 0.7768402827586207 0.3665025114678899 0.5605692275862069 0.3776296055045872 0.5541755103448276
0 0.4318741788990826 0.48962673793103445 0.42918119036697244 0.514610751724138 0.41926742201834866 0.5068134827586207 0.4104782041284404 0.5281984379310345 0.4268433348623853 0.7666547034482758 0.47268340596330277 0.758069624137931 0.453654871559633 0.485633775862069 0.4318741788990826 0.48962673793103445
0 0.7149344220183487 0.6146090275862068 0.7116791628440368 0.6917607275862069 0.7600642591743119 0.6859744586206896 0.7534945183486239 0.4241346827586207 0.7346731582568807 0.4065415896551724 0.7030970733944953 0.4339180620689655 0.7149344220183487 0.6146090275862068
0 0.8605287110091743 0.8797759379310345 0.8581365711009173 0.7503553103448276 0.813569013761468 0.7603397931034482 0.8127417683486239 0.8923409068965518 0.8605287110091743 0.8797759379310345
0 0.8440501169724771 0.37778230344827585 0.7959905435779816 0.40255692068965515 0.797677373853211 0.5130890551724138 0.8053716513761469 0.6705934655172414 0.8534904105504587 0.6614092344827586 0.8440501169724771 0.37778230344827585