0 0.6656801630434782 0 0.6876266565217392 0.01884789147286822 0.6978023086956522 0.07203093023255815 0.6878275195652175 0.16962363178294573 0.6961808565217392 0.19591082558139533 0.6734480434782608 0.27149334883720927 0.6729920086956521 0.30633456976744183 0.683623695652174 0.3246763875968992 0.6558781521739131 0.4509908798449613 0.6597254608695652 0.48929758139534885 0.6768881695652174 0.5070307441860464 0.7129861413043479 0.4901338062015504 0.7398196195652174 0.4335017519379845 0.8315588695652174 0.31862280232558143 0.8609240478260869 0.23468913953488374 0.8559131369565217 0.11916038372093024 0.8637100086956522 0.10490093023255814 0.8787463804347827 0.11896573255813954 0.9092751565217391 0.11225411627906977 0.9733204456521739 0.036688058139534886 0.9894021021739131 0.05395336046511628 0.9901082934782609 0 0.8225493891304348 0 0.8181964434782608 0.010546131782945736 0.8197147347826087 0.06066945736434109 0.8321687347826087 0.10590712015503877 0.8291810021739131 0.16804994573643411 0.8041698391304347 0.2515778488372093 0.7698435130434783 0.2992418798449612 0.7515162934782609 0.28741702713178297 0.731063647826087 0.18879344186046512 0.7203812913043478 0.17432287209302327 0.7326851 0.0649135503875969 0.7218273695652174 0 0.6656801630434782 0
0 0.6022762108695652 0 0.5968999043478261 0.13943227131782945 0.6078356130434782 0.13454660465116278 0.6147213282608696 0.10683922868217054 0.6238331760869565 0 0.6022762108695652 0
0 0.5656128913043479 0.037951860465116276 0.5716878804347826 0.07218443023255813 0.5814590782608696 0.07320707751937985 0.5893572934782608 0.05120513178294574 0.5798901173913044 0.026955 0.5656128913043479 0.037951860465116276
0 0.2068120043478261 0.040457655038759685 0.17532139782608694 0.037592596899224805 0.17602987391304348 0.06652550387596899 0.21460796521739128 0.10932856201550388 0.2400235804347826 0.0779610542635659 0.26179365652173914 0.07593221705426356 0.2696412 0.05780151550387597 0.24723341956521738 0.007691697674418605 0.18324494565217392 0.01365501937984496 0.19952183260869566 0.016004643410852712 0.2068120043478261 0.040457655038759685
0 0.15304461739130434 0.07833389534883721 0.15431046739130436 0.06468308914728682 0.1424129304347826 0.05999207751937985 0.14327341956521739 0.0773112480620155 0.15304461739130434 0.07833389534883721
0 0.10023997173913043 0.0426564496124031 0.09507613913043479 0.021871802325581394 0.0851529304347826 0.03246289534883721 0.0914306 0.05121047674418605 0.10023997173913043 0.0426564496124031
0 0.024574586956521736 0.02844210465116279 0.019690691304347824 0.050163135658914726 0.03037304782608696 0.06463370542635659 0.04454893043478261 0.061379341085271315 0.05027013695652174 0.03958027519379845 0.030975363043478258 0.027845589147286822 0.024574586956521736 0.02844210465116279
0 0 0.07995008914728682 0.007033097826086956 0.10354082945736434 0.031840667391304346 0.11862827519379845 0.047181063043478265 0.10946560077519381 0.04211857173913043 0.08093845736434108 0 0.07909904263565891 0 0.07995008914728682
0 0.4890629347826087 0.07215150775193799 0.48182343260869565 0.0438272480620155 0.4696218760869565 0.06236371705426357 0.47372253913043477 0.08131418604651162 0.4890629347826087 0.07215150775193799
0 0.3578860130434783 0.04377786434108527 0.3370270934782609 0.05925462015503876 0.33662173043478266 0.09022459689922481 0.3451270804347826 0.1048980503875969 0.36147997173913043 0.1014407984496124 0.3671505065217391 0.08351298062015504 0.3578860130434783 0.04377786434108527
0 0.2623501217391304 0.11647886821705426 0.2528322760869565 0.09609998449612403 0.2406813847826087 0.11076520930232558 0.24913606521739132 0.1293099069767442 0.2623501217391304 0.11647886821705426
0 0.13193234782608695 0.11316688372093023 0.11360513043478261 0.10134203100775194 0.1101116 0.11906696899224806 0.12079395652173912 0.13353753875968993 0.13193234782608695 0.11316688372093023
0 0.1622077739130435 0.12581150387596898 0.16514392391304347 0.15067028294573645 0.14145019347826085 0.13354576744186047 0.11811024565217391 0.17245288372093023 0.12185621521739132 0.21850208139534882 0.13279192391304348 0.21361641860465116 0.14529750652173914 0.17185246511627908 0.1645358804347826 0.1971252403100775 0.18412894999999999 0.1952992906976744 0.19405215869565218 0.18470819767441862 0.19663453043478263 0.15353534108527134 0.17724414347826087 0.1398763062015504 0.17430798913043477 0.11501752713178294 0.1622077739130435 0.12581150387596898
0 0.04637033478260869 0.1714055465116279 0.04556052173913044 0.15021513178294574 0.03351097173913043 0.15713786046511627 0.035434628260869565 0.17629120930232559 0.04637033478260869 0.1714055465116279
0 0.02343575217391304 0.1793426937984496 0.02697995 0.15774651162790698 0.01508241304347826 0.15305549999999998 0.01148754347826087 0.17852293023255816 0.02343575217391304 0.1793426937984496
0 0.05872299565217392 0.2243857015503876 0.05573617173913044 0.20339816666666666 0.043686623913043475 0.21032089922480618 0.04996429347826087 0.22906848449612402 0.05872299565217392 0.2243857015503876
0 0.5516387782608696 0.1088516046511628 0.5487026239130435 0.08399282170542637 0.5344253978260869 0.09498968217054264 0.5384753913043479 0.11781139534883721 0.5516387782608696 0.1088516046511628
0 0.5525996956521739 0.2015586395348837 0.5632313804347826 0.21990045736434108 0.6123407282608696 0.20565746124031006 0.6202896130434782 0.17978426356589147 0.5582702326086957 0.18363082170542636 0.5525996956521739 0.2015586395348837
0 0.5556371913043479 0.21867492248062015 0.5401954565217392 0.2355800930232558 0.5206530586956521 0.23353479844961242 0.5038441326086956 0.2718332713178294 0.5033881 0.306674488372093 0.5226264739130435 0.3319472674418604 0.5468775804347826 0.30648806589147287 0.5556371913043479 0.21867492248062015
0 0.5517373891304348 0.3505001976744186 0.5575092652173914 0.32482988372093025 0.5411563739130435 0.32828713565891476 0.5419661891304348 0.3494775465116279 0.5517373891304348 0.3505001976744186
0 0.5136650913043478 0.3521150348837209 0.48455417608695656 0.33356210077519377 0.4719988347826087 0.29606693410852714 0.446785902173913 0.3119494573643411 0.4473930369565217 0.3486248604651163 0.4981220152173913 0.3767626976744186 0.5079438847826087 0.3739140968992248 0.5136650913043478 0.3521150348837209
0 0.4423812152173913 0.31622647286821703 0.43271135652173914 0.3074613333333333 0.41261158478260873 0.3479997519379845 0.38638615217391303 0.3581768449612403 0.3785892804347826 0.3724362984496124 0.3827406130434783 0.38751552325581395 0.4187879152173913 0.3744898255813954 0.4423812152173913 0.31622647286821703
0 0.4208138217391304 0.3027703217054264 0.42840801304347825 0.3039958527131783 0.4319015413043478 0.28627091472868216 0.4053729956521739 0.23654513178294573 0.37084489782608693 0.21656378682170543 0.32826748260869565 0.14706776744186045 0.29449853043478263 0.15214808139534883 0.33859514782608696 0.18863705813953488 0.39175357608695655 0.28034614341085273 0.4208138217391304 0.3027703217054264
0 0.2765232760869565 0.3626155852713178 0.2575880130434783 0.39724569379844965 0.24012128260869564 0.40274000775193797 0.2076679391304348 0.47342863565891474 0.24989065869565216 0.5700233837209302 0.2684205586956522 0.5663632519379845 0.2898875239130435 0.504431534883721 0.28386320434782614 0.46632771705426357 0.3394049630434783 0.20982747674418606 0.3278621195652174 0.17803773643410853 0.3148507456521739 0.1753837945736434 0.29389048695652176 0.1986030426356589 0.2955607891304348 0.23711262403100777 0.2765232760869565 0.3626155852713178
0 0.23586951739130435 0.3122729186046512 0.22007399782608694 0.27314645736434107 0.2165298 0.2947426395348837 0.2269588043478261 0.3285694418604651 0.23586951739130435 0.3122729186046512
0 0.1346133304347826 0.32364262015503875 0.16600259347826088 0.33425017829457365 0.1747612934782609 0.3295673992248062 0.16094010217391305 0.30572303488372093 0.1316771760869565 0.2987838449612403 0.1346133304347826 0.32364262015503875
0 0.16640795652173912 0.3032802015503876 0.1792673195652174 0.3175478875968992 0.19344320434782608 0.31429352325581394 0.20139208913043477 0.28842032945736434 0.17668585869565218 0.2655903837209302 0.16640795652173912 0.3032802015503876
0 0.04024376521739131 0.22417458527131784 0.05538147826086957 0.23049689534883722 0.058925678260869564 0.20890071317829456 0.025410078260869568 0.1946247984496124 0.017663873913043478 0.205013003875969 0.02075203913043478 0.2182580465116279 0.008753160869565218 0.22130952713178295 0.01933417608695652 0.24352258914728683 0.04024376521739131 0.22417458527131784
0 0.013769504347826087 0.30319901162790697 0.0182701 0.32481876744186045 0.052089721739130436 0.3158672093023256 0.05583660217391305 0.27878603875968994 0.019890641304347825 0.2840692403100775 0.013769504347826087 0.30319901162790697
0 0.06282183695652174 0.40959689147286826 0.07603589565217392 0.39676585271317827 0.05968300217391304 0.4002231007751938 0.06282183695652174 0.40959689147286826
0 0.05213948260869566 0.39512632170542633 0.01437120652173913 0.37351367829457366 0.012852004347826086 0.40652072093023256 0.02576203913043478 0.4169171589147287 0.05213948260869566 0.39512632170542633
0 0.08079527391304349 0.3653901124031008 0.09724950652173912 0.3541903720930233 0.10074303695652174 0.33646543410852714 0.06297475869565217 0.3148527868217054 0.04388748695652174 0.3610966395348837 0.07411224130434782 0.377612503875969 0.0882374543478261 0.37822938372093023 0.08079527391304349 0.3653901124031008
0 0.10170395217391304 0.4291724728682171 0.11031064347826088 0.43610343410852714 0.12008184130434783 0.4371260775193798 0.12798005652173913 0.4151241317829457 0.10519748260869564 0.41144753488372093 0.10170395217391304 0.4291724728682171
0 0.11345038695652175 0.3623468565891473 0.12469011956521739 0.3342337131782946 0.12165262391304348 0.3171174302325582 0.1117294152173913 0.32770851937984496 0.10686869565217391 0.3668267596899225 0.11304502391304348 0.39331683333333334 0.11957604565217392 0.39270818604651164 0.11345038695652175 0.3623468565891473
0 0.09952694347826087 0.4293753527131783 0.08555374347826088 0.4171447325581395 0.08200954347826087 0.43874091472868215 0.08848989565217391 0.44200351162790696 0.09952694347826087 0.4293753527131783
0 0.17344477173913042 0.3470894457364341 0.16554655869565216 0.3690913992248062 0.1828106065217391 0.37908207364341084 0.17445636086956523 0.4359252403100775 0.15921730652173913 0.4373454224806202 0.15091463913043476 0.40718698449612406 0.13451107826086955 0.41451548062015503 0.13608004130434784 0.46076755426356586 0.14893940434782607 0.47503524418604653 0.18397420652173913 0.4563041240310078 0.19318894347826085 0.41678012015503874 0.19030345869565218 0.3880500930232558 0.2029094695652174 0.42167401550387595 0.21161750217391304 0.420862480620155 0.23298312173913044 0.3666732558139535 0.1970371652173913 0.3719564573643411 0.18650681739130437 0.34587214728682175 0.17344477173913042 0.3470894457364341
0 0.08286912173913044 0.539190445736434 0.11314454565217393 0.5518350658914729 0.12402958260869565 0.5508206472868217 0.12651061304347827 0.5273902868217055 0.11704343695652174 0.5031401589147286 0.08286912173913044 0.539190445736434
0 0.030975630434782606 0.5169609224806202 0.043885665217391304 0.5273573643410853 0.0680861 0.5057694108527132 0.0587709347826087 0.4699055426356589 0.029203986956521738 0.4861938333333333 0.030975630434782606 0.5169609224806202
0 0 0.5738926317829458 0.028241250000000002 0.559747519379845 0.02333076956521739 0.5196066395348837 0.001712704347826087 0.5100217325581395 0 0.5126236550387596 0 0.5738926317829458
0 0 0.8087008643410852 0.011784284782608696 0.8203383488372092 0.017505491304347826 0.7985392868217054 0.07744920652173913 0.7871531240310078 0.06458984347826087 0.7728854341085271 0.06383069565217392 0.7478237751937985 0.05486931521739131 0.7679915426356589 0.04525012608695652 0.7553551550387597 0.04788316739130435 0.7203110503875969 0.03284679565217392 0.7062462441860465 0.04520036739130435 0.6760960348837208 0.09284118043478261 0.6909888372093023 0.12342062826086957 0.680405972868217 0.15637976304347825 0.6541352403100775 0.16453132826086955 0.612777058139535 0.15491214130434783 0.6001406666666667 0.10261328913043477 0.6088811162790698 0.10853717826086956 0.571597065891473 0.09456397391304348 0.5593664418604651 0.08317223260869566 0.5990933294573644 0.06373117608695653 0.5893055387596899 0.046163104347826084 0.6025423488372094 0.030417345652173914 0.642674996124031 0.025608208695652175 0.5947916240310078 0.011482993478260869 0.5941747441860465 0 0.6194821744186046 0 0.8087008643410852
0 0 0.9989833604651163 0.019907826086956522 0.9983637984496123 0.019275315217391304 0.9955671007751938 0.06311949130434782 0.9682819496124031 0.1063565304347826 0.9043213992248061 0.09840855652173913 0.8470642364341086 0.08220767608695652 0.8389077441860465 0.053602554347826084 0.8647727054263565 0.02535212608695652 0.8635389457364341 0 0.9041535852713178 0 0.9989833604651163
0 0.11207682608695653 0.9656526976744186 0.11627883043478261 0.9768606705426357 0.12827770652173914 0.9738091899224807 0.13182190652173914 0.952213007751938 0.1198737 0.9513932441860464 0.11207682608695653 0.9656526976744186
0 0.06944783043478261 0.9831582868217055 0.05782706086956522 0.9971836976744186 0.07692778913043478 0.9965892558139534 0.07916836086956522 0.9880521860465116 0.06944783043478261 0.9831582868217055
0 0.1398214608695652 0.9224685658914729 0.1455426652173913 0.900669496124031 0.13582213695652173 0.8957756046511628 0.12559490434782608 0.9295941782945736 0.1398214608695652 0.9224685658914729
0 0.1188612 0.9456878139534884 0.11582370652173914 0.9285715310077519 0.10372348913043479 0.939365503875969 0.1056978152173913 0.9546476085271318 0.1188612 0.9456878139534884
0 0.1294449456521739 0.7185097906976744 0.10099183695652174 0.732761015503876 0.08651192826086956 0.7592428604651162 0.08813156304347827 0.8016236899224807 0.13511366304347827 0.8668426937984497 0.1580989195652174 0.8550343062015504 0.1648832934782609 0.8350694186046512 0.19976608478260868 0.8279520348837209 0.22305536304347828 0.7929161627906977 0.22138506086956522 0.7544065813953489 0.19683084130434783 0.7199628953488372 0.15754336304347827 0.7313572906976744 0.14863265217391305 0.7476538139534884 0.1294449456521739 0.7185097906976744
0 0.2066499804347826 0.9665053837209302 0.1981730543478261 0.9928159302325581 0.23373770652173914 0.9917091046511628 0.23581156739130435 0.9811870658914729 0.2066499804347826 0.9665053837209302
0 0.23930600217391304 0.8803317674418605 0.2296361456521739 0.8715666279069768 0.2217379304347826 0.8935685775193799 0.23024328260869567 0.908242031007752 0.23930600217391304 0.8803317674418605
0 0.24052209565217392 0.7874218527131783 0.24128215 0.7293531472868218 0.22553730434782607 0.686355437984496 0.23394040217391304 0.7919017480620155 0.24052209565217392 0.7874218527131783
0 0.24052391304347828 0.6211611240310078 0.23738507826086958 0.6117873333333332 0.2164754891304348 0.6311353372093024 0.20032436739130435 0.70223796124031 0.22244913695652174 0.6731103992248062 0.22513285 0.634195046511628 0.24052391304347828 0.6211611240310078
0 0.17561813913043478 0.679408015503876 0.15475922173913043 0.6948847713178294 0.19075585217391305 0.6857303255813954 0.19880607608695652 0.6521146356589147 0.1780485 0.6598488992248062 0.17561813913043478 0.679408015503876
0 0.22766455000000002 0.6068934379844961 0.23647392173913043 0.5983394108527131 0.22472839565217392 0.5820346589147287 0.22766455000000002 0.6068934379844961
0 0.2769231782608696 0.8304277906976745 0.28765620434782607 0.8410271124031008 0.3148941347826087 0.8365554496124031 0.32937404130434783 0.8100736007751937 0.33484280652173914 0.7245004069767442 0.3547905673913044 0.6955757286821705 0.34537406086956524 0.6674543527131783 0.3278566608695652 0.6768199186046512 0.29332765 0.739968934108527 0.27510086304347825 0.803531949612403 0.2769231782608696 0.8304277906976745
0 0.33165511956521737 0.5527371395348837 0.3186437456521739 0.5500831899224806 0.3042651782608696 0.5688225426356589 0.31246650652173913 0.6067234728682172 0.3265917195652174 0.6073403565891473 0.3387932782608696 0.5888038875968993 0.33165511956521737 0.5527371395348837
0 0.38927072608695656 0.4700372325581395 0.3949412608695652 0.45210941472868216 0.3830943956521739 0.4435471550387597 0.3794995282608696 0.46901458139534885 0.38927072608695656 0.4700372325581395
0 0.38633275217391305 0.6114391782945736 0.3901303043478261 0.5704867635658915 0.3824854413043478 0.573132480620155 0.3776247217391304 0.6122507131782945 0.38633275217391305 0.6114391782945736
0 0.43797471086956524 0.48676421317829455 0.41539481739130435 0.46760263178294575 0.4119519586956522 0.48145631782945736 0.4269883326086957 0.49552112403100773 0.43797471086956524 0.48676421317829455
0 0.4575171086956522 0.488809507751938 0.46637715 0.47638423255813955 0.45660595 0.47536158527131783 0.4575171086956522 0.488809507751938
0 0.4593385130434783 0.5988357170542636 0.44627646739130433 0.600053015503876 0.4363025847826087 0.6145153527131783 0.440403247826087 0.6334658178294573 0.46323649347826085 0.6332711666666667 0.4688563586956522 0.6192145968992248 0.4593385130434783 0.5988357170542636
0 0.42106262173913045 0.6990659031007752 0.4313405260869565 0.6613760813953489 0.4171646413043478 0.6646304457364342 0.4003050434782609 0.7068001627906977 0.42106262173913045 0.6990659031007752
0 0.4015699847826087 0.7762797209302326 0.40815167826086957 0.7717998217054264 0.4029371760869565 0.7548864224806201 0.4015699847826087 0.7762797209302326
0 0.3614717804347826 0.8496140620155038 0.35843428695652174 0.8324977790697674 0.35078942391304346 0.8351434961240309 0.3527130804347826 0.8542968449612404 0.3614717804347826 0.8496140620155038
0 0.29317381956521743 0.9178433992248062 0.31727291304347827 0.9039979379844961 0.2967686891304348 0.892375972868217 0.29317381956521743 0.9178433992248062
0 0.29033900652173916 0.8852421240310078 0.2937818652173913 0.8713884379844962 0.28623834130434783 0.8662916589147287 0.2783908 0.8844223604651162 0.29033900652173916 0.8852421240310078
0 0.37245724999999996 0.9239875155038759 0.37529206304347823 0.9565887868217053 0.3839494239130435 0.9596485 0.3797755739130435 0.9871641976744187 0.38995324130434783 0.9868474534883721 0.3923027608695652 0.9859356937984496 0.3948851304347826 0.9547628372093023 0.37245724999999996 0.9239875155038759
0 0.32172735869565217 0.978980042635659 0.32126686086956524 0.9889850736434109 0.33564365652173916 0.9885376472868217 0.34461127391304347 0.9749141434108527 0.32172735869565217 0.978980042635659
0 0.8989411239130435 0.6525973604651162 0.8959533891304348 0.7147401937984497 0.8259842152173913 0.8275903023255814 0.7821400413043479 0.854875453488372 0.7370815956521739 0.8088097984496124 0.6933387630434783 0.828352453488372 0.6771378804347826 0.82019596124031 0.6709615521739131 0.7937058875968992 0.6766320891304348 0.7757780697674419 0.709033847826087 0.7920910503875969 0.7105023826086957 0.7629552558139535 0.7334876369565217 0.7511468682170543 0.7438668804347826 0.7057145503875969 0.7106562130434783 0.5850807945736434 0.6925316760869565 0.5577709496124031 0.6751156152173913 0.5593940193798449 0.6518263369565218 0.5944298914728682 0.6412444130434782 0.6553471937984496 0.6074247891304349 0.6642987558139535 0.6042850434782608 0.7380553255813953 0.6388131434782608 0.7580366705426357 0.6362814434782609 0.7853382829457365 0.6218015347826087 0.8118201317829457 0.5738060282608696 0.8240260581395349 0.5316828260869565 0.885949542635659 0.47989067826086956 0.8559775271317829 0.4253637173913043 0.9857454302325581 0.4722280891304348 0.9842869418604652 0.6147297347826087 0.9710066821705426 0.616686552173913 0.9534249573643411 0.6377481543478261 0.9224632170542636 0.6474180108695652 0.9312283565891473 0.6416461347826087 0.9568986705426356 0.6524805021739131 0.9597555 0.6614418847826087 0.9395877286821706 0.6873126239130435 0.9565093643410852 0.6901139586956522 0.9639813488372093 0.7851766239130434 0.9551221046511628 0.7895813086956521 0.9508450891472868 0.7956262608695652 0.9541482596899226 0.8345221304347826 0.9505234147286822 0.8363616391304348 0.9484187170542635 0.8278056195652175 0.9376165116279069 0.8333241434782609 0.9313024341085271 0.8722569282608695 0.9470067635658914 0.8546390956521739 0.8809844573643412 0.8625879804347827 0.8551112635658915 0.8812192195652174 0.8437086356589147 0.8892187760869565 0.8139641899224805 0.9385805630434783 0.8634953294573643 0.9411113543478261 0.9193240775193798 0.961666252173913 0.9270748023255814 0.9612111260869566 0.8787856627906976 0.9708521130434783 0.8611535658914728 0.9714684217391304 0.8422871046511627 0.9580225304347826 0.7901527558139535 0.9738213369565217 0.7702596782945736 0.9841748521739131 0.4533178992248062 0.9844036130434783 0.43584046511627905 0.9823786173913043 0.42442960852713174 0.9536730673913044 0.3749067054263566 0.9351431652173914 0.3785668410852713 0.9624308565217391 0.4533542906976744 0.9795935652173914 0.4710874573643411 0.953822347826087 0.6126840542635659 0.9437977956521739 0.6310176395348837 0.9090670152173912 0.6265212829457365 0.8989411239130435 0.6525973604651162
0 0.5859587347826087 0.6431001085271317 0.6100578282608695 0.6292546511627907 0.6007933347826087 0.5895195348837209 0.6289424217391304 0.5984957906976744 0.6434730000000001 0.5681426976744186 0.6252977934782609 0.5447041046511628 0.6099574 0.5538667829457364 0.5736576565217392 0.5031183488372093 0.5656580999999999 0.5328627906976744 0.5859587347826087 0.6431001085271317
0 0.5373063326086956 0.539371519379845 0.5300668347826087 0.5110472596899225 0.5155362565217392 0.5414003527131782 0.521864597826087 0.5562766899224806 0.5373063326086956 0.539371519379845
0 0.5251545326086957 0.6371671085271318 0.5200413717391305 0.6125112131782946 0.5101688326086956 0.6192310581395349 0.5142188260869566 0.6420527713178295 0.5251545326086957 0.6371671085271318
0 0.45473023478260866 0.7017280775193798 0.4632355826086957 0.716401531007752 0.4882965065217391 0.7121327480620154 0.49867575000000003 0.6667004341085272 0.46288179999999995 0.6603698953488372 0.45473023478260866 0.7017280775193798
0 0.42906035652173913 0.8355821821705427 0.43579406086956524 0.819488546511628 0.4260735326086956 0.8145946511627907 0.42906035652173913 0.8355821821705427
0 0.20331028260869563 0.8063558527131782 0.22310603260869566 0.7890449186046512 0.21556251304347826 0.7839481395348837 0.20331028260869563 0.8063558527131782
0 0.21363794565217392 0.8479251511627908 0.20857545652173914 0.8193980116279069 0.20087992391304346 0.825914972868217 0.2026008956521739 0.8605533100775193 0.21363794565217392 0.8479251511627908
0 0.1987517652173913 0.9885073333333334 0.20578949130434784 0.9491862170542635 0.1919683 0.9253418527131784 0.18741160434782608 0.9412326124031007 0.17222322173913046 0.9387815465116278 0.1621986695652174 0.9571151317829457 0.16407165652173913 0.9801397286821705 0.15746512173913044 0.9940828178294574 0.19689920217391305 0.9928555736434109 0.1987517652173913 0.9885073333333334
0 0.23540802173913042 0.8458963178294574 0.2441160543478261 0.8450847829457364 0.2432555652173913 0.8277656162790697 0.23540802173913042 0.8458963178294574
0 0.2335350391304348 0.8228717209302325 0.24892610217391303 0.8098377984496125 0.23702856521739132 0.8051467868217054 0.2335350391304348 0.8228717209302325
0 0.2676089239130435 0.7114335620155039 0.27859530217391304 0.7026766511627907 0.2732794586956522 0.6935057403100775 0.2676089239130435 0.7114335620155039
0 0.2456868347826087 0.7250761317829457 0.25672388478260866 0.712447976744186 0.24700335652173913 0.7075540813953489 0.2456868347826087 0.7250761317829457
0 0.23399107173913042 0.7880305 0.24128215 0.7293531472868218 0.22553730434782607 0.686355437984496 0.23399107173913042 0.7880305
0 0.2973785543478261 0.6796602868217054 0.27986115217391305 0.6890258449612403 0.28720199130434787 0.7096076085271318 0.2693298956521739 0.7460718992248062 0.3011751934782609 0.7218382325581395 0.3069977413043478 0.6922966744186047 0.2973785543478261 0.6796602868217054
0 0.27059665652173914 0.6492907286821705 0.2698881804347826 0.6203578217054264 0.24027056304347824 0.6405173604651163 0.2574839413043478 0.6543792751937985 0.27059665652173914 0.6492907286821705
0 0.7454358434782609 0.7519666317829458 0.7582952086956521 0.7662343178294574 0.7789514434782608 0.7662425465116278 0.7824449717391304 0.7485176085271318 0.748878702173913 0.7381129418604652 0.7454358434782609 0.7519666317829458
0 0.7775354043478261 0.6252463643410853 0.7744979086956523 0.6081300813953489 0.753791 0.6119931007751938 0.7620936695652174 0.6421515387596899 0.7775354043478261 0.6252463643410853
0 0.8823855500000001 0.6715395968992248 0.885929747826087 0.6499434147286822 0.8740322130434783 0.6452524031007753 0.8704373434782608 0.6707198333333333 0.8823855500000001 0.6715395968992248
0 0.8358576652173914 0.7377400968992247 0.8323641347826086 0.755465031007752 0.8486663565217392 0.7558790310077519 0.8652726 0.7330655465116279 0.8556027434782609 0.7243004069767442 0.8358576652173914 0.7377400968992247
0 0.7985942739130435 0.8436757131782945 0.8139346673913043 0.8345130348837209 0.8109478413043478 0.813525503875969 0.7985942739130435 0.8436757131782945