0 0.0448261085106383 0.15682426587301587 0.049528859574468086 0.10784123412698413 0.0421522170212766 0.11298023809523809 0.024280865957446808 0.21398743253968253 0.024528612765957445 0.23381157142857142 0.037400802127659574 0.2431267738095238 0.05363879999999999 0.18153693253968253 0.0448261085106383 0.15682426587301587
0 0.07839753191489361 0.6316407777777777 0.15914512765957448 0.6285214444444445 0.09622022127659574 0.6117970873015873 0.06770373829787234 0.6265213293650793 0.07839753191489361 0.6316407777777777
0 0.030520542553191487 0.3730423849206349 0.04269993191489362 0.4119783373015873 0.11225912978723404 0.44921960714285714 0.19493737872340428 0.430471880952381 0.10879333404255319 0.42706666666666665 0.056264923404255325 0.3916727976190476 0.08705890425531915 0.3890739642857143 0.0953265510638298 0.37017352777777773 0.05047208297872341 0.35342962301587305 0.030520542553191487 0.3730423849206349
0 0.1477080914893617 0.5639295753968254 0.05626670425531915 0.5619294603174603 0.07978313829787234 0.5723992896825396 0.1477080914893617 0.5639295753968254
0 0.42401513191489365 0.8136513611111111 0.4454513744680851 0.742726761904762 0.47372011063829783 0.7081783849206349 0.49104819574468084 0.73381475 0.5080789829787234 0.7356621507936508 0.5220890340425531 0.6659117261904762 0.5368918744680851 0.6595985476190476 0.5436252680851064 0.688045115079365 0.5585767553191489 0.6936264166666667 0.564616455319149 0.6665654007936508 0.5857562914893617 0.6569801626984126 0.5907067914893617 0.6278212698412698 0.603380785106383 0.6212771626984127 0.589914 0.5643840277777777 0.5649615212765958 0.5240625277777778 0.5461982808510638 0.5537028253968254 0.5290188425531915 0.5399609404761905 0.5164935 0.5583995277777778 0.5141169042553191 0.5383444682539682 0.5012942638297873 0.5329940873015874 0.48035262340425533 0.558438634920635 0.4506973914893617 0.5671001706349207 0.4431225489361702 0.5563798611111112 0.44153785531914896 0.5146337103174603 0.4204971170212766 0.5321485992063493 0.3801480936170213 0.5356906825396826 0.3352440765957447 0.5149819484126984 0.31900518723404253 0.49144345634920633 0.31435109574468084 0.4592629880952381 0.3427684787234042 0.43660909126984127 0.35306587659574473 0.4100099285714286 0.36272001914893615 0.41699632936507935 0.3816327978723404 0.4843788452380952 0.3798499063829787 0.42677338492063494 0.37009666382978723 0.41185732539682535 0.4535677042553191 0.45654684523809524 0.48713378510638294 0.42059336904761907 0.5149574659574468 0.435489873015873 0.5295125595744681 0.4093525555555556 0.5653561382978723 0.38552448412698415 0.6227359510638298 0.38382980555555557 0.6527875765957447 0.40688688888888885 0.6850167127659574 0.34901139682539684 0.6824914702127659 0.31706185317460317 0.6726886787234042 0.2981809642857143 0.6559056361702127 0.3161577063492063 0.5838716319148937 0.3360600515873016 0.551889355319149 0.32863134920634923 0.5204521191489362 0.364815753968254 0.448071270212766 0.35696430555555553 0.4163367404255319 0.36935974206349204 0.3480649340425532 0.3500756587301587 0.33118279574468085 0.36012274206349204 0.32029080425531914 0.33914398412698415 0.32063765106382974 0.36689777777777777 0.2952401170212766 0.37602115873015873 0.27385253404255316 0.365782253968254 0.2606830468085107 0.3326780833333334 0.24781085319148938 0.32336288095238097 0.22889896595744683 0.34110869047619047 0.23404766382978723 0.32780910714285716 0.22657191914893618 0.32501845634920634 0.22800796382978722 0.354870126984127 0.1902832829787234 0.3982914087301587 0.20370051914893617 0.45121972222222223 0.17855073191489362 0.48016724206349204 0.1852345744680851 0.5046489841269841 0.17914532765957444 0.5277451746031746 0.1615208340425532 0.5634481746031746 0.13102415106382978 0.5898359682539682 0.20404825531914894 0.5641018452380951 0.20746450212765957 0.5822899563492063 0.19716710425531914 0.6088891269841269 0.20295994680851065 0.6471323015873015 0.22380248510638298 0.6137581031746032 0.2596956170212766 0.5938948571428572 0.2714786063829787 0.6011121865079364 0.28489584042553195 0.6540404960317461 0.24905226382978723 0.6778685674603174 0.2475675574468085 0.7291804007936508 0.19315893617021276 0.7985080793650794 0.18939673191489362 0.837694503968254 0.2090014255319149 0.7903279444444444 0.24459725744680852 0.7466757341269841 0.2671235914893617 0.7629773452380951 0.2654902382978723 0.8023946984126984 0.2730155319148936 0.8091501746031746 0.3049978085106383 0.8165788769841269 0.3088095595744681 0.7813572777777777 0.35099013617021274 0.7542571547619047 0.3611893234042553 0.8048566626984127 0.3729227659574468 0.8081091626984127 0.37519937234042555 0.7351062380952381 0.39069501702127657 0.6991723134920634 0.4055969574468085 0.7007887896825397 0.4123798978723405 0.7332001825396826 0.4237664936170213 0.7086988928571428 0.42401513191489365 0.8136513611111111
0 0.315685370212766 0.22580000793650792 0.296575285106383 0.2276865119047619 0.3379152978723404 0.30344098015873017 0.3477667489361702 0.24115836507936508 0.3335576127659574 0.20992114682539684 0.3142493276595745 0.1959483373015873 0.315685370212766 0.22580000793650792
0 0.22993772553191488 0.25411340873015875 0.23122512340425533 0.27207059523809524 0.26157404680851065 0.3189166507936508 0.22993772553191488 0.25411340873015875
0 0.27449578723404255 0.33219668253968254 0.3020221680851064 0.3233042222222222 0.279446285106383 0.3030377857142857 0.2848922829787234 0.31352717063492064 0.27449578723404255 0.33219668253968254
0 0.5260016638297873 0.8088764484126983 0.5211007127659575 0.8420001706349206 0.5296656574468085 0.8468886944444445 0.5260016638297873 0.8088764484126983
0 0.6634344893617021 0.6634265079365079 0.6556118978723404 0.6328820634920634 0.6292242638297872 0.6478372261904761 0.6536812489361702 0.6485104523809524 0.6634344893617021 0.6634265079365079
0 0.6130349276595745 0.6282635634920635 0.5927365425531915 0.6201225396825397 0.6230359191489362 0.6630037619047618 0.6130349276595745 0.6282635634920635
0 0.6191232872340426 0.5200390436507936 0.6637300085106382 0.5169588095238095 0.6029834978723404 0.5044302103174603 0.5893194063829787 0.5168060952380953 0.6191232872340426 0.5200390436507936
0 0.21425011276595746 0.8700863452380952 0.18598137659574468 0.9046347222222222 0.1904372723404255 0.920955884920635 0.21425011276595746 0.8700863452380952
0 0.19563463191489364 0.8264927936507936 0.15776130000000002 0.8580195952380952 0.16632624680851066 0.8629081230158729 0.19563463191489364 0.8264927936507936
0 0.41609521914893616 0.9454339246031745 0.42000607234042553 0.9181419841269841 0.4096582340425532 0.855647992063492 0.4073816276595745 0.9286509126984127 0.41609521914893616 0.9454339246031745
0 0.38589494468085106 0.9104823531746031 0.38782559574468084 0.8948539682539682 0.3803498510638298 0.8920633174603175 0.37950839999999997 0.9097895793650794 0.38589494468085106 0.9104823531746031
0 0.31732584468085107 0.8674093095238095 0.3420792361702128 0.8067431666666666 0.33876208936170216 0.7964847103174603 0.3086122531914894 0.8506262976190475 0.31732584468085107 0.8674093095238095