0 0.0469208211143695 0.4384765625 0.04398826979472141 0.3603515625 0.07624633431085044 0.1904296875 0.093841642228739 0.1572265625 0.12463343108504399 0.142578125 0.1627565982404692 0.140625 0.18328445747800587 0.169921875 0.22727272727272727 0.169921875 0.3284457478005865 0.1240234375 0.3489736070381232 0.0830078125 0.32111436950146627 0.0859375 0.26832844574780057 0.046875 0.20087976539589442 0.064453125 0.16129032258064516 0.1123046875 0.0689149560117302 0.1484375 0.026392961876832845 0.1904296875 0.017595307917888565 0.2783203125 0.02346041055718475 0.4580078125 0.02932551319648094 0.4912109375 0.04252199413489736 0.484375 0.06744868035190615 0.4912109375 0.07038123167155426 0.4560546875 0.0469208211143695 0.4384765625
0 0.9325513196480938 0.8740234375 0.8944281524926686 0.7958984375 0.844574780058651 0.7431640625 0.9413489736070382 0.6083984375 0.9706744868035191 0.5048828125 0.969208211143695 0.470703125 0.9560117302052786 0.4755859375 0.9604105571847508 0.482421875 0.9413489736070382 0.4833984375 0.9149560117302052 0.5302734375 0.8944281524926686 0.5361328125 0.8914956011730205 0.5615234375 0.8709677419354839 0.5771484375 0.8680351906158358 0.5966796875 0.8313782991202346 0.625 0.8049853372434017 0.625 0.750733137829912 0.5849609375 0.7155425219941349 0.5419921875 0.6495601173020528 0.509765625 0.6319648093841642 0.533203125 0.5909090909090909 0.53515625 0.5351906158357771 0.578125 0.5146627565982405 0.58203125 0.4560117302052786 0.580078125 0.4208211143695015 0.552734375 0.3563049853372434 0.53515625 0.3255131964809384 0.5732421875 0.26099706744868034 0.6123046875 0.2316715542521994 0.6572265625 0.218475073313783 0.66015625 0.187683284457478 0.6513671875 0.16422287390029325 0.6318359375 0.16422287390029325 0.6123046875 0.10557184750733138 0.5810546875 0.10263929618768329 0.5537109375 0.04105571847507331 0.4873046875 0.04105571847507331 0.5205078125 0.08211143695014662 0.6123046875 0.14076246334310852 0.7001953125 0.19648093841642228 0.7548828125 0.10117302052785923 0.78515625 0.07331378299120235 0.8173828125 0.093841642228739 0.8837890625 0.18621700879765396 1 0.906158357771261 0.9990234375 0.9296187683284457 0.9345703125 0.9325513196480938 0.8740234375
0 0.530791788856305 0.4130859375 0.5278592375366569 0.3720703125 0.5425219941348973 0.3603515625 0.5366568914956011 0.3154296875 0.5542521994134897 0.2919921875 0.5469208211143695 0.28125 0.5234604105571847 0.27734375 0.49560117302052786 0.2880859375 0.4809384164222874 0.3232421875 0.5102639296187683 0.3486328125 0.5161290322580645 0.4384765625 0.5777126099706745 0.5478515625 0.5865102639296188 0.5146484375 0.530791788856305 0.4130859375
0 0.5762463343108505 0.408203125 0.5835777126099707 0.4794921875 0.6070381231671554 0.4951171875 0.6011730205278593 0.4443359375 0.5762463343108505 0.408203125
0 0.2932551319648094 0.4990234375 0.30058651026392963 0.48828125 0.2727272727272727 0.4970703125 0.2727272727272727 0.5146484375 0.2903225806451613 0.5224609375 0.30498533724340177 0.5166015625 0.2932551319648094 0.4990234375
0 0.2903225806451613 0.4169921875 0.2727272727272727 0.3955078125 0.28152492668621704 0.3720703125 0.24486803519061584 0.361328125 0.19794721407624633 0.36328125 0.18181818181818182 0.3779296875 0.19501466275659823 0.390625 0.23460410557184752 0.3955078125 0.22287390029325513 0.4169921875 0.25806451612903225 0.4638671875 0.25806451612903225 0.4833984375 0.2961876832844575 0.4853515625 0.28152492668621704 0.4521484375 0.2903225806451613 0.4169921875
0 0.20674486803519063 0.583984375 0.2316715542521994 0.5927734375 0.23460410557184752 0.5810546875 0.21407624633431085 0.5693359375 0.23460410557184752 0.5634765625 0.23460410557184752 0.5205078125 0.2434017595307918 0.5126953125 0.21994134897360704 0.5146484375 0.21114369501466276 0.4912109375 0.22580645161290322 0.4833984375 0.21407624633431085 0.4716796875 0.2316715542521994 0.4716796875 0.23607038123167157 0.50390625 0.25806451612903225 0.4853515625 0.25513196480938416 0.4599609375 0.22287390029325513 0.4169921875 0.2434017595307918 0.3974609375 0.19208211143695014 0.390625 0.1774193548387097 0.37109375 0.16422287390029325 0.3779296875 0.16422287390029325 0.3896484375 0.18475073313782991 0.4013671875 0.1774193548387097 0.404296875 0.17155425219941348 0.396484375 0.1436950146627566 0.4130859375 0.1217008797653959 0.451171875 0.10850439882697947 0.4365234375 0.10557184750733138 0.4814453125 0.09530791788856305 0.486328125 0.08797653958944282 0.4736328125 0.08797653958944282 0.4912109375 0.0967741935483871 0.4931640625 0.08211143695014662 0.5185546875 0.10850439882697947 0.5810546875 0.16422287390029325 0.6025390625 0.19501466275659823 0.599609375 0.20674486803519063 0.583984375
0 0.13636363636363635 0.181640625 0.12903225806451613 0.1943359375 0.14076246334310852 0.1943359375 0.1466275659824047 0.1845703125 0.13636363636363635 0.181640625
0 0.15102639296187684 0.19140625 0.1436950146627566 0.2021484375 0.16129032258064516 0.2080078125 0.16422287390029325 0.1943359375 0.15102639296187684 0.19140625
0 0.18914956011730205 0.271484375 0.15249266862170088 0.2841796875 0.1495601173020528 0.3154296875 0.20821114369501467 0.2919921875 0.18914956011730205 0.271484375
0 0.5263929618768328 0.1640625 0.5219941348973607 0.1826171875 0.5527859237536656 0.208984375 0.5659824046920822 0.2080078125 0.5659824046920822 0.1923828125 0.5263929618768328 0.1640625
0 0.46480938416422285 0.001953125 0.4604105571847507 0.0107421875 0.4780058651026393 0.0146484375 0.4838709677419355 0.0068359375 0.46480938416422285 0.001953125
0 0.5395894428152492 0.0712890625 0.5601173020527859 0.0751953125 0.5439882697947214 0.05078125 0.5395894428152492 0.0712890625
0 0.48826979472140764 0.04296875 0.4838709677419355 0.0673828125 0.5043988269794721 0.0751953125 0.5131964809384164 0.0537109375 0.48826979472140764 0.04296875
0 0.2991202346041056 0.1513671875 0.375366568914956 0.1904296875 0.34750733137829914 0.166015625 0.2991202346041056 0.1513671875
0 0.39589442815249265 0.1298828125 0.41935483870967744 0.1357421875 0.42668621700879766 0.1171875 0.39589442815249265 0.1298828125
0 0.5865102639296188 0.5380859375 0.5777126099706745 0.5029296875 0.5689149560117303 0.5029296875 0.5806451612903226 0.5224609375 0.5674486803519062 0.5234375 0.5293255131964809 0.470703125 0.4736070381231672 0.46875 0.4413489736070381 0.484375 0.37976539589442815 0.486328125 0.36070381231671556 0.4990234375 0.3519061583577713 0.5205078125 0.3592375366568915 0.53515625 0.4032258064516129 0.544921875 0.46480938416422285 0.58203125 0.5102639296187683 0.5830078125 0.5381231671554252 0.576171875 0.5865102639296188 0.5380859375