0 0.6622250183823529 0 0.6429236617647058 0.02327808888888889 0.5914613933823529 0.021799822222222223 0.5802366323529412 0.07263452777777778 0.5360649926470588 0.08722836666666667 0.5156574227941176 0.13601474444444445 0.5191208786764705 0.19123705555555554 0.5430560992647059 0.18101899999999999 0.5339374669117647 0.1623167 0.546819080882353 0.15852277777777776 0.5559163161764706 0.1827764 0.552153330882353 0.20527262777777777 0.5667773676470588 0.22631418888888888 0.5518965992647058 0.2718885111111111 0.5371655845588235 0.2786035666666667 0.5352092169117647 0.3092813111111111 0.5298107794117647 0.2791854277777778 0.5169933492647059 0.2663253888888889 0.5040689485294118 0.28122195555555557 0.5094245992647058 0.32242048333333334 0.5370158235294118 0.3174628333333333 0.5294042830882353 0.3846605777777778 0.5366307242647059 0.41738665555555554 0.5292545183823529 0.4235198444444444 0.5384159375 0.4311194944444444 0.5643931102941177 0.3680184111111111 0.5791027279411765 0.3668546777777778 0.6065227941176471 0.4063076166666667 0.5989754375 0.4568513888888889 0.5804814448529412 0.4860626666666667 0.5970190661764706 0.48752913333333336 0.6007820477941176 0.4650329111111111 0.6191904632352941 0.4580269222222222 0.6320078897058824 0.47088696666666663 0.6319437058823529 0.4875409388888889 0.6448253198529411 0.48374701111111107 0.6522657058823529 0.46095985 0.6890611397058823 0.4524992055555555 0.7112539301470588 0.41744566666666666 0.7369315772058824 0.4320631111111111 0.7719204007352941 0.41542094444444444 0.7665005698529412 0.3908763833333333 0.7407373455882353 0.3984642388888889 0.7242853051470588 0.3747924777777778 0.7282408345588235 0.30233433333333337 0.7429932426470589 0.2900679611111111 0.7617653602941177 0.18868947222222224 0.7950545514705882 0.13610916666666667 0.8025377242647058 0.1022193611111111 0.7989886875000001 0.06920235 0.7440629669117648 0.012501783333333334 0.7504679301470588 0 0.6622250183823529 0
0 0.46002568014705886 0.26250785 0.4599614963235294 0.2791618222222222 0.45626269852941176 0.2850040833333333 0.45991870588235295 0.29026447222222224 0.45985452205882354 0.30691844444444444 0.4653599338235294 0.30925770555555554 0.47449995588235294 0.32240868333333333 0.48185476470588234 0.32182682222222225 0.4857033235294117 0.2771253 0.48940212132352945 0.27128304444444445 0.4802620992647059 0.25813206111111114 0.4710792867647059 0.25608372777777777 0.4711862610294118 0.22832711666666666 0.47490645220588235 0.21693353333333334 0.45469142647058824 0.21575800555555555 0.4417670257352941 0.23065457222222222 0.44168144852941177 0.25285986666666666 0.46002568014705886 0.26250785
0 0.4593838419117647 0.4290475611111111 0.45572783455882354 0.4237871722222222 0.4558989926470588 0.3793765777777778 0.46327519485294116 0.3732433944444445 0.4633179816176471 0.36214074999999996 0.4541565625 0.3545410944444444 0.4468017573529412 0.35512295555555556 0.4413177426470588 0.3472323722222222 0.4395325257352941 0.3334995277777778 0.41379069852941175 0.33553605555555555 0.40450091544117645 0.3612443388888889 0.40800716176470586 0.40536399444444443 0.4116631727941176 0.4106243888888889 0.4112994632352941 0.5049968944444444 0.4185686948529412 0.5266203222222222 0.41848311397058824 0.5488256111111112 0.43502073529411767 0.5502920777777778 0.43871953308823525 0.5444498222222223 0.44420354779411764 0.5523404111111111 0.4404833566176471 0.5637339888888888 0.44413936764705886 0.5689943777777777 0.45699958455882356 0.5707517777777777 0.4625477830882353 0.5619883944444445 0.45527855147058827 0.5403649666666667 0.46635355147058827 0.5283895222222222 0.4682243455882353 0.5199170666666666 0.4829339632352941 0.5187533388888889 0.4848475441176471 0.49917823888888885 0.4664819191176471 0.4950815777777778 0.46295427573529413 0.4565132444444444 0.45929826838235294 0.45125285555555555 0.4593838419117647 0.4290475611111111
0 0.4862690514705883 0.6072835833333333 0.4843554705882353 0.6268586777777778 0.4935382830882353 0.6289070111111111 0.499086481617647 0.6201436277777778 0.499107875 0.6145923 0.4936238639705883 0.6067017166666667 0.4862690514705883 0.6072835833333333
0 0.4109262867647059 0.12487669444444445 0.4164744852941176 0.11611331111111112 0.416495875 0.11056198333333334 0.4036356580882353 0.10880458333333333 0.4017434705882353 0.1228283611111111 0.4109262867647059 0.12487669444444445
0 0.42180873529411766 0.16286315555555556 0.4237009264705882 0.14883938333333332 0.4145181102941176 0.14679105555555555 0.4089699117647059 0.1555544388888889 0.41262592279411764 0.16081482777777778 0.42180873529411766 0.16286315555555556
0 0.3589291617647059 0.2621815111111111 0.3570369705882353 0.27620528333333333 0.3698971875 0.2779626888888889 0.3717893786764706 0.2639389111111111 0.3589291617647059 0.2621815111111111
0 0.425742875 0.09595634444444444 0.4276350588235294 0.08193256666666666 0.4221296544117647 0.07959330555555556 0.41658145588235296 0.0883566888888889 0.4165600588235294 0.09390801666666666 0.425742875 0.09595634444444444
0 0.4349898713235294 0.0813507 0.43494708088235295 0.09245335 0.44230188970588236 0.09187148888888888 0.44051667279411766 0.07813864444444445 0.4349898713235294 0.0813507
0 0.4332474448529412 0.056515216666666666 0.4387956397058823 0.047751833333333334 0.4333116286764706 0.039861244444444444 0.4277634301470588 0.048624627777777776 0.4277420330882353 0.05417595555555555 0.4332474448529412 0.056515216666666666
0 0.4976982904411764 0.02644293888888889 0.49221427573529414 0.01855235 0.48301006985294115 0.022055344444444444 0.4865805 0.04952102777777778 0.48840850735294117 0.05215122777777778 0.49212869485294114 0.04075764444444444 0.4976555 0.03754558888888889 0.4976982904411764 0.02644293888888889
0 0.47890477205882354 0.13337274444444444 0.4825179926470588 0.1497357888888889 0.49355020588235293 0.14886298888888888 0.4972917941176471 0.13191808333333332 0.49180778308823525 0.12402750000000001 0.4844529705882353 0.12460936111111111 0.47890477205882354 0.13337274444444444
0 0.5307521360294117 0.03492719444444445 0.5343867536764706 0.045738905555555556 0.5417415624999999 0.04515704444444445 0.5399563455882352 0.0314242 0.5307521360294117 0.03492719444444445
0 0.7354125661764706 0.8262070888888888 0.7280577573529412 0.82678895 0.7225095625 0.8355523388888888 0.7261441727941176 0.8463640444444445 0.7353269889705882 0.8484123777777778 0.7408751875 0.8396489944444444 0.7408965808823529 0.8340976666666667 0.7354125661764706 0.8262070888888888