0 0.19609375 0.9951388888888889 0.209375 0.9715277777777778 0.259375 0.8215277777777777 0.28125 0.7826388888888889 0.30078125 0.7284722222222222 0.30546875 0.6895833333333333 0.31953125 0.6479166666666667 0.321875 0.6104166666666667 0.3296875 0.5756944444444444 0.36015625 0.46597222222222223 0.3828125 0.3645833333333333 0.38828125 0.35347222222222224 0.38828125 0.29930555555555555 0.383203125 0.28888888888888886 0.369140625 0.28055555555555556 0.3703125 0.27291666666666664 0.364453125 0.26666666666666666 0.355859375 0.2652777777777778 0.316015625 0.23472222222222222 0.302734375 0.23194444444444445 0.278515625 0.20833333333333334 0.240234375 0.19027777777777777 0.219921875 0.1736111111111111 0.067578125 0.08472222222222223 0.000390625 0.059722222222222225 0 0.9868055555555556 0.008203125 0.9847222222222223 0.039453125 0.9958333333333333
0 0.94296875 0.9979166666666667 0.94453125 0.9895833333333334 0.93203125 0.9576388888888889 0.92421875 0.9201388888888888 0.909375 0.8895833333333333 0.90703125 0.8645833333333334 0.901953125 0.8569444444444444 0.891015625 0.8541666666666666 0.8859375 0.8451388888888889 0.88125 0.7868055555555555 0.88203125 0.7506944444444444 0.87578125 0.7256944444444444 0.861328125 0.7083333333333334 0.859375 0.7006944444444444 0.8921875 0.47708333333333336 0.89375 0.4534722222222222 0.891015625 0.44583333333333336 0.855078125 0.43472222222222223 0.737890625 0.43472222222222223 0.73828125 0.42569444444444443 0.733984375 0.425 0.728515625 0.4125 0.7046875 0.3909722222222222 0.69765625 0.36319444444444443 0.696875 0.31319444444444444 0.694140625 0.30694444444444446 0.683203125 0.30833333333333335 0.68828125 0.30486111111111114 0.686328125 0.2986111111111111 0.647265625 0.29583333333333334 0.629296875 0.3055555555555556 0.596484375 0.30833333333333335 0.532421875 0.2986111111111111 0.530078125 0.29444444444444445 0.517578125 0.2972222222222222 0.480859375 0.275 0.451171875 0.2638888888888889 0.43828125 0.2659722222222222 0.43515625 0.35625 0.43125 0.36041666666666666 0.43046875 0.37430555555555556 0.42734375 0.4965277777777778 0.428125 0.6479166666666667 0.43125 0.7465277777777778 0.43515625 0.7743055555555556 0.43359375 0.9798611111111111 0.436328125 0.9916666666666667 0.451953125 0.9972222222222222 0.712109375 0.9972222222222222 0.726171875 0.9930555555555556
0 0.36640625 0.8409722222222222 0.37109375 0.8340277777777778 0.369921875 0.8166666666666667 0.364453125 0.8166666666666667 0.36015625 0.8256944444444444 0.3609375 0.8395833333333333
0 0.93671875 0.7770833333333333 0.9390625 0.7673611111111112 0.931640625 0.7652777777777777 0.9296875 0.7743055555555556
0 0.90703125 0.7965277777777777 0.91015625 0.7868055555555555 0.901171875 0.7708333333333334 0.89765625 0.7756944444444445 0.89765625 0.7881944444444444
0 0.978125 0.9034722222222222 0.98125 0.8965277777777778 0.98046875 0.8840277777777777 0.976953125 0.8763888888888889 0.967578125 0.8722222222222222 0.9671875 0.8881944444444444 0.973046875 0.9013888888888889
0 0.9421875 0.75625 0.94765625 0.7465277777777778 0.9453125 0.7395833333333334 0.939453125 0.7291666666666666 0.932421875 0.7277777777777777 0.93125 0.7451388888888889 0.938671875 0.7569444444444444
0 0.9203125 0.5534722222222223 0.9265625 0.5229166666666667 0.922265625 0.5125 0.917578125 0.5125 0.9125 0.53125 0.91171875 0.5506944444444445
0 0.96953125 0.6354166666666666 0.97265625 0.6256944444444444 0.96953125 0.6048611111111111 0.955859375 0.6 0.953125 0.6076388888888888 0.95703125 0.6326388888888889
0 0.94921875 0.88125 0.95234375 0.8743055555555556 0.95078125 0.8354166666666667 0.937890625 0.8194444444444444 0.93046875 0.8368055555555556 0.940625 0.8743055555555556 0.944921875 0.8819444444444444
0 0.97109375 0.7993055555555556 0.98046875 0.79375 0.98125 0.7729166666666667 0.969921875 0.7583333333333333 0.962109375 0.7597222222222222 0.9546875 0.7729166666666667 0.95390625 0.7881944444444444 0.958203125 0.7986111111111112
0 0.34765625 0.6576388888888889 0.3515625 0.6520833333333333 0.349609375 0.6361111111111111 0.34375 0.6395833333333333 0.340625 0.6548611111111111