0 0.5724880321252059 0.36853458944281525 0.5861524752883032 0.35788934750733137 0.5925951169686985 0.3426583724340176 0.5986211227347611 0.2865951070381232 0.5908569851729819 0.18681178299120235 0.5821218121911038 0.17164593255131966 0.5355540691927513 0.16181631671554253 0.5385404357495881 0.17032055278592376 0.5358183690280066 0.18481917741935483 0.538182489291598 0.20773342815249266 0.5468056985172982 0.21772585190615837 0.5412092289950576 0.22889366715542522 0.5578250799011533 0.36541356158357774 0.5664840840197694 0.3716646964809384 0.5724880321252059 0.36853458944281525
0 0.5168712866556837 0.2750856803519061 0.52571384184514 0.2790276686217009 0.5298015205930807 0.2736770249266862 0.5239049579901154 0.26558326832844575 0.5240481359143327 0.25061811876832846 0.5306743294892916 0.233077995601173 0.5173724110378912 0.22270765542521992 0.5079434036243822 0.22943439442815247 0.5059601252059308 0.2510937214076246 0.4874379991762768 0.28006748387096775 0.49823261943986824 0.2824887228739003 0.498640097199341 0.2905264340175953 0.49097960131795715 0.2980415703812317 0.4810448896210874 0.34074904398826983 0.4958555988467875 0.34530221407624634 0.49542148434925865 0.3738003724340176 0.4904160444810544 0.3906967507331378 0.49391727265238883 0.39601483431085044 0.5007673912685338 0.388821568914956 0.5027148756177924 0.3709035293255132 0.5099678937397035 0.35535068328445746 0.5141317405271829 0.35891475366568915 0.5141363196046128 0.37531204545454544 0.5179688574958814 0.37975312170087977 0.5139931416803953 0.3902771935483871 0.5153945477759473 0.3956838856304985 0.5276979588138385 0.39228795454545456 0.5360164950576606 0.36662151612903227 0.5245904719934102 0.34581570967741937 0.5299317998352554 0.3444396158357771 0.5356806062602965 0.3511012302052786 0.5452573706754531 0.3458066319648094 0.5458796161449753 0.3313966173020528 0.5500030906095552 0.3223046847507331 0.543184186985173 0.3093593724340176 0.5354475222405272 0.3079597917888563 0.526166273476112 0.3161186730205279 0.5206010189456343 0.30714791055718477 0.5233230856672157 0.2926492873900293 0.5146998764415156 0.28265686363636366 0.5168712866556837 0.2750856803519061
0 0.5760662652388797 0.5176870014662757 0.5761424332784184 0.5266017170087977 0.5825896532125205 0.5277680337243401 0.5890772471169686 0.5415903519061583 0.5965183962108731 0.5401256495601173 0.6045147808896211 0.5481307976539589 0.6032657100494233 0.5605535366568914 0.5967111062602966 0.5706110850439883 0.596124654859967 0.5812798108504399 0.6017257042833608 0.5865092859237536 0.6147945378912686 0.5537381906158358 0.6233415799011532 0.5548158988269795 0.6263233673805602 0.5469228431085044 0.6167420230642504 0.535820151026393 0.6278991680395387 0.5172258064516129 0.6332359176276772 0.49945242228739 0.6323447932454694 0.4744622873900293 0.6243484085667216 0.46645713929618765 0.609318352553542 0.46795440322580645 0.6005565436573311 0.48932441935483867 0.596280733937397 0.4805869222873901 0.5897977191103788 0.48316189296187684 0.5878860296540362 0.49733864516129034 0.5760662652388797 0.5176870014662757
0 0.4500807545304778 0.4044811774193548 0.43976978006589784 0.4190123636363636 0.4280931952224053 0.424395568914956 0.42868422570016473 0.43012413196480936 0.4366044415156507 0.42921456451612905 0.44677681548599674 0.44604581964809387 0.4595592924217463 0.4432050234604106 0.4684688591433278 0.42326714516129027 0.4664764225700165 0.4121318914956012 0.4592904143327842 0.40380487390029324 0.4500807545304778 0.4044811774193548
0 0.46752446128500824 0.4713487492668622 0.4830381639209225 0.48680391055718475 0.4932417528830313 0.48349658797653955 0.49809943492586495 0.46516806744868033 0.4928967067545305 0.4351817214076246 0.48692855354200987 0.4345705410557185 0.4824379752883031 0.4482807668621701 0.46649015897858326 0.4613237639296188 0.46752446128500824 0.4713487492668622
0 0.5561106795716639 0.4264730381231671 0.5370287397034597 0.42957965835777123 0.52594776276771 0.4570887184750733 0.52782823723229 0.4630505454545455 0.555345255354201 0.4558482038123168 0.5635922026359143 0.4376643387096774 0.5561106795716639 0.4264730381231671
0 0.5526993574958814 0.47926154252199415 0.5281999200988468 0.47482954252199416 0.5122521037891269 0.48787254105571853 0.5148713649093904 0.5009950703812316 0.5344323731466227 0.49844358357771257 0.5500130848434925 0.4900188782991203 0.5526993574958814 0.47926154252199415
0 0.5517512174629324 0.6458654662756599 0.5463740947281713 0.650982848973607 0.5397121070840198 0.6722642580645161 0.5440998797364085 0.6861751847507331 0.5537886070840198 0.6860540161290323 0.5598237701812191 0.6627853313782991 0.5517512174629324 0.6458654662756599
0 0.5068325387149918 0.8686954677419354 0.516991176276771 0.836334848973607 0.5148509810543658 0.8237674545454545 0.5047189810543657 0.819592202346041 0.49595259308072487 0.8245649296187684 0.49311856425041184 0.8338901246334312 0.5000540098846787 0.86840615542522 0.5068325387149918 0.8686954677419354
0 0.7038211235584844 0.7666008357771261 0.7054510362438221 0.7987516744868035 0.7186409909390444 0.803948586510264 0.7322292668863262 0.7843886275659824 0.7367556392092257 0.7669371158357771 0.734834791598023 0.7483192859237536 0.7277965411861614 0.7414244076246335 0.7106308698517299 0.7467515674486803 0.7038211235584844 0.7666008357771261
0 0.7106271276771005 0.8652738900293255 0.7239556828665569 0.8391083621700879 0.723584 0.8273293651026392 0.7180187454695223 0.8183586026392963 0.7034319621087315 0.824152288856305 0.6952969785831961 0.8475095806451612 0.6936092141680396 0.8720331891495601 0.7106271276771005 0.8652738900293255
0 0.7873011663920922 0.37788110997067453 0.7896203336079077 0.3717420674486803 0.7810641342668864 0.3378697785923754 0.7707843772652389 0.33226238563049854 0.7561975939044481 0.3380560718475073 0.7480626095551894 0.3614133651026393 0.7519713154859967 0.3747691568914956 0.7524191663920923 0.39546286950146625 0.7670821186161451 0.3985838988269795 0.7744113047775947 0.39194576832844574 0.7759558896210873 0.3823873093841642 0.7873011663920922 0.37788110997067453
0 1 0.6373848504398827 0.9963176359143329 0.6049546539589443 0.9819547784184514 0.6210951979472141 0.9771328912685339 0.6356824281524927 0.9765510189456342 0.6627484472140762 0.9841399258649094 0.6627158856304985 0.9856175008237232 0.677037293255132 0.988196388797364 0.6775038196480939 0.9892619077429984 0.6673902258064517 0.9975850222405271 0.6581210762463343 1 0.6490987991202346 1 0.6373848504398827
0 0.9706103393739703 0.7605210102639297 0.981650942339374 0.7203559472140763 0.9793629909390444 0.7063564105571848 0.9723247397034596 0.6994615322580645 0.9612749794069192 0.7068320146627566 0.9545414019769357 0.7355959985337244 0.9596321680395387 0.7604089164222874 0.9706103393739703 0.7605210102639297
0 0.9811215065897859 0.5394306158357771 0.9881551779242175 0.529928202346041 0.9888893871499176 0.520691615835777 0.985495542833608 0.5041496715542523 0.9763216771004942 0.5010846876832844 0.9691402487644152 0.5091549589442815 0.9672285584843493 0.5233317111436949 0.9703268879736409 0.5370093753665689 0.9678241680395387 0.545457564516129 0.9708105337726525 0.5539618005865102 0.9779203731466226 0.5533741041055719 0.9823393616144976 0.5471464530791789 0.9811215065897859 0.5394306158357771
0 0.6950997026359144 0 0.697718507413509 0.02062900146627566 0.7076761136738056 0.059907979472140764 0.7141233336079078 0.061074296187683286 0.7126457594728172 0.04675289002932551 0.725983471169687 0.05338194281524927 0.7444743822075783 0.04454675806451613 0.7528020766062603 0.05167490029325514 0.7649219341021417 0.050588115835777124 0.7838919118616144 0.042308067448680355 0.7867259406919275 0.03298287096774193 0.7830769555189456 0.02623264662756598 0.7756358064250412 0.02769734897360704 0.765906705107084 0.015162517595307918 0.7494036532125206 0.0187356642228739 0.738496794892916 0 0.6950997026359144 0
0 0.5707837018121911 0 0.5720917800658978 0.00492991495601173 0.5817447133443163 0.008550032258064515 0.5853533245469522 0.0026442521994134898 0.5846679382207578 0 0.5707837018121911 0
0 0.4578611392092257 0.9582152096774195 0.4584061062602965 0.9622656363636364 0.47602525864909395 0.9608048753665689 0.47952196787479406 0.9555751158357771 0.4767549481054365 0.9410204442815249 0.462830784184514 0.9450601187683284 0.4578611392092257 0.9582152096774195
0 0.5082231136738056 0.5714683519061584 0.5102513459637562 0.5788623167155426 0.5154449168039539 0.5760540821114369 0.5217489579901153 0.5921855483870968 0.5277529060955519 0.5890554428152492 0.5396084645799011 0.5649657976539589 0.5388696771004942 0.5578050938416422 0.5307255345963756 0.548367806451613 0.5218113896210873 0.5519083929618768 0.5082231136738056 0.5714683519061584
0 0.5395414538714992 0.5888456642228739 0.5570026408566722 0.5863827844574779 0.559653118616145 0.5793667375366569 0.5527984200988467 0.5701627111436951 0.5418560428336079 0.5663093299120234 0.5395414538714992 0.5888456642228739
0 0.43726331878088964 0.5459828739002932 0.43133096046128505 0.5416304046920821 0.4204289571663921 0.5504330278592375 0.41877698764415155 0.571215348973607 0.4310803978583196 0.567819417888563 0.43844537891268537 0.55744 0.43726331878088964 0.5459828739002932
0 0.3134188385502471 0.5802640586510264 0.33083965238879737 0.5651451759530792 0.3329348937397034 0.5486592771260997 0.32471916309719934 0.5467045630498534 0.31477529406919275 0.5566174560117302 0.31120705518945635 0.5751792375366569 0.3109877084019769 0.5812296715542522 0.3134188385502471 0.5802640586510264
0 0.2859238780889621 0.5345332404692082 0.2931411021416804 0.5227216803519061 0.2922545568369028 0.5141288372434017 0.2834477957166392 0.506445560117302 0.2745336499176277 0.5099861466275659 0.2725099975288303 0.5189894721407625 0.27509346457990114 0.5358532873900292 0.2859238780889621 0.5345332404692082
0 0.3506886902800659 0.8025026143695014 0.34379819686985175 0.7970398768328445 0.3342214324546952 0.8023344750733137 0.33065319439868207 0.8208962565982404 0.3456832504118616 0.8193989926686217 0.3501022388797364 0.8131713431085044 0.3506886902800659 0.8025026143695014
0 0.32442532207578256 0.8136795073313784 0.31359490691927516 0.814999555718475 0.308181989291598 0.823858224340176 0.3133801392092257 0.8374472785923753 0.3193840873146623 0.8343171730205279 0.3262342059308072 0.8271239076246335 0.32442532207578256 0.8136795073313784
0 0.4471813879736408 0.7075254633431085 0.45771170840197695 0.6869438431085044 0.4461021326194399 0.6684471847507332 0.4393236029654036 0.6681578753665689 0.4294916968698517 0.6832441964809384 0.42934851894563425 0.69820934457478 0.4385985518945635 0.7101890439882698 0.4471813879736408 0.7075254633431085
0 0.03362489456342669 0.8486770483870967 0.03048665815485997 0.8550537184750733 0.032711713344316315 0.8766200733137829 0.03514284349258649 0.8756544589442815 0.04545381630971994 0.8611232741935484 0.04685064415156508 0.8501326744868035 0.04334941680395388 0.8448145909090908 0.03362489456342669 0.8486770483870967
0 0.8632718171334431 0.5377871114369501 0.8724768978583196 0.5207135161290323 0.8726200766062604 0.505748366568915 0.864032662273476 0.49201465542521994 0.8532022479406919 0.4933347023460411 0.845582126029654 0.5135058431085044 0.8427884703459638 0.5354870410557184 0.8632718171334431 0.5377871114369501
0 0.6743832586490939 0.7551853489736071 0.6638483591433278 0.7593696788856306 0.6588787141680394 0.7725247683284457 0.6610189085667215 0.7850921642228739 0.6695659497528831 0.786169870967742 0.6783277586490939 0.764799853372434 0.6743832586490939 0.7551853489736071
0 0.6579068426688632 0.7222226275659824 0.6436467907742999 0.710742017595308 0.6397426630971994 0.7137835161290322 0.6423665041186162 0.7433033357771262 0.651061302306425 0.7458131832844574 0.6581307693574959 0.7325694838709678 0.6579068426688632 0.7222226275659824
0 0.6247475650741351 0.5766198797653959 0.6170109011532126 0.5752203005865103 0.6063686186161449 0.5906284926686217 0.608177503294893 0.6040728929618768 0.6242014876441516 0.5999446114369501 0.6293546845140033 0.5844803739002933 0.6247475650741351 0.5766198797653959
0 0.8099917182866556 0.36886870967741936 0.7947423154859967 0.3764164076246334 0.7909501515650741 0.38463133431085045 0.79456792092257 0.41152013489736067 0.8000212116968698 0.4153174692082111 0.813054252059308 0.38628765982404695 0.8099917182866556 0.36886870967741936
0 0.7948451202635914 0.34879525366568914 0.7989685930807249 0.33970332111436946 0.797491018121911 0.32538191348973605 0.7864008838550247 0.3200963929618768 0.7807686194398682 0.3350054970674487 0.7818029217462933 0.3450304824046921 0.7888411729818781 0.3519253607038123 0.7948451202635914 0.34879525366568914
0 0.4992036532125206 0.19787125219941348 0.502664507413509 0.19053333137829914 0.4992348690280066 0.17773267448680352 0.49120268945634266 0.1734688137829912 0.4812946144975288 0.17964041788856305 0.48247667545304773 0.1910975439882698 0.4888523056013179 0.19974643548387097 0.4992036532125206 0.19787125219941348
0 0.25072323723228995 0.04983248387096774 0.25237750658978586 0.058120398826979475 0.2653077421746293 0.056711741935483874 0.26634787067545307 0.043626576246334314 0.25072323723228995 0.04983248387096774
0 0.5001230873146623 0.45616474340175955 0.49758457248764415 0.4683542214076246 0.49942925205930805 0.47805733431085046 0.5055093690280066 0.4838419428152493 0.5098925617792422 0.48135557917888566 0.5123907034596376 0.45651009970674483 0.5001230873146623 0.45616474340175955
0 0.5129322018121911 0.4167880791788856 0.5018824415156508 0.4241585601173021 0.4966172808896211 0.4344493695014663 0.5013721581548599 0.44374200293255134 0.5083342405271828 0.4417221671554252 0.5160663253706754 0.4267244560117302 0.5129322018121911 0.4167880791788856
0 0.5152230593080724 0.1773456788856305 0.50955042092257 0.17959878005865101 0.5053911523887974 0.19243199853372434 0.5067209703459638 0.2053212653958944 0.5159306309719934 0.20464496187683281 0.5222613088962108 0.1842405586510264 0.5152230593080724 0.1773456788856305
0 0.5880650024711698 0.47863220674486806 0.5716693344316309 0.4709814926686217 0.572005223228995 0.48650177859237537 0.5793389884678748 0.4962609369501466 0.5845325593080725 0.49345270234604105 0.5888037899505767 0.48579291055718476 0.5880650024711698 0.47863220674486806
0 0.519892215815486 0.8031297888563049 0.5310539398682043 0.8009327360703813 0.535029654859967 0.7904086627565983 0.5316000164744646 0.777608004398827 0.5179355733113673 0.7882532463343108 0.519892215815486 0.8031297888563049
0 0.5836339514003295 0.7055072126099706 0.5674622084019769 0.708203353372434 0.5676503393739704 0.7222914970674487 0.57292007907743 0.7283979780058651 0.5798821606260297 0.7263781407624633 0.5854786301482702 0.7152103255131964 0.5836339514003295 0.7055072126099706
0 0.6278238369028006 0.6432307038123167 0.6371812537067545 0.6439865395894429 0.6390929439868205 0.6298097859237537 0.6307294546952223 0.6264229325513196 0.6262746721581549 0.6363918709677419 0.6278238369028006 0.6432307038123167
0 0.46465089538714993 0.6029375527859238 0.45720974629324546 0.6044022565982404 0.44899859390444813 0.6188448328445747 0.44885541515650745 0.633809982404692 0.45887545304777594 0.6328118079178886 0.4676372611202636 0.6114417888563051 0.46465089538714993 0.6029375527859238
0 0.4679182026359143 0.430194586510264 0.48073647446457984 0.4236125029325513 0.48084385831960463 0.4123886392961877 0.4766800115321252 0.408824568914956 0.468061381383855 0.4152294369501467 0.46525856754530476 0.40441605425219945 0.45479525782537067 0.40111780791788854 0.44043240032948927 0.41725835043988274 0.4279454373970346 0.42296342815249266 0.4288319827018122 0.4315562727272727 0.4368999563426689 0.43207884604105573 0.44773494975288297 0.4471560894428152 0.4603696696869852 0.44288315249266863 0.4679182026359143 0.430194586510264
0 0.6301742199341022 0.6169530835777126 0.6354797537067546 0.6193182756598241 0.6438744588138385 0.6025665513196481 0.6402254728171335 0.5958163284457478 0.6299502940691927 0.6066062258064516 0.6301742199341022 0.6169530835777126
0 0.6047753377265239 0.6896559780058651 0.6104479761120264 0.6874028782991203 0.6195456738056013 0.6815531451612904 0.6216409151565074 0.6650672463343108 0.6122477026359143 0.6680526979472141 0.6047753377265239 0.6896559780058651
0 0.6003829868204283 0.6593477609970674 0.607345068369028 0.6573279237536657 0.6108059225700164 0.6499900029325513 0.6070091803953871 0.6418076392961877 0.5983547545304778 0.651953793255132 0.6003829868204283 0.6593477609970674
0 0.5973516680395388 0.6217902316715543 0.5903537907742998 0.6275513563049854 0.5868571425041186 0.638630564516129 0.5888853747940692 0.6460245307917889 0.59503707907743 0.644326564516129 0.5996754143327842 0.6320484794721408 0.5973516680395388 0.6217902316715543
0 0.586064244645799 0.5696219853372434 0.5947948377265239 0.5683905454545455 0.5928381952224052 0.5535140029325514 0.5863551803953871 0.5560889765395894 0.5825630164744645 0.5643039017595308 0.586064244645799 0.5696219853372434
0 0.5505371046128501 0.5196273079178886 0.5382336943986821 0.5230232390029326 0.5326730189456342 0.5304497668621702 0.5355116276771005 0.5375218621700879 0.5499148583196046 0.5340373225806452 0.553080197693575 0.5238351202346041 0.5505371046128501 0.5196273079178886
0 0.296926176276771 0.09335062609970675 0.30436732537067546 0.0918859237536657 0.30782360049423396 0.06815071407624633 0.2958515 0.07066963929618768 0.298766276771005 0.08665645014662757 0.296926176276771 0.09335062609970675
0 0.9055874810543657 0.7557852932551319 0.9005774629324548 0.7562843812316715 0.8959749217462932 0.7648211788856304 0.8956839859967051 0.7783541876832843 0.9008417619439868 0.7792872390029325 0.907396366556837 0.7692296935483871 0.9055874810543657 0.7557852932551319
0 0.9052828080724877 0.7201264296187683 0.8982849324546952 0.7258875542521994 0.8954509028006589 0.7352127492668622 0.8960419324546953 0.7409413123167156 0.9021578426688632 0.7429846334310851 0.9069439357495881 0.7321386906158357 0.9052828080724877 0.7201264296187683
0 0.5633378978583196 0.5823756730205278 0.5691582932454695 0.5815547140762464 0.5747547635914333 0.5703868988269795 0.5725787742998353 0.5615607903225807 0.563261729818781 0.5734609574780059 0.5633378978583196 0.5823756730205278
0 0.5374462125205931 0.6053315630498534 0.5327317092257002 0.6086949325513197 0.5293828171334432 0.6212062815249267 0.5303051573311368 0.6260578372434018 0.5356464851729819 0.6246817434017595 0.541095197693575 0.6120817873900293 0.5374462125205931 0.6053315630498534
0 0.4708254950576606 0.6832260410557185 0.48033067051070844 0.685414017595308 0.4846019019769357 0.6777542258064516 0.48452573393739706 0.6688395102639296 0.4763100016474465 0.6668847976539589 0.4708254950576606 0.6832260410557185
0 0.4914786581548599 0.6340250938416423 0.4837823665568369 0.6452815161290323 0.4908564118616145 0.6484351085043989 0.4936546466227348 0.6428512008797653 0.4914786581548599 0.6340250938416423
0 0.5951723303130149 0.07328567448680351 0.5957587825370676 0.06261694574780059 0.5900815650741351 0.04847275513196481 0.5848118261943986 0.04236627419354839 0.5809076993410214 0.04540777272727273 0.5826449950576605 0.06633474780058651 0.5871043566721581 0.07276309970674487 0.5951723303130149 0.07328567448680351
0 0.5545323673805602 0.051411236070381235 0.5640733377265239 0.04985792668621701 0.5632225873146622 0.03752379472140763 0.5564440576606261 0.03723448387096774 0.5516937594728171 0.044339142228739 0.5545323673805602 0.051411236070381235
0 0.9815502051070841 0.3596155527859238 0.9709033434925864 0.35862645454545455 0.9686603443163097 0.37368021114369504 0.9740778401976936 0.3812188343108504 0.9802295461285009 0.37952086803519064 0.9836904003294892 0.37218294721407624 0.9815502051070841 0.3596155527859238
0 0.7626797710049423 0.20056148680351907 0.7696060593080725 0.20228293841642228 0.7748354250411862 0.1957334149560117 0.7740966367380561 0.1885727126099707 0.7633020172981878 0.18615147214076247 0.7626797710049423 0.20056148680351907
0 0.7690021293245469 0.28228211436950146 0.7676410955518945 0.28953142815249266 0.7766314093904447 0.2949055571847507 0.7796489909390445 0.28327121407624634 0.7690021293245469 0.28228211436950146
0 0.5938604349258648 0.7841863431085043 0.5881877973640857 0.7864394428152494 0.5848389052718287 0.7989507903225808 0.5904041598023064 0.8079215527859237 0.5931665996705107 0.8060789325513196 0.5975094200988468 0.7909365659824046 0.5938604349258648 0.7841863431085043
0 0.5469788616144975 0.705903284457478 0.5531305667215816 0.7042053181818182 0.5565914209225701 0.6968673988269795 0.5537528121911037 0.6897953020527859 0.5448028723228995 0.6970771774193548 0.5469788616144975 0.705903284457478
0 0.5414273443163097 0.7461243944281525 0.5473954975288303 0.7467355747800587 0.5518860749588138 0.733025348973607 0.5501533583196045 0.7284956642228739 0.5446284777594729 0.7321809046920821 0.5414273443163097 0.7461243944281525
0 0.6150338756177924 0.8831161436950147 0.612938633443163 0.8996020425219942 0.6179486515650742 0.8991029545454545 0.6208184761120263 0.8860364721407625 0.6150338756177924 0.8831161436950147