0 0.3761536843220339 0.4420612943548387 0.3497464004237288 0.4185163629032258 0.33810059110169494 0.4481129435483871 0.35061445127118646 0.4772371451612903 0.3711922648305085 0.47081949193548384 0.3702467330508475 0.5348833669354839 0.40128515677966103 0.5565685403225806 0.42449929872881353 0.6201600443548387 0.4203021843220339 0.651380189516129 0.4271809343220339 0.6735377379032258 0.4570663347457627 0.6467691129032258 0.4732073665254238 0.6652071411290322 0.468006279661017 0.687600879032258 0.4753643644067797 0.7224873588709677 0.4882085063559322 0.724713120967742 0.4952231758474576 0.6969763024193548 0.5209567690677966 0.6847963709677419 0.5293509978813559 0.6223560725806451 0.5972894957627118 0.5895358024193549 0.5886424661016949 0.5560898870967742 0.6474546016949152 0.4770947701612903 0.6537955805084746 0.4136330887096774 0.6235214597457627 0.3944098629032258 0.6482963898305085 0.356772060483871 0.6488663347457627 0.3362380887096774 0.6347785529661016 0.318821439516129 0.6203604915254237 0.3283032298387097 0.5948081271186441 0.27395733467741934 0.5869707139830509 0.22634191935483872 0.5722223707627119 0.2627221532258065 0.5454848072033899 0.26607566129032256 0.5342598898305085 0.23551089112903226 0.5147313538135594 0.23412350403225807 0.4737569576271186 0.1804329879032258 0.4547077563559322 0.1917745362903226 0.43732308686440674 0.15814562096774196 0.41984780508474573 0.1577796129032258 0.3933045995762712 0.18412905241935484 0.388582845338983 0.21925171774193547 0.398233843220339 0.26152404838709675 0.3750328347457627 0.2874542943548387 0.37393824999999997 0.31189079032258066 0.35536838135593224 0.33596127822580646 0.35942957415254234 0.3546354919354839 0.3526998771186441 0.37210532661290324 0.361677186440678 0.37865279435483873 0.3761536843220339 0.4420612943548387
0 0.6546373665254237 0.29331037903225804 0.6518651186440678 0.27319559274193544 0.6423631716101695 0.2705506451612903 0.6399796398305084 0.2964277056451613 0.6546373665254237 0.29331037903225804
0 0.6163899131355932 0.27636610483870966 0.6300436673728813 0.26442235887096777 0.6213513326271186 0.24760790322580645 0.6141423008474576 0.2523487983870968 0.6163899131355932 0.27636610483870966
0 0.67600575 0.4683981693548387 0.6814465042372881 0.4523689072580645 0.6681230296610169 0.4374142056451613 0.6608686906779662 0.45878656048387095 0.67600575 0.4683981693548387
0 0.6227965529661017 0.6605131532258065 0.6205489427966101 0.6364958467741935 0.6110469957627118 0.6338508951612903 0.6086634661016949 0.6597279556451613 0.6227965529661017 0.6605131532258065
0 0.32071591949152545 0.4144840241935484 0.317419031779661 0.3982717580645161 0.30381058262711863 0.3935840443548387 0.29937380084745757 0.41843972580645167 0.32071591949152545 0.4144840241935484
0 0.3200875338983051 0.3621277056451613 0.3316880381355932 0.34916258467741934 0.32605292584745765 0.34219592741935484 0.3121595063559322 0.3477751975806452 0.3200875338983051 0.3621277056451613
0 0.35507027542372877 0.2567065201612903 0.3564045275423729 0.23863449596774194 0.343320718220339 0.2300442620967742 0.33835929872881354 0.2588024637096774 0.35507027542372877 0.2567065201612903
0 0.4875466334745762 0.118594875 0.4858236631355932 0.09067505241935483 0.47221521398305083 0.08598733870967742 0.4682577669491525 0.1235719556451613 0.4875466334745762 0.118594875
0 0.5913943622881357 0.11196449193548387 0.5890108305084746 0.13784155241935483 0.5985580847457627 0.12385504838709678 0.5913943622881357 0.11196449193548387
0 0.5870613262711865 0.19307900403225806 0.5893089364406779 0.21709631048387099 0.5968029385593221 0.20208842741935484 0.5870613262711865 0.19307900403225806
0 0.7510948368644068 0.35794671370967746 0.7538670868644067 0.37806149596774197 0.7587832012711865 0.36593475 0.7510948368644068 0.35794671370967746
0 0.7118565423728813 0.42169776612903226 0.713715434322034 0.39972322177419356 0.698578375 0.39011160887096774 0.694141593220339 0.4149672903225807 0.7118565423728813 0.42169776612903226
0 0.6667850296610169 1 0.6681565169491525 0.9911761370967741 0.6399356461864406 0.9729742903225806 0.6351981970338983 1 0.6667850296610169 1
0 0.7195085021186441 1 0.7149472521186441 0.9853074879032258 0.7074306080508475 1 0.7195085021186441 1
0 0.7408942457627119 0.8004485403225806 0.7478636101694915 0.7893431733870967 0.7412245254237289 0.7735500967741936 0.7340154957627119 0.7782909959677419 0.7408942457627119 0.8004485403225806
0 0.36323928389830507 0.937338625 0.36920467584745764 0.9174068427419355 0.3635695635593221 0.910440185483871 0.35736450423728816 0.924007495967742 0.36323928389830507 0.937338625
0 0.5339762288135593 0.905693004032258 0.5373637309322034 0.8886423629032258 0.5312039809322033 0.8855782217741935 0.5255235593220339 0.8952430161290322 0.5339762288135593 0.905693004032258
0 0.18713184322033896 0.48751041532258066 0.19467115466101695 0.4558710766129032 0.1828762902542373 0.4458402741935484 0.17662592584745762 0.4760390443548387 0.18713184322033896 0.48751041532258066
0 0.3028709597457627 0.1724512258064516 0.30206134745762714 0.18662073387096775 0.3120879343220339 0.18536316129032257 0.3028709597457627 0.1724512258064516
0 0.3595392309322034 0.12569763306451615 0.35591206144067794 0.13638381048387097 0.3628361207627118 0.14190990322580643 0.3595392309322034 0.12569763306451615