0 0 0.5323116801470589 0.0034626947368421057 0.5327546213235294 0.026359252631578945 0.4983443088235294 0.03366364473684211 0.4698524264705882 0.009983355263157894 0.4193456507352941 0 0.42057022794117643 0 0.5323116801470589
0 0.058348765789473685 0.253178705882353 0.05183470789473685 0.26866588235294114 0.06170314473684211 0.26522992279411767 0.058348765789473685 0.253178705882353
0 0.17321104210526314 0.3071890514705882 0.16669698157894736 0.32267622794117645 0.19097125526315786 0.3450691323529412 0.19985466842105262 0.3150482720588235 0.17321104210526314 0.3071890514705882
0 0.17675681315789477 0.4077907757352941 0.17379347631578948 0.4504383272058824 0.19885808421052634 0.45982651838235294 0.2193852947368421 0.43994988970588234 0.2235316552631579 0.4145159448529412 0.21050683421052632 0.39652940073529414 0.19669168157894737 0.39154756617647063 0.17675681315789477 0.4077907757352941
0 0.09722027894736841 0.38995097794117645 0.09840330263157895 0.4071645882352941 0.11083743421052632 0.40430410661764704 0.10807539210526317 0.3886194669117647 0.09722027894736841 0.38995097794117645
0 0.09720377368421053 0.6347554705882353 0.10489920789473685 0.6609623529411764 0.13193882368421053 0.6500789926470588 0.12069101842105262 0.6211921874999999 0.09720377368421053 0.6347554705882353
0 0.2929984552631579 0.4941238897058824 0.27701195 0.49430444852941174 0.2693115657894737 0.5415389117647059 0.2406929342105263 0.5539512426470588 0.23871792631578947 0.5742227941176471 0.25904548684210527 0.5881979044117648 0.24542503157894735 0.6228056764705883 0.2726609947368421 0.6270314779411764 0.28193874210526315 0.6027484889705882 0.2963462315789474 0.6040969044117647 0.27246629736842104 0.5874418713235294 0.2799686868421053 0.5495786948529411 0.2868737868421053 0.5887902867647059 0.31884679736842103 0.588429169117647 0.34983148157894733 0.6104440588235294 0.38002913157894735 0.5965027573529412 0.3843734842105263 0.5616975220588235 0.39285925263157895 0.5748996948529411 0.4003599921052632 0.5615169669117648 0.4362797184210526 0.5695736470588235 0.4445707894736842 0.5431862058823529 0.4177308184210526 0.5202178308823528 0.4248372157894737 0.5010972316176471 0.4021419552631579 0.47717535661764704 0.3938525342105263 0.47908234558823526 0.3865464894736842 0.5320546838235294 0.37352167105263157 0.5140681360294118 0.3685866263157895 0.5280263419117647 0.34372001315789474 0.5092668566176471 0.3676016 0.5014414411764706 0.31234099210526317 0.4815140992647059 0.28490703157894737 0.4866595919117647 0.2929984552631579 0.4941238897058824
0 0.2647560105263158 0.7815590294117647 0.26791239210526313 0.8029815367647058 0.2860702526315789 0.7976385882352941 0.2819271894736842 0.7741116360294118 0.2647560105263158 0.7815590294117647
0 0.3969874605263158 0.8187506911764706 0.3969858105263158 0.8432311397058824 0.41770936315789475 0.838463669117647 0.41356630526315785 0.8149367132352942 0.3969874605263158 0.8187506911764706
0 0.44337291315789473 0.7462966433823529 0.4427789236842105 0.7744105147058823 0.46725284736842104 0.7629516801470588 0.4573860605263158 0.7419071911764705 0.44337291315789473 0.7462966433823529
0 0.39975279999999996 0.7854744301470589 0.37804586842105264 0.7391765551470588 0.3342310631578947 0.7387647279411764 0.3109385131578947 0.7919176213235294 0.3213959894736842 0.8338091397058823 0.3504073131578947 0.8516151286764706 0.3584970894736842 0.8835598786764706 0.37211589736842104 0.8734325551470589 0.36797283421052635 0.8499055992647059 0.3938294263157895 0.8218086323529412 0.39975279999999996 0.7854744301470589
0 0.28165274210526314 0.9416495330882353 0.24204919736842107 0.9290003014705883 0.2767859 0.919843375 0.27224849736842105 0.8905785477941177 0.21896124473684211 0.8748601066176471 0.20179006578947367 0.8823075036764706 0.2000147052631579 0.8687273161764706 0.17337107894736842 0.8608680955882353 0.15422489210526316 0.888587044117647 0.18303821842105264 0.9157643235294117 0.14040808684210526 0.9080856580882353 0.22093130263157895 0.9280299044117647 0.28165274210526314 0.9416495330882353
0 0.699450697368421 0.9646568786764705 0.7017094921052631 0.9398268051470589 0.6833569368421053 0.9055801470588235 0.6638164078947368 0.9275612242647059 0.6787600210526316 0.9656663014705882 0.699450697368421 0.9646568786764705
0 0.5625663394736842 0.9613453529411764 0.5640277026315789 0.9712636764705882 0.5805967342105263 0.9704553345588235 0.5791451842105263 0.957531375 0.5625663394736842 0.9613453529411764
0 0.6162578342105263 0.8359189669117647 0.6091514394736842 0.8550395661764706 0.6249399473684211 0.8642303014705882 0.6300729868421053 0.8409008014705882 0.6162578342105263 0.8359189669117647
0 0.5977072842105263 0.8110435992647059 0.5982979736842106 0.831890625 0.6132978 0.8296056213235294 0.6231678868421052 0.8016892132352941 0.5977072842105263 0.8110435992647059
0 0.8195697605263158 0.43710016544117647 0.7939111631578947 0.4558258455882353 0.7791060315789474 0.49770045588235295 0.7915368631578946 0.5438008713235294 0.8282452710526316 0.5633332904411764 0.8570618999999999 0.5415496727941177 0.8880531842105264 0.46564276470588234 0.87108165 0.4392384227941177 0.8195697605263158 0.43710016544117647
0 0.7992157921052632 0.8148122463235294 0.8207329815789474 0.7480791654411765 0.8112621868421053 0.7082920992647059 0.8536959684210527 0.7008616029411765 0.8748155157894737 0.6773515477941177 0.8769918210526315 0.5987478125000001 0.8446261184210526 0.5688906029411765 0.787585197368421 0.6088244227941176 0.7933056236842105 0.6553028566176471 0.7415924368421052 0.7114967904411765 0.7402097657894737 0.7281349227941176 0.7534325815789473 0.7367501764705883 0.7378387657894737 0.7671490514705883 0.7471115657894737 0.8163074117647059 0.7798732605263158 0.8274220367647059 0.7992157921052632 0.8148122463235294
0 0.8943461447368422 0.8022531654411765 0.886845402631579 0.8156358933823529 0.8982912078947368 0.8351514117647059 0.9359612605263158 0.8243147352941176 0.9370744473684209 0.8174864117647058 0.9253341236842104 0.7753071544117647 0.9063875842105263 0.7691743639705882 0.8884260710526315 0.7896264742647059 0.8943461447368422 0.8022531654411765
0 0.8503283921052632 0.884653981617647 0.868288252631579 0.8886823235294117 0.8856574289473684 0.8718636360294117 0.8771749605263157 0.8097005661764706 0.8643464894736842 0.8068231801470588 0.8412519342105262 0.8506047794117647 0.8503283921052632 0.884653981617647
0 0.8226931342105264 0.9481316580882354 0.8347842131578947 0.9580544485294117 0.9063637763157895 0.9545623419117648 0.9126920947368421 0.9344216213235294 0.8898004894736843 0.8953905882352942 0.8702616105263158 0.8928912205882353 0.8226931342105264 0.9481316580882354
0 0.9815589789473684 0.5446165294117646 0.9703484605263158 0.5481280955882353 0.9735048394736843 0.5695505992647059 0.9800188999999999 0.5540634227941177 0.9815589789473684 0.5446165294117646
0 0.967816752631579 0.6289118860294117 0.9561323657894738 0.6353301838235295 0.9624462263157895 0.6618549007352941 0.967816752631579 0.6289118860294117
0 0.9796278605263157 0.49936465441176475 0.9863370421052632 0.49782120220588233 0.9867199263157895 0.48250326838235297 0.9796278605263157 0.49936465441176475
0 0.9411374894736843 0.5641738455882352 0.9405435 0.5922877132352942 0.96383275 0.5880957205882353 0.9628477210526316 0.5615108235294117 0.9411374894736843 0.5641738455882352
0 0.8799733105263158 0.2868153161764706 0.8831296947368421 0.3082378198529412 0.8961561605263157 0.3017439191176471 0.8959598157894736 0.28663476102941177 0.8799733105263158 0.2868153161764706
0 0.9541920131578947 0.14151230147058824 0.9547827026315789 0.16235933088235294 0.9697825289473684 0.16007432720588236 0.9701785184210527 0.1413317463235294 0.9541920131578947 0.14151230147058824
0 0.9622751894736843 0.2713788529411765 0.9421456210526316 0.24803245220588235 0.9326715236842106 0.2572062794117647 0.9374069236842105 0.2770998161764706 0.952603094736842 0.28992397058823527 0.9622751894736843 0.2713788529411765
0 0.8951810342105263 0.12827632720588233 0.8991260999999999 0.16117456985294118 0.9204419894736843 0.15277367647058823 0.9149179105263159 0.12140440441176471 0.8951810342105263 0.12827632720588233
0 0.9032675105263157 0.2091819742647059 0.9003091236842105 0.17838818014705882 0.8805722500000001 0.18526009926470588 0.8776105631578947 0.20342720220588237 0.8896487026315789 0.21930929779411765 0.9032675105263157 0.2091819742647059
0 0.9867491105263158 0.2599200147058824 0.9924208789473684 0.2544280073529412 0.9941033184210526 0.1871194007352941 0.9587277631578948 0.19525757720588235 0.9494500157894736 0.2195405661764706 0.95714545 0.24574744485294117 0.9867491105263158 0.2599200147058824
0 0.5995305078947368 0.11469076102941177 0.6198580684210526 0.1286658676470588 0.6200544131578948 0.14377502573529413 0.6715646526315789 0.17039372794117646 0.6875511578947368 0.17021317279411766 0.6962365736842105 0.14956360294117646 0.7035376657894736 0.17003261764705882 0.7511011894736842 0.18823352573529412 0.7836665368421053 0.1842389926470588 0.7911672789473685 0.17085626470588236 0.8045864368421052 0.19458068014705882 0.8000457342105264 0.2142767536764706 0.8114931868421053 0.20931182352941177 0.8381401157894737 0.16821014338235293 0.8308423210526316 0.09878023529411765 0.8146578210526316 0.10833208455882352 0.8136727921052631 0.08174718014705883 0.7637399210526316 0.07807995588235295 0.7503207578947368 0.054355540441176464 0.6885460894736842 0.049915375 0.6133522605263158 0.021750797794117645 0.6115752473684211 0.03265105514705883 0.6504550105263157 0.04702108823529411 0.6413752552631579 0.061932786764705886 0.6360475210526316 0.045672672794117644 0.6188746921052631 0.07760052205882352 0.602295847368421 0.0814144963235294 0.5995305078947368 0.11469076102941177
0 0.4850493736842105 0.262261875 0.49017911052631574 0.2878932757352941 0.5006415368421053 0.25634344852941177 0.5049825921052632 0.2704991102941176 0.4933354921052632 0.3093157830882353 0.5004402368421053 0.31467563970588236 0.4960958842105263 0.3494808676470588 0.5071506447368421 0.3142976176470588 0.5103053763157894 0.3602005772058824 0.5258958894736843 0.3787625955882353 0.5343849578947368 0.3430038676470588 0.5412900578947368 0.3822154595588235 0.5480021131578947 0.3573569963235294 0.5549072131578947 0.3965685882352941 0.578985144736842 0.40385233088235295 0.5702997342105263 0.42450190073529415 0.5797721763157895 0.4398085220588235 0.5884575921052632 0.41915894852941177 0.5969433552631579 0.43236112132352944 0.6044440973684211 0.418978393382353 0.6218116210526317 0.42664015441176467 0.629904697368421 0.4096240073529412 0.6417464921052631 0.41039694485294115 0.6421441342105263 0.3671739154411765 0.6563536289473684 0.3778936213235294 0.6581306394736842 0.36699335661764704 0.6709591131578947 0.3698707463235294 0.673917497368421 0.40066454411764707 0.6796428763157895 0.37370162500000004 0.6687894105263158 0.3505526875 0.6593153157894737 0.3597265183823529 0.6466848368421053 0.3474778419117647 0.6725414289473685 0.319380875 0.6606996342105264 0.3186079375 0.6672136973684211 0.30312076102941177 0.6549775605263157 0.29660995588235295 0.6648476473684211 0.26869354411764707 0.6532038473684211 0.2585493161764706 0.6545881684210526 0.21743073897058823 0.6356416263157895 0.21129794852941175 0.6427480263157894 0.19217734926470587 0.6301175473684211 0.17992867279411764 0.62064345 0.1891025036764706 0.6163023947368421 0.1749468382352941 0.6328812394736841 0.17113286029411764 0.599726852631579 0.12979991544117647 0.5693328578947369 0.1286320625 0.5638054763157895 0.1462236875 0.555912047368421 0.1293880955882353 0.5422932394736841 0.13951541911764706 0.5316344710526315 0.15595608823529414 0.5395278973684211 0.1727916801470588 0.5334081815789474 0.19401672426470587 0.5028161894736842 0.2022201580882353 0.4850493736842105 0.262261875
0 0.5036081736842105 0.1647349963235294 0.50005415 0.18653551838235294 0.509526597368421 0.20184213970588236 0.5340005184210527 0.1903833051470588 0.5290687736842105 0.15538061029411765 0.5428855763157895 0.1358819963235294 0.5342018131578947 0.13205111397058825 0.5036081736842105 0.1647349963235294
0 0.4511063052631579 0.2094531911764706 0.4244626789473684 0.20159397058823528 0.38676429210526314 0.22891799999999998 0.3911036947368421 0.26755411397058826 0.37787923157894737 0.2834193088235294 0.3940604315789474 0.3228283566176471 0.4376772394736842 0.3326114705882353 0.47399460789473685 0.297445125 0.47715594210526313 0.2454262830882353 0.4511063052631579 0.2094531911764706
0 0.39328825263157896 0.06654812867647059 0.36012891578947365 0.0986565330882353 0.35479788157894737 0.1313573161764706 0.3751221421052632 0.19429331985294118 0.39762105789473684 0.20310603676470587 0.43531944473684214 0.17578201102941177 0.44696654210526315 0.13696533823529414 0.44361546842105265 0.07595322426470588 0.39328825263157896 0.06654812867647059
0 0.31255879210526316 0.17837741911764707 0.31512283421052634 0.20343334558823528 0.3301226605263158 0.2011483382352941 0.3311109894736842 0.17877233823529412 0.31255879210526316 0.17837741911764707
0 0.26519821052631576 0.07736387132352941 0.26381554210526315 0.09400200367647059 0.27565733684210525 0.09477494117647059 0.27605332894736845 0.07603236029411764 0.26519821052631576 0.07736387132352941
0 0.24467595526315788 0.023799158088235295 0.23441317631578945 0.021497246323529413 0.23303050789473684 0.03813537867647059 0.24467595526315788 0.023799158088235295
0 0.6750856684210527 0.6382021911764706 0.6930471815789474 0.6177500845588235 0.6940355131578948 0.5953740845588236 0.6810106947368421 0.5773875367647059 0.6529843973684211 0.5861664485294118 0.6622571947368421 0.6353248051470588 0.6750856684210527 0.6382021911764706
0 0.6871304105263157 0.5561624926470587 0.7005495710526316 0.5798869080882353 0.7185094368421053 0.58391525 0.7384443052631579 0.5676720404411765 0.7425906684210527 0.5422380919117648 0.7313428605263157 0.5133512867647059 0.6956194789473684 0.5204037647058823 0.6871304105263157 0.5561624926470587
0 0.6703552236842105 0.5448673125000001 0.6596997552631578 0.5123470808823529 0.6375951789473684 0.5092722352941177 0.6143042815789473 0.5379446801470589 0.5846989684210526 0.5482525625 0.5785792526315789 0.569477606617647 0.5862746842105263 0.5956844889705882 0.6093659368421053 0.6008637830882353 0.6269331078947368 0.5746738088235294 0.6579194394736843 0.5722082426470588 0.6703552236842105 0.5448673125000001
0 0.7312155105263158 0.437997125 0.7301614868421052 0.4716572279411764 0.741014952631579 0.49480616544117645 0.7589748131578948 0.49883450735294116 0.7737782947368421 0.4814403419117647 0.7674655315789474 0.4385953308823529 0.7485189921052631 0.4324625404411765 0.7312155105263158 0.437997125
0 0.6944447078947368 0.38078790808823526 0.6816162342105263 0.37791052205882353 0.6920737078947368 0.41980204044117647 0.7163496368421052 0.4177144963235294 0.7341148026315789 0.38215322794117645 0.7137888894736842 0.34369766911764704 0.6914863210526315 0.3499941139705882 0.6944447078947368 0.38078790808823526
0 0.748327597368421 0.34391203308823526 0.7469449263157895 0.36055016544117646 0.7593790605263159 0.3576896801470588 0.7585903763157895 0.34621394485294116 0.748327597368421 0.34391203308823526
0 0.9439061289473684 0.48193668382352944 0.9014739947368421 0.46488673161764704 0.8773944131578947 0.48208343382352936 0.8773911131578946 0.531044330882353 0.8945606421052631 0.5480773860294117 0.9214022631578948 0.5465653125 0.9456798421052631 0.5199973198529412 0.9450891526315789 0.49915029411764705 0.9369960789473685 0.5161664411764706 0.931470347368421 0.5092776176470588 0.9439061289473684 0.48193668382352944
0 0.8250740368421053 0.762234830882353 0.8159942815789474 0.7771465294117648 0.7970427868421053 0.8444550845588235 0.8045418763157894 0.8555528088235294 0.8181606842105262 0.8454254852941177 0.8201356921052632 0.8251539338235294 0.8333585078947369 0.8337691875000001 0.8446129157894736 0.7647341985294117 0.8250740368421053 0.762234830882353
0 0.6383756105263158 0.6431502205882352 0.6415319921052632 0.6645727279411764 0.6608745263157895 0.6519629375 0.6555467921052631 0.6357028235294118 0.6383756105263158 0.6431502205882352
0 0.773375702631579 0.5981047205882353 0.7599548921052631 0.5988607536764706 0.7674539789473684 0.6099584742647058 0.773375702631579 0.5981047205882353
0 0.7860078289473684 0.5858729485294117 0.7792957736842104 0.6107314117647059 0.7931109263157895 0.6157132463235294 0.7860078289473684 0.5858729485294117
0 0.5608157342105263 0.5805584264705882 0.5614064210526316 0.601405455882353 0.573840552631579 0.5985449705882353 0.5742365447368422 0.5798023897058824 0.5608157342105263 0.5805584264705882
0 0.5927953473684211 0.4822755110294118 0.5933860342105263 0.5031225404411765 0.6052278289473684 0.5038954779411765 0.6081895157894737 0.48572837500000005 0.5927953473684211 0.4822755110294118
0 0.6610840736842105 0.47122850367647057 0.6628594368421052 0.4848086911764706 0.6752935684210527 0.48194820588235293 0.6719391894736843 0.4698969926470588 0.6610840736842105 0.47122850367647057
0 0.6985811657894737 0.5022366617647059 0.6902917447368421 0.5041436507352941 0.6952251368421052 0.5146658970588236 0.6985811657894737 0.5022366617647059
0 0.49292629736842103 0.5239019595588235 0.4941093236842105 0.5411155661764706 0.5033854210526316 0.5413130257352942 0.5037814131578947 0.5225704485294118 0.49292629736842103 0.5239019595588235
0 0.4804872157894737 0.6002037904411764 0.4633160342105263 0.6076511875 0.47653885 0.6162664411764706 0.4804872157894737 0.6002037904411764
0 0.23792264210526318 0.6606688529411765 0.22311916052631578 0.6780630183823529 0.26081424736842107 0.6996998860294117 0.2620005710526316 0.667952599264706 0.23792264210526318 0.6606688529411765