0 0.1664645474860335 0.5287125503875969 0.16830282681564246 0.5545358100775193 0.18684680446927374 0.5530342093023256 0.18621556145251397 0.5294477790697675 0.1664645474860335 0.5287125503875969
0 0.11374058659217877 0.5475729457364341 0.11656667877094973 0.5931600813953488 0.14413569273743015 0.5859667131782946 0.14251663687150837 0.5426164108527132 0.11374058659217877 0.5475729457364341
0 0.06905385474860336 0.5409777054263566 0.07196182960893854 0.5553333062015504 0.08496453910614525 0.5525294806201551 0.08084952513966481 0.5359370465116279 0.06905385474860336 0.5409777054263566
0 0.07412765083798882 0.45623043410852715 0.07980625977653631 0.4712371511627907 0.09039489664804469 0.46395966279069767 0.08627988826815643 0.44736722480620156 0.07412765083798882 0.45623043410852715
0 0.027190617318435757 0.3826984651162791 0.03215609776536313 0.40535028294573644 0.05418384357541899 0.39685468992248063 0.041756924581005585 0.37830891860465116 0.027190617318435757 0.3826984651162791
0 0.11439566759776536 0.29772068992248063 0.11722175698324022 0.34330782558139533 0.15381580726256985 0.33042268604651165 0.14871298882681563 0.2940663798449612 0.11439566759776536 0.29772068992248063
0 0.18144027653631284 0.3681653449612403 0.18640575698324022 0.39081716279069767 0.19940846648044694 0.38801334108527136 0.19842065642458098 0.36824946124031005 0.18144027653631284 0.3681653449612403
0 0.2109294581005587 0.3555637015503876 0.2186655754189944 0.3788666356589147 0.2355086117318436 0.36524626356589146 0.23175016480446928 0.34483127906976746 0.2109294581005587 0.3555637015503876
0 0.11448014804469274 0.46376028682170545 0.10907621787709498 0.4761625542635659 0.13414927374301677 0.49572705038759685 0.1378522681564246 0.471206015503876 0.11448014804469274 0.46376028682170545
0 0.15845375139664805 0.4780006356589147 0.15269325139664805 0.4942254534883721 0.19545982122905028 0.5062289689922481 0.20953222346368713 0.491957488372093 0.15845375139664805 0.4780006356589147
0 0.08627469832402235 0.05282496511627907 0.07135182402234637 0.06103706201550388 0.08051420111731844 0.06904978682170541 0.08627469832402235 0.05282496511627907
0 0.2597021759776536 0.25764780620155037 0.2667251620111732 0.28859584108527137 0.30090514245810057 0.2712370387596899 0.2840066480446927 0.23992138759689924 0.2597021759776536 0.25764780620155037
0 0.3228245726256983 0.3701405348837209 0.3118239162011173 0.3363045542635659 0.2908658659217877 0.333332488372093 0.27920753631284917 0.3520776317829457 0.29141522905027933 0.3881504457364341 0.3228245726256983 0.3701405348837209
0 0.4848367793296089 0.30274279069767446 0.4721906368715084 0.3017240620155039 0.4692826620111732 0.28736846124031007 0.48143489944134077 0.2785052519379845 0.44344101396648045 0.23051304263565892 0.41175699162011176 0.22111397286821705 0.38624548324022345 0.23660355813953488 0.37231042178770946 0.26457952713178295 0.37464260614525136 0.30028472480620155 0.4159010279329609 0.358809984496124 0.4520011731843575 0.3360429147286822 0.4679118547486033 0.3475946937984496 0.4726845391061453 0.311606 0.4848367793296089 0.30274279069767446
0 0.3714889748603352 0.37962372093023256 0.4230058994413408 0.35852649224806205 0.4019105111731843 0.34184993410852715 0.32117908659217875 0.4029577868217054 0.25323114525139667 0.47878885658914727 0.25712693296089384 0.5129083372093024 0.29761676815642457 0.5341426744186046 0.32589891340782123 0.5193042015503876 0.32946456145251396 0.4810786782945736 0.3016208687150838 0.46086306589147286 0.29629882122905027 0.4420337984496124 0.3714889748603352 0.37962372093023256
0 0.23526295810055864 0.45894086046511623 0.23781436871508382 0.477119015503876 0.25394427653631285 0.47114375193798447 0.24670206424581007 0.4577227596899225 0.23526295810055864 0.45894086046511623
0 0.216637094972067 0.491673992248062 0.21123316480446927 0.5040762558139534 0.25399973184357544 0.5160797751937984 0.25109175418994417 0.5017241744186047 0.216637094972067 0.491673992248062
0 0.46437522905027934 0.5069237945736434 0.4865403156424581 0.5121326937984496 0.5428299245810055 0.45504676356589147 0.600957812849162 0.4237841007751938 0.4610552346368715 0.4514547209302326 0.43548827094972065 0.4220082829457364 0.40152751396648045 0.42184004263565894 0.37458974581005583 0.4526198372093023 0.3717372234636872 0.4832002558139535 0.4088806368715084 0.5251330813953488 0.44100311173184353 0.49947806589147287 0.4509605055865922 0.4686141472868217 0.46437522905027934 0.5069237945736434
0 0.30966068994413404 0.6326785542635659 0.26788193296089385 0.6404389147286822 0.23049286592178772 0.6922006860465116 0.23104222905027932 0.7470186434108527 0.26228780167597765 0.7914717984496125 0.31599957262569833 0.7923752713178295 0.3509745670391061 0.7361398333333333 0.35042520670391064 0.6813218759689923 0.33750438547486034 0.6528941666666667 0.30966068994413404 0.6326785542635659
0 0.2235543631284916 0.8272922480620154 0.230220782122905 0.8620628372093023 0.25814636033519556 0.8510469147286821 0.2499163407821229 0.817862046511628 0.2235543631284916 0.8272922480620154
0 0.48067150558659216 0.6357565930232558 0.46297799720670396 0.6433175813953488 0.4441593351955307 0.6174101976744186 0.42355785195530726 0.6106155813953488 0.40358761452513964 0.6274073914728682 0.4020794720670391 0.6739291317829458 0.43162410335195533 0.706263515503876 0.45798608379888267 0.6968333139534884 0.4794380391061452 0.7096873178294574 0.49422356983240223 0.6877707286821706 0.49359232681564247 0.6641843062015504 0.48067150558659216 0.6357565930232558
0 0.37404298044692735 0.595073007751938 0.36828248324022345 0.6112978255813954 0.3988968156424581 0.6321645503875969 0.4057270083798883 0.6044720775193799 0.37404298044692735 0.595073007751938
0 0.3014032094972067 0.9764497131782945 0.3067024497206704 0.9679291899224806 0.29561991061452514 0.9653247441860465 0.295358187150838 0.9750291007751939 0.3014032094972067 0.9764497131782945
0 0.5241802234636872 0.7612185852713178 0.5267316368715084 0.7793967403100776 0.5369637067039106 0.7759417984496124 0.5359758966480447 0.7561779263565892 0.5241802234636872 0.7612185852713178
0 0.49120727932960895 0.7808142170542636 0.4883547597765363 0.8113946356589148 0.46753405027932965 0.8221270581395349 0.47214296648044696 0.8486014302325581 0.488272874301676 0.8426261666666667 0.49389603072625693 0.8126968604651164 0.5056917039106146 0.8076562054263566 0.5030029497206704 0.7757735581395349 0.49120727932960895 0.7808142170542636
0 0.6540145 0.6745398333333333 0.684216812849162 0.6542930891472868 0.6757121117318435 0.5936992403100776 0.6642730055865922 0.5949173449612403 0.6617770474860335 0.6216752131782946 0.6710767653631285 0.6433924224806202 0.6455652569832402 0.658882007751938 0.6296545726256983 0.6473302286821706 0.5988764720670391 0.6889265697674418 0.6014278854748604 0.7071047209302326 0.6381592765363128 0.7079240813953488 0.6540145 0.6745398333333333
0 0.5617885167597766 0.6919297674418604 0.5437384441340782 0.7033133023255814 0.5421484162011173 0.7810665813953488 0.5574833072625699 0.813967949612403 0.5900178016759776 0.8294264069767441 0.6224968407821229 0.7999488372093023 0.6090002290502794 0.7928707209302325 0.6105083743016759 0.746348976744186 0.5975875530726257 0.7179212713178295 0.5617885167597766 0.6919297674418604
0 0.8746749329608938 0.5095938100775194 0.8123501480446927 0.5554955697674419 0.8311688044692737 0.5814029496124031 0.84546043575419 0.5496044302325581 0.8610145530726256 0.5649787596899225 0.8894340363128492 0.5638447790697675 0.9351350083798882 0.5140363372093023 0.9334340670391061 0.5019175697674418 0.8746749329608938 0.5095938100775194
0 0.7392439301675978 0.5500343100775194 0.7367479748603353 0.5767921782945737 0.7214685363128491 0.5888268255813953 0.7194664888268156 0.6254666279069767 0.7355963938547485 0.6194913643410852 0.7306309134078213 0.5968395465116278 0.7613271312849162 0.5864747403100775 0.7589949469273743 0.5507695465116279 0.7392439301675978 0.5500343100775194
0 0.7231114273743017 0.3587384457364341 0.7270072150837988 0.3928579224806201 0.7483218268156424 0.3920074341085271 0.7553712430167598 0.3467879147286822 0.7231114273743017 0.3587384457364341
0 0.6954050726256983 0.35222732170542637 0.6792197122905027 0.31326656201550385 0.6701946731843575 0.3189583294573643 0.6757095139664805 0.3964281085271318 0.6929091201117319 0.3789851899224806 0.6954050726256983 0.35222732170542637
0 0.8290320111731843 0.8016093953488372 0.7974853268156425 0.8059148178294573 0.8263987150837988 0.8146627751937985 0.8290320111731843 0.8016093953488372
0 0.8661199664804469 0.7986061976744186 0.834216717877095 0.8067341744186046 0.8659007430167597 0.8161332403100775 0.8661199664804469 0.7986061976744186
0 0.8899305363128491 0.7709978449612402 0.8723743687150838 0.7922633178294574 0.9144278072625699 0.8119119418604651 0.9725556955307263 0.7806492751937985 0.8899305363128491 0.7709978449612402
0 0.6903628966480446 0.7553492945736434 0.6679785893854748 0.7676674379844961 0.66342512849162 0.7861290930232557 0.6909122597765363 0.8101672519379846 0.6978797877094972 0.7961792674418605 0.7840705977653631 0.7676051744186047 0.7336233715083799 0.7772347480620155 0.6903628966480446 0.7553492945736434
0 0.19680938547486032 0.9167125542635659 0.21414632960893853 0.9129741240310077 0.22544809497206705 0.8980515271317829 0.21856244972067038 0.880807984496124 0.1892924944134078 0.8758825813953489 0.1772776005586592 0.8984502790697675 0.19680938547486032 0.9167125542635659