0 0.6723097861445784 0.7571166287878788 0.6894638855421686 0.7895636590909091 0.6843780602409638 0.7324032954545454 0.7048392168674699 0.7268896439393939 0.7325882921686747 0.7584326818181818 0.715449906626506 0.6947649734848486 0.7413887891566265 0.6936283333333334 0.7472505451807229 0.660832321969697 0.768072171686747 0.6649766818181818 0.8166350150602409 0.7162744166666666 0.8192132831325302 0.6746080643939394 0.7753915120481928 0.6395920075757576 0.7673748102409639 0.5988296477272728 0.7955314939759037 0.5463686515151515 0.8167214427710844 0.5445606742424243 0.8178264126506024 0.5267036666666667 0.8010406415662651 0.4883043030303031 0.7769355240963854 0.47528960606060605 0.7886354728915662 0.45652860984848487 0.739688593373494 0.44240389015151516 0.7024495180722892 0.39390783333333335 0.6790731957831325 0.3845988068181818 0.6728745391566265 0.36090579166666664 0.6483932409638554 0.36945377272727276 0.6370851897590362 0.33543141287878786 0.6224700753012048 0.3393697386363636 0.5859519337349398 0.31018968560606064 0.5464950572289157 0.31301798484848486 0.5158229608433734 0.28226260984848484 0.49169427409638555 0.3160789356060606 0.47708701807228915 0.3044069166666667 0.4288532138554217 0.32520854924242426 0.3810113072289157 0.29322682196969696 0.3539988825301205 0.24977910984848486 0.3039706024096385 0.2066803787878788 0.3831898253012048 0.31995417045454544 0.35542503915662654 0.3196318068181818 0.3795065813253012 0.37947752272727275 0.36743831024096385 0.40419085606060606 0.3542886355421687 0.3999301742424242 0.3667016626506024 0.4160955265151515 0.33381176506024096 0.43666450378787874 0.3016270873493976 0.5077701704545454 0.26143356024096387 0.5225031401515152 0.23732844277108434 0.5094884431818182 0.2453372921686747 0.5658611439393939 0.21356022590361445 0.5529627765151515 0.22668632530120483 0.6040544772727273 0.2500705090361446 0.5977531628787879 0.2288334156626506 0.6932231818181818 0.23611347289156628 0.7458902121212122 0.2481660301204819 0.7523975606060607 0.25840839457831327 0.7262252234848484 0.39066534939759034 0.7100963409090909 0.44033316566265057 0.7435370681818182 0.490753343373494 0.733852446969697 0.5272714819277109 0.7630324924242424 0.5426232439759036 0.7471895037878787 0.5363931626506023 0.7859378446969697 0.5078760120481928 0.828740837121212 0.5126170843373494 0.8450225151515152 0.5327099186746987 0.8454612007575757 0.5579357198795181 0.8093982083333333 0.6017653463855421 0.828803928030303 0.6123681807228916 0.8122895946969697 0.6068983162650602 0.79230225 0.6339343102409639 0.7889189356060606 0.6449054668674699 0.7664522727272728 0.6587839307228915 0.774418625 0.6580629969879518 0.7551026136363637 0.6723097861445784 0.7571166287878788
0 0.12765616566265062 0.6561034015151516 0.11413031024096386 0.6734053977272727 0.1265433373493976 0.6895707537878788 0.11922399397590362 0.7149554204545455 0.15828897590361446 0.764910481060606 0.17802920180722892 0.7400808181818181 0.19518329819277108 0.7725278484848485 0.20870129518072292 0.770836196969697 0.2120005030120482 0.7484858598484848 0.20543352108433735 0.7307451742424242 0.18570901204819276 0.7243541553030304 0.18061532831325303 0.6828041325757576 0.20180528012048193 0.6809961515151515 0.16491881325301205 0.6577684393939394 0.15541309638554215 0.6720361022727273 0.12765616566265062 0.6561034015151516
0 0.7704078313253012 0.3794972272727273 0.7886904728915662 0.3472562272727273 0.7642091746987951 0.3558042083333333 0.7704078313253012 0.3794972272727273
0 0.7006393222891566 0.36122815151515153 0.6867687168674699 0.3376514621212121 0.6725062138554216 0.36685812878787877 0.7141494638554217 0.3751468371212121 0.6966034728915663 0.3954831628787879 0.7053646807228916 0.4087305075757576 0.7484969457831325 0.36198919696969695 0.7006393222891566 0.36122815151515153
0 0.8237196024096386 0.43146629545454546 0.788290719879518 0.4156499242424242 0.7915584939759036 0.4557409431818182 0.8047081686746989 0.46000162499999997 0.8237196024096386 0.43146629545454546
0 0.2612459487951807 0.1694176553030303 0.264176828313253 0.1530196515151515 0.19412435240963857 0.08019832196969698 0.18776026807228915 0.08191324242424242 0.2115859909638554 0.12036658712121212 0.2612459487951807 0.1694176553030303
0 0.3565850090361446 0.19250242045454546 0.35328580722891567 0.21485276136363635 0.3715448765060241 0.2294427840909091 0.39051702409638556 0.27895915909090907 0.39928609337349397 0.2765961666666667 0.3825081777108434 0.22258645833333332 0.3565850090361446 0.19250242045454546
0 0.527640765060241 0.02934651515151515 0.5330157801204819 0.01170026515151515 0.5035102138554217 0.011052587121212121 0.5111997439759036 0.03182582954545454 0.527640765060241 0.02934651515151515
0 0.9304767168674699 0.27002866287878785 0.9399667168674698 0.28698167803030306 0.9023121746987951 0.33809999999999996 0.9041302259036146 0.3551693409090909 0.9607726265060241 0.32234671590909086 0.9803644216867471 0.3202377537878788 0.9626109728915663 0.22996721590909092 0.9447392168674699 0.24082199621212122 0.9432659186746988 0.2646313409090909 0.9304767168674699 0.27002866287878785
0 0.48597298493975905 0.7956224696969697 0.4695476777108433 0.7668811060606061 0.4406779186746988 0.7844157537878788 0.45528517469879515 0.7960877727272727 0.4508888554216867 0.8206847803030304 0.4662249036144578 0.836062465909091 0.4844996867469879 0.8194318106060605 0.48597298493975905 0.7956224696969697
0 0.12685665963855422 0.7928907954545454 0.1279616355421687 0.775033787878788 0.10640336144578313 0.7827941060606061 0.11626168674698796 0.7937947878787879 0.12685665963855422 0.7928907954545454
0 0.10975756325301206 0.6511713863636364 0.17223815361445782 0.632383768939394 0.17736326506024097 0.6114924318181818 0.1883187078313253 0.6202464469696969 0.19601422891566264 0.5732990984848485 0.17338241265060242 0.5364750643939393 0.045129882530120485 0.5807902954545455 0.04620342469879518 0.6253746477272727 0.07724384638554217 0.6501776893939394 0.10975756325301206 0.6511713863636364
0 0.27865051506024097 0.430067446969697 0.28961381325301205 0.423211125 0.2647720512048193 0.4221010984848485 0.27865051506024097 0.430067446969697
0 0.3703613343373494 0.40340319318181816 0.3663569096385542 0.3752168409090909 0.3374950060240964 0.37714114772727275 0.3429570120481928 0.4127388371212121 0.3703613343373494 0.40340319318181816
0 0.17940131325301206 0.1914722537878788 0.11695215060240964 0.14781850757575757 0.11656811144578312 0.18499152651515152 0.139936578313253 0.20991089393939394 0.17940131325301206 0.1914722537878788
0 0.15669189156626506 1 0.15233293373493975 0.9850305681818181 0.14909893373493976 1 0.15669189156626506 1
0 0.4778619939759036 0.9421841893939394 0.49758650602409643 0.9485752121212121 0.554228906626506 0.9157525833333333 0.5502323403614457 0.8719558977272728 0.5243013192771084 0.857482196969697 0.4819135602409639 0.8767085 0.4738811415662651 0.867166821969697 0.4391496234939759 0.9174974772727272 0.4584979518072289 0.9454511742424242 0.476772734939759 0.9288205151515152 0.4778619939759036 0.9421841893939394
0 0.6817605030120482 0.8521213446969698 0.6803186355421688 0.8134893257575757 0.6492939307228915 0.7574656060606061 0.6817605030120482 0.8521213446969698
0 0.6974491596385543 0.8927673787878787 0.6875751204819277 0.912987375 0.7047370753012049 0.9298240643939394 0.727024141566265 0.9257694166666666 0.7394528795180723 0.9107140909090908 0.7186391114457832 0.8909593939393939 0.6974491596385543 0.8927673787878787
0 0.8695941746987952 0.7429751401515151 0.8202789698795181 0.7348027575757576 0.8162509759036144 0.7534474280303031 0.841821530120482 0.7582631212121212 0.8695941746987952 0.7429751401515151
0 0.8294399337349397 0.6796564090909091 0.8155457560240964 0.7029107386363637 0.8323393885542169 0.7256997651515151 0.8674392289156626 0.6694167727272727 0.857212578313253 0.664368428030303 0.8667182951807229 0.6501007651515152 0.8506927409638554 0.5529657083333334 0.8262193012048192 0.5459033484848484 0.7977178674698795 0.557485662878788 0.7827187138554217 0.5985969962121213 0.7929217951807229 0.6504763636363636 0.8294399337349397 0.6796564090909091