0 0.5256302875 0.4019646587537092 0.5395205625 0.3907720074183976 0.5461372108333333 0.375170646884273 0.5526024991666667 0.3183011364985163 0.5454098916666666 0.21766514985163204 0.5366756441666667 0.20260765133531158 0.48964318166666665 0.19413658902077152 0.4926072808333333 0.20264028041543025 0.48975837333333333 0.217384059347181 0.4919978583333333 0.2404758115727003 0.5006530808333333 0.2503065252225519 0.49491909916666665 0.26177339762611274 0.51082118 0.3992711172106824 0.5195373441666666 0.40531827744807125 0.5256302875 0.4019646587537092
0 0.4699988458333333 0.3092398427299703 0.4789159216666667 0.3129466824925816 0.4830854816666667 0.3074084643916914 0.47717536583333336 0.2994114198813056 0.47741913416666665 0.28427720771513354 0.4842366925 0.26633553115727 0.4708520383333333 0.2562700994065282 0.46127128999999994 0.2633677670623145 0.4591222216666667 0.2853277166172107 0.44019780416666665 0.3152034169139466 0.45109920416666666 0.3173113071216617 0.451458165 0.32542456379821955 0.44366083250000005 0.33326359940652817 0.4333306941666667 0.3767535652818991 0.44827977 0.38089034124629084 0.4476522641666667 0.4097155326409496 0.4424781525 0.42695534421364983 0.4459840408333333 0.4322216335311573 0.45295964999999994 0.4247335296735905 0.4550477766666666 0.40655713204747773 0.46248614833333335 0.3906048382789317 0.4666737908333333 0.39407696142433235 0.46656999000000005 0.4106544080118694 0.4704167558333333 0.4150236127596439 0.46632621999999996 0.4257886201780416 0.4677078158333333 0.4312106261127597 0.4801736366666666 0.42738986053412464 0.4887565266666667 0.40117920919881306 0.477338115 0.38050448813056376 0.4827493016666667 0.37894503857566764 0.48851945 0.38549884569732934 0.498240165 0.379844412462908 0.49896478083333334 0.365256350148368 0.5031952825 0.3559345801186944 0.4963844175 0.3430616824925816 0.4885690016666666 0.3418903768545994 0.47912822166666663 0.35043128041543026 0.4735589833333333 0.3415371543026706 0.4764078916666667 0.3267933768545994 0.4677526683333334 0.3169626646884273 0.4699988458333333 0.3092398427299703
0 0.5282629058333334 0.5526444198813056 0.5282809883333334 0.561654759643917 0.534793835 0.5626308471810089 0.5412638224999999 0.5764008278931751 0.5487993033333334 0.5746856632047478 0.5568337116666667 0.5825269896142433 0.5554882833333333 0.5951256661721068 0.5487926108333334 0.6055002388724036 0.5481289375 0.6163047477744807 0.5537591183333334 0.6214153204747774 0.5671933241666667 0.5878722818991098 0.5758304633333334 0.5886926528189911 0.5788983641666667 0.5806188976261127 0.56928145 0.569695884272997 0.5806884716666666 0.5505456913946587 0.58620346 0.5324087952522255 0.585467455 0.507171940652819 0.5774330458333333 0.4993306127596439 0.5622221175000001 0.501317709198813 0.553219325 0.5231986557863502 0.5489526558333334 0.5144997462908012 0.5423788675 0.517307212166172 0.5403516833333333 0.531700056379822 0.5282629058333334 0.5526444198813056
0 0.4015928833333333 0.4421616884272997 0.39106852833333333 0.45717739614243325 0.37922352 0.46298754451038576 0.37978339083333335 0.4687604836795252 0.3877997166666667 0.4675914703264095 0.3979765025 0.48428742136498515 0.41092316916666666 0.4810128071216617 0.4200659308333333 0.46057509643916916 0.41812446416666665 0.4493801513353116 0.4109117783333333 0.44118789169139466 0.4015928833333333 0.4421616884272997
0 0.418792835 0.5092151335311573 0.4343808075 0.5243516379821959 0.4447223366666666 0.5206865890207716 0.44975647916666667 0.5020035415430267 0.4446928625 0.47185133086053416 0.4386608616666666 0.4714213961424332 0.4340285383333333 0.48542380415430264 0.41781306 0.49911249258160234 0.418792835 0.5092151335311573
0 0.5086835016666666 0.46105598516320473 0.489363955 0.46479774629080123 0.47797501666666664 0.49295828189910973 0.47983745749999995 0.4989264376854599 0.5077151175 0.49077825816023735 0.5161761225 0.4721347136498516 0.5086835016666666 0.46105598516320473
0 0.5048842933333333 0.5145323768545994 0.4801354758333333 0.5108232462908012 0.4639199983333333 0.5245119347181009 0.4664822775 0.537696262611276 0.4862826691666667 0.5345006513353115 0.5020963275 0.5254926008902077 0.5048842933333333 0.5145323768545994
0 0.5028236458333333 0.6829980979228486 0.49735151666666666 0.6883411008902077 0.4904730166666667 0.7100663323442136 0.49481871083333334 0.7239920296735904 0.5046184525 0.7235643827893175 0.5108761383333333 0.6998497670623145 0.5028236458333333 0.6829980979228486
0 0.4559204708333333 0.9096929821958457 0.46640866 0.87665659347181 0.46432722583333336 0.8640184139465876 0.45410758166666665 0.8601163560830861 0.44520859 0.8654198575667656 0.4422806566666667 0.874936847181009 0.44906674583333334 0.9096139792284867 0.4559204708333333 0.9096929821958457
0 0.65582499 0.8002716468842731 0.6572608341666666 0.8327246735905045 0.6705664625 0.8375633175074185 0.684438655 0.8173603234421365 0.68913192 0.7995743605341247 0.6873123383333334 0.7808123115727004 0.6802396208333333 0.7740632863501484 0.6628434575 0.7799896498516321 0.65582499 0.8002716468842731
0 0.6466688433333333 0.8823385103857566 0.6453254041666667 0.9001968738872405 0.6664444341666667 0.8911775771513353 0.6757091049999999 0.8729423145400593 0.6754110866666666 0.8610455059347181 0.6698418483333333 0.8521513783382788 0.6550508233333333 0.8584681765578634 0.6466688433333333 0.8823385103857566
0 0.7428251741666667 0.4046484747774481 0.7452113191666667 0.3983688887240356 0.7367817825 0.3643936231454006 0.7264221708333333 0.3590483308605341 0.7116311458333333 0.3653651290801187 0.7032491666666667 0.3892354614243323 0.707114015 0.40261500741839756 0.7074301175000001 0.4235221587537092 0.7222392249999999 0.42621570178041546 0.72969568 0.41927374777448073 0.7313210433333333 0.4095615400593472 0.7428251741666667 0.4046484747774481
0 0.9527176683333333 0.6276359525222552 0.938084695 0.6444063278931751 0.9331114941666667 0.6593058204747775 0.9323440208333333 0.6866877744807122 0.9400194683333333 0.6864158456973294 0.9414191466666667 0.7008481913946588 0.944024285 0.7012386261127597 0.9451688033333333 0.6909802685459941 0.9536478916666666 0.6813470637982195 0.9571176124999999 0.6685926721068249 0.9527176683333333 0.6276359525222552
0 0.90960231 0.7610295267062315 0.9144484408333333 0.7852625771513353 0.9273563491666666 0.77975 0.9371210091666667 0.7447680934718102 0.9348996075 0.7306866795252226 0.9278268900000001 0.7239376543026707 0.916602695 0.7317371899109792 0.90960231 0.7610295267062315
0 0.9377819783333333 0.5618700252225519 0.9449584966666666 0.5520416038575667 0.9457621375 0.5426803293768546 0.9424390766666666 0.5260633813056379 0.9331811233333334 0.5232536246290801 0.9258646366666666 0.5316388115727003 0.9238374525 0.5460316557863502 0.9268805775000001 0.5597621350148367 0.9242935225000001 0.5683820415430267 0.9272576216666666 0.5768857329376855 0.934452225 0.5760676513353116 0.9389626624999999 0.5696323486646885 0.9377819783333333 0.5618700252225519
0 0.9754338933333334 0.3015508100890208 0.9816848874999999 0.30865076854599405 0.9885995541666667 0.3049462181008902 0.9914385516666666 0.2989241350148368 0.9893670274999999 0.277564262611276 0.9877845225 0.27448257715133534 0.9825742458333334 0.273701706231454 0.9755376941666666 0.28497336350148367 0.9754338933333334 0.3015508100890208
0 0.6508823183333333 0 0.6502650133333333 0.01055955934718101 0.6545859325 0.04628949109792285 0.6643970641666667 0.08568676112759643 0.67090991 0.08666284866468843 0.6695102316666667 0.07223050296735906 0.6829558283333333 0.07851237982195845 0.7017155033333333 0.06899767952522255 0.7100907900000001 0.07594192284866469 0.7223557016666667 0.07446147774480712 0.7415962225 0.0654929287833828 0.7445241558333333 0.055975937685459935 0.7408783 0.04926641394658753 0.7333428200000001 0.05098158011869436 0.7235859383333334 0.03861533234421365 0.7068715308333334 0.042747526706231456 0.6955930858333333 0.023516040059347182 0.663789635 0.02206822403560831 0.6580804291666666 0.01173086350148368 0.6569427466666666 0 0.6508823183333333 0
0 0.5276339800000001 0.03437435756676557 0.5373727791666667 0.03773026557863502 0.5410614933333333 0.031645894658753705 0.5382983033333333 0.02080188427299703 0.5228683816666666 0.01611895697329377 0.5276339800000001 0.03437435756676557
0 0.45929237333333334 0.6091538353115727 0.46129478166666665 0.6165652255192878 0.4665660008333333 0.6135625430267062 0.4728350783333334 0.6296728412462907 0.4789280208333333 0.6263192240356084 0.4910777416666666 0.6015913100890208 0.4903779025 0.5943751364985163 0.482203525 0.5850905756676558 0.4731645658333333 0.5889508412462908 0.45929237333333334 0.6091538353115727
0 0.490852055 0.6257358635014837 0.5085281541666666 0.6226959673590505 0.5112551775 0.615519296735905 0.5043833691666667 0.6064299525222552 0.49334200166666664 0.602878827893175 0.490852055 0.6257358635014837
0 0.38769392166666666 0.5856229836795253 0.38172286333333333 0.5814094940652819 0.37063863583333334 0.590652262611276 0.368830445 0.6117151305637982 0.38129626666666666 0.6078943664688428 0.38881366416666663 0.5971688605341247 0.38769392166666666 0.5856229836795253
0 0.26221397999999996 0.624181559347181 0.2799329383333333 0.6083477715133531 0.28216103249999996 0.5916146097922849 0.2738647716666667 0.5898971543026706 0.26374223583333334 0.6002322255192878 0.2600106625 0.6191104896142433 0.25974881 0.6252343590504451 0.26221397999999996 0.624181559347181
0 0.2347086675 0.5788138427299703 0.24208609583333332 0.5666451038575667 0.24124628916666666 0.5579856958456973 0.23239015666666665 0.5504953026706232 0.2233511975 0.5543555697329376 0.22124498750000002 0.5635216261127597 0.22374632416666665 0.5804895074183977 0.2347086675 0.5788138427299703
0 0.29843816333333334 0.847689994065282 0.2915054125 0.8423842047477745 0.2817846975 0.8480386379821958 0.27805312416666667 0.8669169005934719 0.2932640525 0.8649298056379822 0.29777449 0.8584945029673591 0.29843816333333334 0.847689994065282
0 0.27180213 0.859816943620178 0.2608397875 0.8614926053412464 0.25530671583333336 0.8706191602373887 0.26047413416666665 0.8841939243323441 0.2665670775 0.8808403071216617 0.27354268666666665 0.8733522032640949 0.27180213 0.859816943620178
0 0.39665655916666664 0.7486294896142434 0.4074427675 0.7274899094955489 0.395823445 0.7091555059347181 0.38896972 0.709076502967359 0.37892621083333333 0.7246383605341246 0.3786824408333333 0.7397725741839762 0.38795847749999995 0.7515926706231454 0.39665655916666664 0.7486294896142434
0 0.8186025825 0.563920090504451 0.8280252791666666 0.5463688456973295 0.8282690483333334 0.5312346350148368 0.8196747683333334 0.5176203694362018 0.8087124258333334 0.5192960326409495 0.8008722341666666 0.5399289629080118 0.7979014416666667 0.562239847181009 0.8186025825 0.563920090504451
0 0.6261277483333333 0.7896577744807122 0.6154453408333334 0.7942199065281899 0.6103321733333333 0.8076761661721068 0.6124136066666667 0.8203143442136499 0.6210507466666667 0.8211347151335311 0.6300535391666667 0.7992537685459941 0.6261277483333333 0.7896577744807122
0 0.6096818858333333 0.7568515237388724 0.59533554 0.7456937908011869 0.59136689 0.7488916913946587 0.5938253683333333 0.7786534673590505 0.602602475 0.7809170741839763 0.6098399366666666 0.7673050994065281 0.6096818858333333 0.7568515237388724
0 0.5771082566666667 0.6106921053412463 0.5692928408333333 0.6095208011869436 0.5584276075 0.62543359347181 0.5601681633333333 0.6389688545994066 0.576401725 0.6342905089020772 0.5817158033333333 0.6184939302670623 0.5771082566666667 0.6106921053412463
0 0.7658334341666667 0.3948223442136498 0.7503606541666666 0.4029333115727003 0.7464710299999999 0.4113579985163205 0.7499521416666667 0.4384285237388724 0.7554423541666667 0.4420958620178041 0.7688156175 0.4123363768545994 0.7658334341666667 0.3948223442136498
0 0.7506472816666667 0.3750052047477745 0.7548777841666666 0.3656834317507418 0.7534781066666667 0.3512510860534125 0.7422967708333333 0.3462567270029674 0.7365018475 0.3615071543026706 0.7374816216666666 0.37160979525222554 0.7445543391666667 0.3783588204747775 0.7506472816666667 0.3750052047477745
0 0.4526408433333333 0.23173282195845696 0.4561895908333333 0.22420521661721068 0.4528055875 0.21137182047477746 0.44471023583333336 0.2073140459940653 0.4346486433333333 0.21386556379821958 0.4357683858333333 0.22541144213649852 0.4421593475 0.23395463353115725 0.4526408433333333 0.23173282195845696
0 0.21389561333333332 0.07743037091988131 0.20375499416666665 0.07875510089020772 0.20136884916666667 0.08503468694362018 0.20393112833333332 0.09821901632047478 0.21701776333333334 0.09638763798219584 0.21822322416666665 0.08234572700296736 0.21389561333333332 0.07743037091988131
0 0.45186268916666666 0.49283748516320475 0.44921469166666667 0.5052409451038575 0.45101618916666664 0.5149926543026706 0.45712721583333327 0.520649378338279 0.4615767116666667 0.5179976275964392 0.4642675675 0.4928002744807121 0.45186268916666666 0.49283748516320475
0 0.4650779016666667 0.45262442433234423 0.4538537066666667 0.46042395994065277 0.4484606025 0.47099374925816023 0.45320811666666666 0.48023881008902075 0.46026275166666664 0.4779774940652819 0.4681819683333333 0.4625713516320475 0.4650779016666667 0.45262442433234423
0 0.46897820666666673 0.21047702670623145 0.46322614166666665 0.21293355934718103 0.4589346975 0.22603888427299704 0.4601944075 0.23902799703264097 0.4695133025 0.2380541988130564 0.476050925 0.2172260519287834 0.46897820666666673 0.21047702670623145
0 0.5406563941666667 0.5127822922848665 0.5241248133333334 0.5055638278931751 0.5243618908333334 0.5212441913946587 0.5317145433333333 0.5308796854599407 0.5369857625000001 0.5278770014836796 0.5413562333333334 0.5199984643916914 0.5406563941666667 0.5127822922848665
0 0.46956227833333336 0.8429950489614244 0.48086549916666665 0.8404223026706231 0.48495603416666666 0.8296572952522255 0.48157203 0.8168238991097923 0.46768175500000003 0.8280165534124629 0.46956227833333336 0.8429950489614244
0 0.534674655 0.7422915118694362 0.518301125 0.74552662462908 0.5183982341666667 0.7597637537091989 0.5236875366666667 0.7657714109792285 0.5307421708333334 0.7635100949554897 0.5364761533333333 0.7520432210682493 0.534674655 0.7422915118694362
0 0.5797790358333333 0.6779384792284867 0.5892378991666667 0.6784079169139466 0.5912650825 0.6640150727002967 0.5828288541666666 0.6608543827893175 0.5782574724999999 0.6710732388724036 0.5797790358333333 0.6779384792284867
0 0.4150164075 0.6423413590504451 0.4074809283333333 0.6440565237388723 0.39908086583333335 0.6589165148367953 0.3988370958333333 0.6740507284866468 0.4089777141666667 0.6727259985163205 0.41798050833333333 0.6508450519287834 0.4150164075 0.6423413590504451
0 0.4194632008333333 0.4675960504451039 0.43247080916666664 0.460537884272997 0.4326536366666666 0.4491872255192878 0.4284659933333333 0.44571510237388723 0.41970696916666667 0.4524618382789317 0.41694378 0.4416178278931751 0.40638325666666664 0.4386128545994065 0.3917502841666667 0.45538322848664686 0.3790835516666667 0.4615443100890208 0.37992335916666664 0.4702037181008902 0.3880796525 0.47047793916913944 0.39893819333333336 0.4853797225519288 0.4117448933333333 0.4806618738872403 0.4194632008333333 0.4675960504451039
0 0.582329925 0.6512978916913946 0.58768017 0.6535219955489614 0.5962811425 0.6363216854599406 0.5926352874999999 0.6296121617210683 0.5821718733333334 0.6408443160237389 0.582329925 0.6512978916913946
0 0.5561613525000001 0.7256001409495548 0.5619134175 0.7231436083086054 0.5711532875 0.7169430237388724 0.5733813816666666 0.7002098605341246 0.5638615766666666 0.7035239762611276 0.5561613525000001 0.7256001409495548
0 0.5519194591666667 0.6950969985163205 0.5589740941666667 0.6928356824925817 0.5625228408333334 0.6853080771513353 0.5587370166666666 0.6771553189910979 0.5499170508333333 0.6876856068249257 0.5519194591666667 0.6950969985163205
0 0.54910202 0.6572219643916913 0.5419864433333333 0.6632668323442137 0.5383767541666666 0.6745779910979228 0.5403791625000001 0.681989381305638 0.5466120733333333 0.6800789985163205 0.5513843641666667 0.6675198234421366 0.54910202 0.6572219643916913
0 0.5380311783333334 0.6048355830860533 0.5468692275 0.6033156350148369 0.5449887033333334 0.5883371394658754 0.5384149149999999 0.5911446053412464 0.5345252899999999 0.5995692937685461 0.5380311783333334 0.6048355830860533
0 0.5024305125 0.5554100934718101 0.4899646908333333 0.5592308575667656 0.4842916516666667 0.5669141780415431 0.48711578333333333 0.5739746350148368 0.5017058983333333 0.5699981557863502 0.50497471 0.5595840801186943 0.5024305125 0.5554100934718101
0 0.24875358 0.1324335816023739 0.25628906 0.1307184169139466 0.25994160833333335 0.10661336498516322 0.24781666416666667 0.10953704599406527 0.25065888000000003 0.1256078427299703 0.24875358 0.1324335816023739
0 0.8599580166666667 0.7829826068249258 0.8548877075 0.783644971810089 0.85017636 0.7924205934718102 0.8497926225 0.8061115712166173 0.8550028991666666 0.806892440652819 0.8616985725 0.7965178694362017 0.8599580166666667 0.7829826068249258
0 0.8598856841666667 0.7469412433234421 0.8527701074999999 0.7529861112759644 0.8498421733333333 0.7625031023738873 0.8504020449999999 0.7682760400593471 0.8565740133333333 0.7701492106824925 0.8614862725000001 0.7590332700296736 0.8598856841666667 0.7469412433234421
0 0.5149619750000001 0.6184452670623145 0.5208540083333333 0.61743196884273 0.52658799 0.6059650949554897 0.5244456141666667 0.5971104703264095 0.5149438916666667 0.6094349272997033 0.5149619750000001 0.6184452670623145
0 0.4886239608333333 0.6424690267062314 0.48383358750000005 0.6460178605341247 0.48036386583333335 0.6587722522255193 0.48126461499999995 0.6636481068249258 0.4866758025 0.6620886572700296 0.4922698166666667 0.6491785504451039 0.4886239608333333 0.6424690267062314
0 0.4207303125 0.7233182121661721 0.4303291433333334 0.725230884272997 0.43469961333333335 0.7173523471810088 0.43468153 0.7083420059347181 0.42638526833333334 0.7066245519287834 0.4207303125 0.7233182121661721
0 0.4419437666666667 0.672925796735905 0.4340854925 0.684548387240356 0.4412191525 0.6875138575667656 0.44408614416666664 0.6817804213649851 0.4419437666666667 0.672925796735905
0 0.5505250541666666 0.10275482492581603 0.5511887275 0.09195031454005935 0.5455404633333333 0.07782940059347182 0.5402511608333334 0.07182174332344213 0.5362825108333333 0.07501964391691394 0.5379011825 0.09612201335311572 0.5423687608333334 0.10248060385756677 0.5505250541666666 0.10275482492581603
0 0.5095674516666667 0.0819198056379822 0.519227225 0.08004892433234422 0.5184483599999999 0.06760596439169139 0.5115946366666666 0.06752696142433234 0.50674332 0.07485934866468844 0.5095674516666667 0.0819198056379822
0 0.9394046374999999 0.38006425964391694 0.9286432058333333 0.37939960385756677 0.9262751433333333 0.3946895326409495 0.9317044141666666 0.4021404243323442 0.9379373249999999 0.4002300415430267 0.9414860716666668 0.3927024362017804 0.9394046374999999 0.38006425964391694
0 0.7190962866666666 0.22615453412462908 0.72608998 0.22767677151335314 0.7314221408333332 0.22089053412462908 0.7307223016666666 0.21367436201780418 0.7198209025 0.21156647329376854 0.7190962866666666 0.22615453412462908
0 0.7249501591666667 0.30857462166172106 0.7235257058333334 0.31594651038575666 0.7325827483333334 0.32109658605341246 0.7357115916666667 0.30923927596439166 0.7249501591666667 0.30857462166172106
0 0.5444971766666666 0.8215136988130565 0.5387451116666667 0.823970231454006 0.53527539 0.8367246231454006 0.5408446283333334 0.8456187492581603 0.5436506775 0.8436688664688428 0.5481430316666667 0.8282232225519287 0.5444971766666666 0.8215136988130565
0 0.49759998416666673 0.7438463798219584 0.503832895 0.7419359985163205 0.5073816416666667 0.7344083931750742 0.5045575091666666 0.7273479362017804 0.4954576075 0.7349917551928783 0.49759998416666673 0.7438463798219584
0 0.4917193416666667 0.7846845949554897 0.49775134249999997 0.7851145296735905 0.502383665 0.771112121661721 0.5006611925000001 0.7665872002967359 0.49504909499999994 0.7704869688427299 0.4917193416666667 0.7846845949554897
0 0.5690335041666666 0.9327788338278933 0.5710883566666667 0.9236347106824926 0.5652572658333334 0.9208644569732938 0.5633474700000001 0.9352071676557863 0.5690335041666666 0.9327788338278933