0 0.06135355042016807 0.38832259701492533 0.10798759663865547 0.4534278805970149 0.21786685714285714 0.5543958619402986 0.18034506722689075 0.5978036156716418 0.19520984033613445 0.6225894888059701 0.14262771848739494 0.6113606231343284 0.19122815966386553 0.6560195373134328 0.22068881512605043 0.6645465074626866 0.2582839411764706 0.6323327835820896 0.33840921008403363 0.6799976753731343 0.363521512605042 0.6659845447761193 0.38892715546218487 0.6967475335820895 0.4182655840336134 0.6866177873134328 0.41209750840336135 0.7069121156716418 0.4268889495798319 0.7205039589552238 0.4561051554621849 0.6917174962686568 0.5024703109243698 0.7157780037313433 0.5570921596638655 0.7177545298507463 0.5824733571428571 0.7447861791044776 0.6244412731092437 0.738843895522388 0.7171715840336135 0.7869649104477612 0.7801479075630252 0.7817828320895522 0.8281861218487395 0.7406208507462687 0.8258774999999999 0.7088284141791045 0.7336605252100841 0.7390656082089552 0.7039309831932773 0.6894938619402985 0.6492846890756302 0.6837859925373134 0.6238790462184874 0.653023 0.5944428361344538 0.6482273731343284 0.5819355756302521 0.6626966268656717 0.552450474789916 0.6504383134328358 0.5333595798319328 0.6217690559701493 0.5815200168067226 0.5992637910447761 0.6322090756302521 0.6421330522388059 0.653095256302521 0.6242365410447761 0.6595566638655462 0.6487183320895523 0.674274768907563 0.6511161455223881 0.688846205882353 0.6311258992537313 0.4084444327731092 0.4698957985074627 0.38500518907563025 0.41868644029850743 0.4015919075630252 0.38571251119402983 0.3910265924369748 0.37600405223880595 0.3429639369747899 0.41343469029850743 0.3580731554621849 0.4755339962686567 0.3157874579831933 0.43296881343283583 0.27799677731092437 0.4353317910447761 0.2715842521008403 0.4183126865671642 0.29247043277310925 0.40041617537313434 0.2292252226890756 0.36455347388059706 0.2542886386554622 0.34307766044776117 0.24165915126050422 0.3388901940298507 0.19546510924369748 0.34094908955223885 0.2462275 0.3950123843283582 0.21883102100840338 0.3809644179104478 0.1831778487394958 0.3890004328358209 0.21288294957983195 0.43484083582089555 0.19415871848739497 0.4621417276119403 0.1709883655462185 0.45197714552238805 0.12221681092436974 0.38119882835820895 0.06135355042016807 0.38832259701492533
0 0.3245711092436975 0.8119282201492538 0.34779035714285716 0.8295554888059702 0.3623862352941176 0.8132965858208955 0.3455061806722689 0.8014943917910448 0.3245711092436975 0.8119282201492538
0 0.26530757983193276 0.7426354701492538 0.2801723487394958 0.7674213432835821 0.3158499705882353 0.7631166753731343 0.2821143025210084 0.7432436343283582 0.26530757983193276 0.7426354701492538
0 0.1852311974789916 0.7024332686567164 0.14748940756302523 0.7122589328358209 0.17500810924369747 0.7449636156716418 0.2171226974789916 0.7614093917910447 0.22537939075630253 0.7393254141791045 0.2568797731092437 0.7386000485074627 0.24624112605042017 0.7176975559701492 0.17247948739495797 0.6795890858208955 0.1852311974789916 0.7024332686567164
0 0.5905942058823529 0.38136030970149254 0.6349929663865546 0.4258671828358209 0.6685330756302521 0.41588947761194034 0.7402060924369748 0.4557876007462687 0.7716575882352941 0.44759954850746264 0.7230571470588235 0.4029406343283582 0.6936453823529412 0.40187634701492536 0.680844781512605 0.37156948134328355 0.6472313361344537 0.3703531567164179 0.6345040714285713 0.35124031716417914 0.5629043865546219 0.322536223880597 0.4404200882352941 0.22111212313432835 0.36879595798319326 0.18867668656716416 0.3306630504201681 0.13880085820895524 0.24424748319327733 0.09277357835820896 0.19805344117647058 0.09483247388059701 0.2236546386554622 0.15544621268656716 0.3607837100840336 0.24807409701492536 0.4410800924369748 0.32185839179104475 0.5000747352941176 0.35010636194029854 0.5420670966386555 0.34789542537313434 0.5632466134453782 0.37477502985074623 0.5883589201680672 0.36076189925373137 0.5905942058823529 0.38136030970149254
0 0.8453458907563025 0.4745139888059701 0.8433306050420167 0.48749767164179103 0.8664765168067227 0.4939309067164179 0.8642656764705883 0.4770638432835821 0.8453458907563025 0.4745139888059701
0 0.8308233403361344 0.501966921641791 0.8373825336134454 0.5413740858208955 0.8687606932773109 0.5219920037313432 0.8434283823529412 0.5024230447761193 0.8308233403361344 0.501966921641791
0 0.8348783529411764 0.4797309029850746 0.8095216050420169 0.4564305970149254 0.7821984579831932 0.4535766641791045 0.7760059369747899 0.47013964552238807 0.8244841554621849 0.49614184701492536 0.8348783529411764 0.4797309029850746
0 0.8184871932773109 0.5425555746268658 0.8059065924369748 0.5458307985074627 0.8165207983193278 0.5630019440298508 0.8184871932773109 0.5425555746268658
0 0.7256835462184874 0.48324053358208957 0.7320960672268908 0.5002596380597014 0.7467652857142858 0.4951947649253731 0.7382641428571428 0.4799653134328358 0.7256835462184874 0.48324053358208957
0 0.4687210210084034 0.37321978731343286 0.451938743697479 0.3763429701492537 0.4583268193277311 0.3896307313432836 0.4687210210084034 0.37321978731343286
0 0.439847037815126 0.45424505597014925 0.43996926050420165 0.4729017723880597 0.461051 0.48485600746268653 0.44849484453781513 0.4918625708955223 0.49692417647058823 0.5104020820895522 0.5198500840336134 0.4832532313432836 0.5196300798319328 0.4496711417910448 0.45653153781512607 0.4361965037313433 0.439847037815126 0.45424505597014925
0 0.4053780294117647 0.3224317164179104 0.4097508235294118 0.34870316044776123 0.3888890882352941 0.3703310186567164 0.42464003781512605 0.37722037686567167 0.4457951092436975 0.40036864179104475 0.47299603361344533 0.3845658582089552 0.4726782521008403 0.33605839552238803 0.438991474789916 0.3236480410447761 0.4053780294117647 0.3224317164179104
0 0.2918348739495798 0.30340125 0.2538730798319328 0.2796448246268657 0.2958654411764706 0.27743388432835825 0.27045979831932776 0.24667089552238805 0.22446131512605041 0.27858054104477614 0.28561790756302524 0.3162328880597015 0.2918348739495798 0.30340125
0 0.887205205882353 0.7726001641791045 0.8935932857142858 0.7858879291044776 0.9166658613445378 0.7811271343283582 0.9081647226890757 0.7658976828358209 0.887205205882353 0.7726001641791045
0 0.8554359327731093 0.7322807574626865 0.8367117058823529 0.7595816492537313 0.8681876428571429 0.7551249365671642 0.8701540378151261 0.7346785708955224 0.8554359327731093 0.7322807574626865
0 0.6552083193277312 0.6261782313432835 0.6616697268907563 0.6506600223880598 0.6910570504201681 0.6479929626865671 0.7459233445378151 0.6872829253731343 0.790028768907563 0.6870136791044776 0.7878423739495798 0.6738779589552238 0.6951853949579833 0.6369509738805971 0.6887728739495799 0.6199318694029851 0.6552083193277312 0.6261782313432835
0 0.404525268907563 0.8334737052238805 0.3919446680672269 0.8367489291044776 0.4066872184873949 0.8428780858208955 0.404525268907563 0.8334737052238805
0 0.4382853823529412 0.8570780895522389 0.4488506932773109 0.866786552238806 0.46351990756302525 0.8617216791044776 0.455018768907563 0.846492223880597 0.4382853823529412 0.8570780895522389
0 0.6149026386554621 0.8858518544776119 0.5980225798319327 0.8740496641791045 0.5728124957983194 0.8731374179104479 0.5773075126050421 0.9180655783582089 0.6130584663865546 0.9249549402985074 0.6149026386554621 0.8858518544776119