0 0.3817735290697674 0.14295783790523692 0.3427767865448505 0.1338732007481297 0.32462468023255814 0.11059631421446384 0.2971336096345515 0.09586175810473815 0.2908756744186047 0.10302600872817955 0.28553405980066443 0.12740914339152118 0.2656521835548173 0.14049920074812966 0.2633421611295681 0.14959127431421446 0.26801164202657807 0.145320108478803 0.2728264377076412 0.15055383291770574 0.2630545315614618 0.1628155548628429 0.2600713762458472 0.18127491271820448 0.26320184219269105 0.19380981670822942 0.2877087599667774 0.21625904488778053 0.31317443936877076 0.19462733291770573 0.33118023421926907 0.197654644638404 0.35009935132890363 0.18566678054862842 0.36916478073089704 0.19392849251870325 0.418030303986711 0.1970879987531172 0.4343517699335548 0.20741649002493767 0.46203459302325584 0.2133348578553616 0.4738308903654485 0.226694716957606 0.4888040938538206 0.23426840274314215 0.49506202823920264 0.22710415211970075 0.5018962200996678 0.20423602493765586 0.4867757059800664 0.1656680773067332 0.46737421013289043 0.16746235162094764 0.45581910132890363 0.1591992880299252 0.4034860465116279 0.14281617581047382 0.3817735290697674 0.14295783790523692
0 0.250313457641196 0.3439622418952618 0.2522904111295681 0.3771602132169576 0.271167084717608 0.42647217082294264 0.2802184194352159 0.43115412219451366 0.28358807641196015 0.4272964476309227 0.28739167441860464 0.4304640685785536 0.2902315141196013 0.4239891945137157 0.29109739867109635 0.4165504102244389 0.2839705822259136 0.39891938778054864 0.28315013953488377 0.37729240897755606 0.2879639360465116 0.3717814463840399 0.2984079742524917 0.33940775436408976 0.2955186976744186 0.3319696458852868 0.2869487425249169 0.32673659850374065 0.2769810880398671 0.30483576309226934 0.2723116054817276 0.309106927680798 0.26605267192691034 0.30552649251870323 0.2590731677740864 0.3188897294264339 0.25580138455149504 0.3398286832917706 0.250313457641196 0.3439622418952618
0 0.29737231727574753 0.592045825436409 0.30945824169435215 0.6136707755610973 0.32553951661129565 0.6296471571072318 0.33964084219269103 0.5801915099750623 0.3431518164451827 0.5428599800498752 0.34050273006644516 0.5297739800498753 0.34136861378737543 0.5223351957605985 0.3470008546511628 0.5169618379052369 0.3314019584717608 0.5111790461346634 0.30174917524916944 0.5472755112219452 0.308489488372093 0.550304849127182 0.31209933554817276 0.5407992842892768 0.3162884377076412 0.5478239027431421 0.3213424227574751 0.5366650486284289 0.3236534443521595 0.5383176620947632 0.31383809634551496 0.601134518703242 0.309120176910299 0.6022373877805487 0.30536401827242526 0.5914933778054863 0.29737231727574753 0.592045825436409
0 0.39158439784053156 0.5497388802992519 0.3859985963455149 0.5367911608478803 0.3688122450166113 0.5446461408977555 0.3678989227574751 0.5596613167082294 0.3613039227574751 0.5661368665835411 0.353121469269103 0.5862501882793018 0.35110307142857144 0.6250967256857856 0.3606367848837209 0.6399722668329176 0.3699767483388704 0.6421746246882792 0.38244517857142857 0.635422512468828 0.37618424667774086 0.6103527057356608 0.3902855714285714 0.5608970586034913 0.39158439784053156 0.5497388802992519
0 0.3594652898671096 0.4672309812967581 0.35826233970099663 0.47398106483790525 0.3652912815614618 0.4745308092269327 0.36028373504983385 0.4673685860349127 0.39677470514950164 0.4513827381546135 0.3995176702657807 0.43857127182044886 0.38858825498338867 0.42851731546134664 0.36692517441860467 0.4425719588528678 0.3485348754152824 0.4464323379052369 0.3594652898671096 0.4672309812967581
0 0.427006742524917 0.43181645635910226 0.42782618687707635 0.4426987481296758 0.4362033911960133 0.44600329675810474 0.4753908870431894 0.4355270598503741 0.4861739892026578 0.42533144139650875 0.48675124501661127 0.42037225187032423 0.48020268438538205 0.4085267256857856 0.4500170863787375 0.4097719314214464 0.43740434136212625 0.4177638416458853 0.427006742524917 0.43181645635910226
0 0.4353435016611296 0.517910199501247 0.43558369186046514 0.5122623079800498 0.42966182392026575 0.5093705748129675 0.43091420930232555 0.5165334738154613 0.4353435016611296 0.517910199501247
0 0.42513465780730897 0.4909125698254364 0.42166912375415283 0.4991783366583541 0.42407702076411957 0.507167542394015 0.4334159850498339 0.4986252119700748 0.4315853438538206 0.48567681670822943 0.43726502325581396 0.47272706982543644 0.4327388563122923 0.4650137506234414 0.41430111877076414 0.4764505187032419 0.41473505980066444 0.483475812967581 0.42513465780730897 0.4909125698254364
0 0.39952366445182724 0.5030393902743142 0.3996669792358804 0.4910549064837905 0.39153096428571427 0.49284715211970076 0.3911948978405315 0.5029031371571072 0.3941800514950166 0.5059331521197008 0.39952366445182724 0.5030393902743142
0 0.36962569601328904 0.49106031546134665 0.35913122093023253 0.4987763379052369 0.3605763588039867 0.5078677369077307 0.38715110963455146 0.5053834089775561 0.3897497607973422 0.49381173940149625 0.3783874036544851 0.48747717581047384 0.36962569601328904 0.49106031546134665
0 0.21814391362126245 0.23679667456359102 0.1990310456810631 0.23611135411471323 0.18068918438538206 0.24314002743142143 0.16374402325581397 0.2560918017456359 0.1602784900332226 0.2643575710723192 0.16028048837209302 0.2858469426433915 0.17197991029900334 0.29287020822942644 0.2073153704318937 0.27605805610972567 0.21092521760797342 0.26655249002493764 0.20967183222591362 0.24864490523690774 0.21694096428571427 0.24354675810473816 0.21814391362126245 0.23679667456359102
0 0.18845168438538207 0.36642701995012467 0.19297785132890366 0.3741403379052369 0.20000679235880398 0.37469008354114713 0.20905712790697675 0.36862734788029927 0.22123493272425246 0.34286545885286784 0.2221008172757475 0.3354266733167083 0.2097262649501661 0.31628131920199504 0.20125318438538206 0.3173848628428928 0.19013401495016613 0.3376364675810474 0.18845168438538207 0.36642701995012467
0 0.14506409800664452 0.2516870897755611 0.13509744186046513 0.24053094014962592 0.1286951926910299 0.24893498877805487 0.13230703903654484 0.26091879551122193 0.13004545431893688 0.27317916583541146 0.1268201104651163 0.275797042394015 0.12316082641196015 0.2713896246882793 0.11757702325581396 0.27993127805486284 0.12114143023255815 0.2994914763092269 0.12701585880398672 0.30995960099750625 0.13226359634551496 0.3114739314214464 0.14530928239202656 0.29976262967581047 0.14968813870431893 0.27648168703241893 0.14506409800664452 0.2516870897755611