0 1 0.6166013627906977 0.998889561728395 0.6150108325581395 0.9275334969135802 0.5878024325581395 0.9115074567901235 0.5581598976744186 0.9200725370370371 0.5274355255813954 0.9103158981481481 0.4484941906976744 0.8009642592592593 0.33891791162790696 0.8277270555555555 0.3178978953488372 0.8682615524691357 0.32078351860465115 0.8712941049382715 0.30781075116279066 0.8183400493827161 0.2669534348837209 0.757681787037037 0.2637859046511628 0.7534600586419753 0.2546339186046512 0.7757555 0.2349776465116279 0.7594838333333334 0.21585084651162792 0.7371470555555556 0.22266958139534881 0.7386231913580247 0.24711613720930234 0.7118190586419754 0.2552986162790698 0.694195262345679 0.25023786976744183 0.7021037530864198 0.18919481627906976 0.675216950617284 0.17170222093023255 0.665625651234568 0.14411103255813953 0.732227401234568 0.17036137209302327 0.7713270956790124 0.16163797674418603 0.8130094290123456 0.17381081395348838 0.8291984259259259 0.16726254186046513 0.8305505555555556 0.15319648837209301 0.777309537037037 0.11001736744186047 0.7180447407407408 0.10562132093023255 0.6869775432098766 0.09181427441860464 0.6322603888888888 0.024188599999999998 0.5054940154320987 0.061280216279069766 0.4877485956790123 0.10524781395348837 0.47184655864197533 0.11411789069767442 0.43545112654320983 0.09470918139534883 0.3701212191358025 0.11625866511627907 0.3298736851851852 0.11569484883720929 0.31007821604938274 0.13057228139534885 0.2798305617283951 0.11089311162790698 0.24659168827160494 0.11702424418604651 0.21655071296296297 0.16153276279069767 0.18085320061728397 0.18528027209302325 0.030397916666666663 0.24325667441860466 0.006394595679012345 0.2070118069767442 0.01585139814814815 0.5131562069767442 0.07602214506172839 1 0.658328962962963 1 0.7207866543209877 0.9972522976744186 0.713314262345679 0.9800728186046511 0.7634790061728395 0.9358462139534884 0.7608136975308641 0.8892749000000001 0.8023720246913579 0.8629351302325582 0.874793262345679 0.8737556697674419 0.8828257592592593 0.8512252279069766 0.8556519969135802 0.8314108279069768 0.9152840401234568 0.7762628 0.9337273796296296 0.7754514209302326 0.9779923549382716 0.8085204976744186 0.9911074598765431 0.8021074534883721 0.9677857962962962 0.7634481627906977 1 0.7350472418604651 1 0.6166013627906977
0 0.0762995987654321 0.1770405441860465 0.09363643518518518 0.17977948604651162 0.09695595061728395 0.16912852325581393 0.08293862962962963 0.15573861860465116 0.07486479938271605 0.16543152325581395 0.08802123765432099 0.17185601860465116 0.0762995987654321 0.1770405441860465
0 0.0955211512345679 0.15751950465116277 0.12351445679012346 0.17146177674418606 0.12876002160493827 0.15138836976744185 0.11252969444444444 0.1450991069767442 0.0955211512345679 0.15751950465116277
0 0.01932771913580247 0.024307427906976747 0.000776067901234568 0.025123572093023256 0.0012953827160493829 0.04193537674418605 0.01830187962962963 0.045362411627906975 0.01932771913580247 0.024307427906976747
0 0.06825481790123457 0.022154976744186046 0.06301676851851852 0.04456248372093023 0.08043627469135803 0.0729765 0.1061339012345679 0.06834434186046512 0.11412506481481481 0.032976362790697676 0.12733988271604937 0.019555648837209304 0.06825481790123457 0.022154976744186046
0 0.005815521604938271 0.1882654418604651 0.06150406790123457 0.1823603 0.04826495679012346 0.15026073255813954 0.07228216049382716 0.14453528837209303 0.08834715123456789 0.09947440232558138 0.07346894753086419 0.07911908372093023 0.055312567901234566 0.08225226744186045 0.029165024691358024 0.12075343023255813 0.031460703703703706 0.13932786046511628 0.004957490740740741 0.16048847674418606 0.005815521604938271 0.1882654418604651
0 0.18572901543209877 0.016986932558139534 0.21052216666666665 0.025233920930232558 0.21977826234567902 0.015489004651162791 0.18572901543209877 0.016986932558139534
0 0.4890180555555555 0.06550668372093024 0.47721374691358026 0.04501613720930233 0.44647484259259257 0.04636843488372093 0.4546726790123457 0.07518814186046512 0.47647687037037034 0.07656333720930232 0.4890180555555555 0.06550668372093024
0 0.2401132314814815 0.014594409302325582 0.239006725308642 0.018144727906976743 0.27958255555555556 0.03386788837209302 0.3190988456790123 0.011119593023255813 0.2401132314814815 0.014594409302325582
0 0.3939730833333333 0.05918307209302325 0.41799028703703706 0.053457627906976744 0.4170880709876543 0.03365467906976744 0.37175792592592594 0.016973460465116278 0.34745376543209877 0.020377102325581396 0.35061032716049384 0.04591694883720931 0.3939730833333333 0.05918307209302325
0 0.9435889567901234 0.19257772558139533 0.9259238240740741 0.17467943953488374 0.9024805432098766 0.18504849534883722 0.9156783179012346 0.20431052558139534 0.9341216604938272 0.2034991465116279 0.9435889567901234 0.19257772558139533
0 0.9763437283950618 0.47010092325581393 0.9891718734567901 0.46136607441860467 0.979334950617284 0.4442906209302326 0.9435547716049383 0.4423630534883721 0.9259723086419752 0.4501398441860465 0.9355222746913581 0.46489349534883717 0.9763437283950618 0.47010092325581393
0 1 0.8935876906976744 0.986109901234568 0.8992060837209302 0.9743055925925925 0.878715534883721 0.8940974845679013 0.8799097046511628 0.8920474290123457 0.8508195395348837 0.8781541141975309 0.8759422441860465 0.8440956944444444 0.8879455023255814 0.8316371759259259 0.9246772302325581 0.79561137345679 0.9332654 0.7662246018518518 0.9205516418604651 0.7637659660493827 0.9381680162790698 0.726101074074074 0.9585004348837209 0.7150360185185185 0.9940036418604651 0.7192389660493826 0.9973203860465116 1 0.9849688604651162 1 0.8935876906976744