0 0.8378286688311688 0.8564147913385827 0.8731053798701298 0.8762169763779527 0.8947228831168832 0.9202481850393701 0.9227467305194804 0.9220243543307086 0.9432355422077923 0.8856808188976378 0.9274239383116882 0.8472646811023622 0.8867645844155844 0.8519879527559056 0.9020298928571427 0.8061879921259842 0.8737238701298701 0.7843181377952756 0.8422056525974025 0.8055901692913385 0.8564292077922078 0.8215485196850394 0.8378286688311688 0.8564147913385827
0 0.16701010064935065 0.07770913779527559 0.18645715909090907 0.10312392125984252 0.21970451298701296 0.11435652362204725 0.25558166883116884 0.0862886062992126 0.25937625649350654 0.03930535433070866 0.2414766103896104 0.015345740157480315 0.19429647727272725 0.012347460629921259 0.1821343181818182 0.021862330708661417 0.16701010064935065 0.07770913779527559
0 0.32811030194805196 0.26654877165354335 0.39707567857142856 0.28369535039370075 0.4265645357142857 0.2538537362204724 0.44313571753246755 0.2104178779527559 0.42324735064935065 0.19889131102362206 0.4113533766233766 0.16756748818897638 0.37621775 0.15781214566929133 0.33539926623376626 0.1965173188976378 0.3176632922077922 0.24763590944881889 0.32811030194805196 0.26654877165354335
0 0.5571521785714285 0.49026456299212595 0.6025937305194805 0.5088859330708662 0.6157935779220779 0.5425738582677165 0.6061930876623377 0.5839420472440945 0.6291345162337662 0.5863086220472441 0.6588186071428571 0.4344276417322835 0.6424246071428572 0.3998528661417323 0.5950947857142858 0.3827087559055118 0.5679535584415585 0.3531561692913386 0.5949717499999999 0.3286331771653543 0.6047133246753247 0.2973118307086614 0.562306788961039 0.3135592047244094 0.5048121331168831 0.2975959173228347 0.4593525324675325 0.3230032834645669 0.44380505844155843 0.34870956692913385 0.4173873051948052 0.3253624527559055 0.4031457045454545 0.35343284251968504 0.38894019805194807 0.2934457559055118 0.3683103019480519 0.31974244488188974 0.3172039383116883 0.3055528503937008 0.2624440681818182 0.3483933582677165 0.24181417207792205 0.3746900472440945 0.24645528246753245 0.38798784645669293 0.19852501948051948 0.4187138425196851 0.19762435389610392 0.490519 0.22490667207792206 0.5301184291338583 0.17798206493506494 0.5871435826771654 0.13921098051948053 0.5903896023622047 0.1884290746753247 0.6060564488188976 0.21832314610389608 0.6503840984251968 0.2525942012987013 0.6438871259842519 0.275694762987013 0.612271811023622 0.2733832337662338 0.5836085393700787 0.24668331168831167 0.5401677440944882 0.25090116233766235 0.5233250157480315 0.27006604545454543 0.5286461141732284 0.284448737012987 0.5106225669291338 0.28736071103896105 0.4914157283464567 0.2653018961038961 0.46127273228346455 0.27910219155844157 0.44709055511811024 0.29186073701298704 0.494666688976378 0.31799631168831166 0.49792011811023623 0.32786092857142857 0.5206743543307086 0.41729706493506497 0.5455061377952756 0.43499693831168834 0.5824450196850394 0.4820445844155844 0.5794954409448819 0.4972737954545454 0.6217529527559056 0.4478965681818182 0.6400679960629921 0.41171919155844156 0.6920709645669291 0.3829718636363636 0.6840893228346457 0.35145364610389607 0.7053613503937008 0.34621209415584414 0.739933657480315 0.3573825844155844 0.765052 0.38815927272727274 0.7816032283464567 0.41545963636363636 0.7771739212598425 0.4272125292207792 0.7984508976377952 0.45784812662337665 0.8049552834645669 0.5068020941558442 0.7564997125984252 0.5260030746753247 0.6737633346456693 0.5699976623376624 0.679973751968504 0.5881568928571428 0.658995688976378 0.5855631883116883 0.6102387362204724 0.6006874090909091 0.5543919291338583 0.5834107954545454 0.5475935708661417 0.5571521785714285 0.49026456299212595
0 0.6810152077922077 0.836894220472441 0.6683977532467533 0.7993649251968504 0.645015012987013 0.8108865551181103 0.6505206915584416 0.8404366732283465 0.6810152077922077 0.836894220472441
0 0.6499743961038961 0.7562205669291339 0.6483863441558442 0.7337627755905511 0.6293625454545454 0.7384885196850394 0.6328388668831169 0.7594690511811023 0.6499743961038961 0.7562205669291339
0 0.6494100487012987 0.7160331968503937 0.6420160974025975 0.6879603385826772 0.6224099025974026 0.6965274527559054 0.6290803701298702 0.7183948346456692 0.6494100487012987 0.7160331968503937
0 0.6283749383116883 0.668160622047244 0.6352045454545454 0.6560461141732283 0.6164809642857143 0.6368368070866142 0.6110983246753248 0.6613622677165355 0.6283749383116883 0.668160622047244
0 0.6889046103896104 0.7189926574803149 0.6835400194805195 0.6994893818897637 0.6709045162337662 0.7059888267716535 0.6749632305194806 0.7231279921259842 0.6889046103896104 0.7189926574803149
0 0.6973403116883117 0.6853072047244094 0.6913933246753247 0.6696452952755905 0.6793402175324675 0.6723033700787401 0.6833989318181819 0.6894425393700787 0.6973403116883117 0.6853072047244094
0 0.7388281363636364 0.784893716535433 0.739851840909091 0.7671641417322834 0.7246045844155844 0.7689353700787401 0.7260515454545454 0.7813463228346457 0.7388281363636364 0.784893716535433
0 0.7460629512987013 0.8469484763779527 0.766551762987013 0.8106049409448819 0.7752515909090909 0.8410419094488188 0.7981930194805195 0.8434084881889763 0.8047404480519481 0.8112002952755906 0.7566871461038961 0.7878507086614174 0.7277806818181818 0.8138509566929134 0.7295098181818181 0.8463555905511811 0.7460629512987013 0.8469484763779527
0 0.829411012987013 0.8460715078740157 0.8304347175324674 0.8283419330708661 0.8157698538961039 0.8262717913385826 0.8166344220779221 0.8425241102362205 0.829411012987013 0.8460715078740157
0 0.9145423571428573 0.745612968503937 0.909760159090909 0.7222683267716535 0.884348064935065 0.7252203700787402 0.8930478896103895 0.7556573385826771 0.9145423571428573 0.745612968503937
0 0.9502242824675325 0.8395844173228347 0.9448596883116882 0.8200811417322835 0.928447642857143 0.8295351023622047 0.9325063603896103 0.8466742716535433 0.9502242824675325 0.8395844173228347
0 0.8044763246753247 0.7470778700787402 0.8023058798701298 0.7284614448818898 0.78705862012987 0.7302326732283464 0.7905349448051948 0.7512132086614173 0.8044763246753247 0.7470778700787402
0 0.664552314935065 0.6161576535433071 0.6584461915584415 0.6344776417322835 0.6982409772727273 0.6135020472440945 0.6507700681818183 0.5863110944881891 0.6439404642857143 0.5984256062992126 0.664552314935065 0.6161576535433071
0 0.2616155974025974 0.24408356692913385 0.25928601623376624 0.25944903543307085 0.2650919155844156 0.26506410236220473 0.27917438636363634 0.27097561023622047 0.2867274707792208 0.2650665708661417 0.29311576298701303 0.2668402716535433 0.2987805779220779 0.26240849212598427 0.2878922597402597 0.25738383858267716 0.27744525 0.23847097244094487 0.27366870454545456 0.24142549212598424 0.2672804123376623 0.2396517874015748 0.2616155974025974 0.24408356692913385
0 0.7012251461038962 0.41818026377952755 0.7185017597402598 0.42497861811023624 0.732302051948052 0.41079644094488194 0.7294081266233766 0.38597453937007875 0.7228787467532468 0.37415399606299216 0.7069080064935065 0.36971974803149604 0.6925253181818182 0.38774329527559054 0.6945546753246753 0.39631288188976377 0.6928074902597402 0.40783698031496063 0.7012251461038962 0.41818026377952755
0 0.7355831428571429 0.553816346456693 0.7450245 0.5464300511811023 0.7467716818181818 0.5349059488188976 0.7434364480519481 0.5239722559055118 0.7338540064935064 0.5213117086614173 0.7206361071428571 0.5316525196850393 0.7194713181818181 0.539335251968504 0.7246948246753246 0.5487916850393701 0.7355831428571429 0.553816346456693
0 0.7525414902597403 0.6285784881889764 0.7460121071428572 0.6167579488188977 0.7428179577922077 0.6158710984251969 0.7371531428571428 0.620302874015748 0.735988353896104 0.6279856102362205 0.7386001071428572 0.6327138267716536 0.7431001331168832 0.635964783464567 0.7525414902597403 0.6285784881889764
0 0.7494195324675325 0.4515766929133858 0.7514488896103896 0.4601462755905512 0.762337211038961 0.46517092913385827 0.7659726688311688 0.45216957086614173 0.7588608896103896 0.4441903976377953 0.7494195324675325 0.4515766929133858
0 0.7786081688311689 0.44567012598425193 0.7729433571428571 0.450101905511811 0.7717785681818181 0.4577846377952756 0.7743903214285713 0.46251285433070866 0.7839727629870129 0.465173405511811 0.7849964675324675 0.44744382677165356 0.7786081688311689 0.44567012598425193
0 0.8215971038961039 0.4255813858267717 0.815932288961039 0.4300131614173228 0.8147675 0.4376958937007874 0.81737925 0.44242411023622047 0.8282675714285714 0.44744876771653547 0.8388737175324675 0.4323797401574803 0.8215971038961039 0.4255813858267717
0 0.8994033896103896 0.48321177559055123 0.9082623506493506 0.47966684645669294 0.9094271428571429 0.4719841141732284 0.9028977597402598 0.46016357086614174 0.8997036103896104 0.45927672047244095 0.8940387954545455 0.4637085 0.8896798603896103 0.47050438188976373 0.8949033636363637 0.4799608188976378 0.8994033896103896 0.48321177559055123
0 0.9418099253246752 0.4669643976377953 0.9474747402597403 0.4625326220472441 0.9486395292207792 0.45484988976377955 0.9447218993506494 0.447757562992126 0.9351394577922078 0.4450970118110236 0.9294746428571429 0.44952879133858265 0.92889225 0.45337016141732284 0.9341157532467532 0.4628265905511811 0.9418099253246752 0.4669643976377953
0 0.9026336331168832 0.3960411496062992 0.8962453376623377 0.39426744881889764 0.8905805227272728 0.3986992283464567 0.8958040292207793 0.40815566141732285 0.8971099058441557 0.4105197716535433 0.9065512629870129 0.40313347637795277 0.9026336331168832 0.3960411496062992
0 0.9118289123376623 0.28050370078740156 0.9189406883116883 0.288482874015748 0.925328987012987 0.2902565708661417 0.9376642662337662 0.30769217716535435 0.947246711038961 0.3103527283464567 0.9484115000000001 0.3026699921259843 0.9443527857142857 0.28553082677165353 0.9359351298701298 0.2751875433070866 0.9370999220779221 0.26750480708661417 0.9331822922077921 0.2604124842519685 0.9204057012987014 0.25686508661417323 0.9109643441558442 0.2642513779527559 0.9118289123376623 0.28050370078740156
0 0.9374001428571429 0.2435697559055118 0.9394295 0.2521393385826772 0.9471236753246753 0.2562771456692914 0.9565650292207792 0.24889085433070865 0.9468415 0.23618346456692912 0.9374001428571429 0.2435697559055118
0 0.9905178181818183 0.3103576692913386 0.9911002110389611 0.3065163031496063 0.984570827922078 0.29469575984251967 0.9781825357142857 0.292922062992126 0.9725177207792208 0.29735383858267717 0.973382288961039 0.31360615354330706 0.9842706071428572 0.3186308149606299 0.9905178181818183 0.3103576692913386
0 0.800174827922078 0.25951080708661417 0.8128103344155845 0.2530113622047244 0.8189164577922078 0.2346913818897638 0.8123870746753247 0.22287083858267714 0.8028046298701299 0.2202102874015748 0.7863925844155844 0.22966425196850393 0.7820336461038961 0.23646013385826772 0.7860923636363636 0.2535993031496063 0.800174827922078 0.25951080708661417
0 0.7398912337662338 0.3168299330708661 0.7249441980519481 0.29466611023622047 0.7185559058441559 0.2928924094488189 0.714920448051948 0.3058937677165354 0.7182556818181818 0.3168274606299213 0.7227557077922078 0.32007841732283465 0.7368381753246753 0.3259899251968504 0.7398912337662338 0.3168299330708661
0 0.7082319285714286 0.32805512204724413 0.7088143246753247 0.3242137559055118 0.7048966948051948 0.31712142913385827 0.6985084025974027 0.3153477322834646 0.6928435876623377 0.31977950787401577 0.6948729448051948 0.328349094488189 0.7025671168831169 0.33248689763779526 0.7082319285714286 0.32805512204724413
0 0.6234369058441558 0.31652113779527563 0.6280780162337662 0.329818937007874 0.6357721883116884 0.33395674409448817 0.6433252727272727 0.3280477086614173 0.6534901136363637 0.3268668937007874 0.6629314707792208 0.3194805984251968 0.6640962564935066 0.31179786614173227 0.6569844805194806 0.3038186889763779 0.6494313961038961 0.3097277244094488 0.6334606558441559 0.3052934763779528 0.6234369058441558 0.31652113779527563
0 0.6491311753246753 0.3336627755905512 0.6434663603896104 0.33809455511811026 0.6370600162337662 0.3803495905511811 0.6396717694805194 0.3850778070866142 0.646060064935065 0.3868515039370079 0.647224853896104 0.37916877165354335 0.6446131038961039 0.37444055511811025 0.6469426785714285 0.35907508661417326 0.650719224025974 0.35612056692913385 0.6524664090909091 0.344596468503937 0.6562429512987012 0.34164194881889764 0.6523253214285715 0.3345496220472441 0.6491311753246753 0.3336627755905512
0 0.666708012987013 0.3165260787401575 0.6687373701298701 0.3250956614173228 0.6783198116883117 0.3277562125984252 0.6787611201298701 0.313868 0.6723728214285715 0.3120943031496063 0.666708012987013 0.3165260787401575
0 0.670784775974026 0.28963650787401574 0.671949564935065 0.2819537755905512 0.664837788961039 0.2739746023622047 0.6546729512987013 0.2751554212598425 0.6516198863636363 0.2843154133858268 0.6542316428571429 0.2890436299212598 0.665119961038961 0.29406828740157476 0.670784775974026 0.28963650787401574
0 0.2890750974025974 0.20567237007874017 0.27949265584415584 0.2030118188976378 0.2776043831168831 0.20448907874015748 0.2828278896103896 0.21394551181102361 0.2905220616883117 0.2180833188976378 0.2929927272727273 0.21276469291338582 0.2890750974025974 0.20567237007874017
0 0.1646952694805195 0.41132260629921263 0.15641870454545453 0.4110261653543307 0.15525391233766234 0.41870890157480317 0.1578656655844156 0.4234371181102362 0.16744810714285713 0.42609766535433075 0.16861289935064935 0.41841493307086614 0.1646952694805195 0.41132260629921263
0 0.4240905746753247 0.6214490984251969 0.41756119155844157 0.6096285590551181 0.41436704220779225 0.6087417086614173 0.40870222727272726 0.6131734842519685 0.4081198344155844 0.6170148503937007 0.41334333766233766 0.6264712834645669 0.4210375097402597 0.6306090905511811 0.4240905746753247 0.6214490984251969
0 0.787521275974026 0.3100389881889764 0.7734388116883117 0.3041274842519685 0.7639974545454545 0.31151377952755904 0.7622502694805195 0.3230378779527559 0.7731385876623377 0.32806253543307085 0.786356487012987 0.31772172440944885 0.787521275974026 0.3100389881889764
0 0.8336863084415583 0.3348658307086614 0.8342687012987013 0.33102446456692913 0.8303510746753247 0.32393214173228346 0.8271569253246753 0.3230452913385827 0.8214921103896103 0.32747707086614175 0.8235214707792208 0.33604664960629926 0.8280214935064935 0.3392976102362205 0.8336863084415583 0.3348658307086614
0 0.8858163733766233 0.3313258464566929 0.8821809188311689 0.3443272086614173 0.8930692402597403 0.34935186614173225 0.8961222987012988 0.34019187007874013 0.8922046720779221 0.3330995472440945 0.8858163733766233 0.3313258464566929
0 0.921816564935065 0.35733350787401574 0.9248696298701299 0.34817351574803146 0.9171754545454546 0.3440357125984252 0.914122396103896 0.3531957047244094 0.921816564935065 0.35733350787401574
0 0.5079012889610389 0.20037844881889766 0.49701297077922074 0.19535379527559055 0.48757161363636364 0.20274008661417323 0.48698921753246754 0.2065814566929134 0.497877538961039 0.21160611023622047 0.5073188961038961 0.20421981496062994 0.5079012889610389 0.20037844881889766