0 0.6788804512195122 0.4374876231884058 0.6603786910569106 0.4165781014492754 0.607814581300813 0.448580134057971 0.5634866544715447 0.41835451811594204 0.5843955691056911 0.39429401449275364 0.6138458089430894 0.38783478985507247 0.6245920853658536 0.4039537536231884 0.6533327642276423 0.40464103985507244 0.6805017682926829 0.379706884057971 0.7335732276422764 0.3840460579710145 0.766571243902439 0.3418542753623189 0.8525910894308942 0.38740384057971017 0.8576342642276422 0.3573354927536232 0.8150802235772358 0.30924359420289854 0.754962837398374 0.29296735869565216 0.6614926585365853 0.3224561594202899 0.621650918699187 0.30922316304347824 0.5948366991869919 0.3305840652173913 0.5421200162601626 0.322671634057971 0.4953849268292683 0.33741603623188404 0.46983724390243903 0.30456945289855075 0.4544025691056911 0.3149455760869565 0.4585339837398374 0.33551145652173914 0.43121241463414633 0.3205311485507246 0.40404341463414634 0.3454653043478261 0.3811317520325203 0.32752039130434785 0.29982695528455283 0.35883513768115943 0.26652379674796745 0.3211980036231884 0.23742833333333332 0.3240839746376811 0.18671439837398374 0.35817695652173914 0.23829046341463414 0.3568519239130435 0.22179145528455285 0.3779478152173913 0.25403028455284554 0.4263047173913043 0.13937269918699188 0.5033845036231884 0.0887350487804878 0.5574347173913043 0.14664747967479674 0.5751932608695652 0.19984486178861788 0.5160874891304348 0.2230350162601626 0.5105019166666667 0.23862226422764227 0.54004025 0.2059790243902439 0.5786587753623188 0.2395606788617886 0.592765427536232 0.26716073983739835 0.5842152500000001 0.2135323008130081 0.6269370471014493 0.25778394715447156 0.6372054347826086 0.27030410975609753 0.6354581231884058 0.24810200000000002 0.6103666992753624 0.3121219430894309 0.5873371268115942 0.2936201829268293 0.5664276050724638 0.3012993780487805 0.5512609275362319 0.33744076829268294 0.560312018115942 0.3818946178861789 0.5270926920289856 0.3618478292682927 0.5839211413043479 0.4047566463414634 0.6284397789855072 0.41578141463414636 0.6210282608695652 0.40275389837398373 0.5864343695652174 0.42984660975609756 0.5415429855072464 0.7138812154471544 0.43730125 0.7016395406504066 0.41551807608695657 0.6872691991869918 0.4151744311594203 0.6788804512195122 0.4374876231884058
0 0.3987447276422764 0.2123025579710145 0.41602957317073175 0.204017384057971 0.4034331219512195 0.18580746376811594 0.37953341056910567 0.19853954710144928 0.3987447276422764 0.2123025579710145
0 0.33259611382113824 0.25677166304347826 0.36681104065040654 0.24377457608695655 0.3328746056910569 0.2332411775362319 0.3163755975609756 0.2543370724637681 0.33259611382113824 0.25677166304347826
0 0.22148630894308943 0.29811889855072465 0.29582145934959353 0.2748243152173913 0.3079105650406504 0.2566930326086957 0.2776744837398374 0.25034153985507246 0.2716928902439024 0.22768471014492755 0.2297224837398374 0.2358912463768116 0.2003485325203252 0.2623077065217391 0.23578036585365852 0.27850530797101447 0.22148630894308943 0.29811889855072465
0 0.5703073943089431 0.6605408768115942 0.5475483048780488 0.6825104239130434 0.5073517886178861 0.6728506811594203 0.4480965325203252 0.6893423949275362 0.3643082926829268 0.7456699311594203 0.22417931300813007 0.8098603659420289 0.1941720894308943 0.863380561594203 0.23842373577235773 0.8736489492753623 0.32563383333333334 0.8450338043478262 0.36674210975609756 0.8040593188405797 0.4385175325203252 0.7858202934782609 0.5653405081300813 0.7105664565217391 0.6367611504065042 0.6959006884057971 0.6507004268292683 0.6798603550724638 0.6831414634146341 0.6847295434782609 0.6981450731707317 0.6579694420289856 0.7265309796747967 0.662229981884058 0.7772449146341464 0.6281370000000001 0.7477183861788619 0.6146389963768116 0.6752334105691057 0.6400245289855072 0.6438567073170731 0.6244355760869565 0.5971979024390244 0.6591372065217391 0.5932190609756098 0.678485786231884 0.5703073943089431 0.6605408768115942
0 0.8689412032520325 0.6165144746376812 0.872565268292683 0.6007391485507246 0.8497298902439024 0.6027514673913044 0.8505157317073171 0.6155621847826087 0.8689412032520325 0.6165144746376812
0 0.851149 0.588458445652174 0.8772536666666667 0.574244054347826 0.8487914756097561 0.5500262862318841 0.8389836138211383 0.5866324963768116 0.851149 0.588458445652174
0 0.8409100731707317 0.6086806811594203 0.8323687520325203 0.5910794094202898 0.7834287073170733 0.607306115942029 0.7879148983739838 0.6242987355072465 0.8144506300813008 0.6264683260869566 0.8409100731707317 0.6086806811594203
0 0.8306444959349594 0.5255435108695652 0.8189101707317072 0.5401015398550725 0.830720780487805 0.5455007391304347 0.8306444959349594 0.5255435108695652
0 0.7479968780487805 0.5911085108695652 0.7575262479674797 0.5780327826086956 0.7438654634146341 0.5705426304347826 0.736186268292683 0.5857093115942028 0.7479968780487805 0.5911085108695652
0 0.4707030528455285 0.6274583876811595 0.4633786341463415 0.6390518079710145 0.4792443739837398 0.6450596594202899 0.4707030528455285 0.6274583876811595
0 0.47311021138211384 0.5824883659420289 0.5350014837398374 0.5808983297101449 0.5381944837398375 0.5487390289855073 0.5185521097560976 0.5185920434782609 0.4703216178861789 0.5276722391304348 0.48177745121951215 0.5366446920289855 0.4604374715447154 0.5443212173913043 0.45866358130081303 0.5621875 0.47311021138211384 0.5824883659420289
0 0.44624635772357724 0.6872514420289855 0.4797517235772358 0.681400865942029 0.48436383739837396 0.6349485434782609 0.4596019959349593 0.6149126739130435 0.43719768292682926 0.6333089673913044 0.402196918699187 0.6334953405797101 0.42034389430894303 0.6579781159420289 0.41380532520325203 0.6823822536231884 0.44624635772357724 0.6872514420289855
0 0.2980567479674797 0.6668224057971014 0.2358869837398374 0.6919429275362319 0.27730040650406507 0.7307973623188406 0.3044694024390244 0.7058632065217391 0.26427288617886174 0.6962034673913043 0.3028977154471545 0.6802417717391304 0.2980567479674797 0.6668224057971014
0 0.9368103902439024 0.3474602753623188 0.9463397601626016 0.3343845507246377 0.9245687154471545 0.32567710144927536 0.9172442967479675 0.33727052536231883 0.9368103902439024 0.3474602753623188
0 0.8974760040650407 0.3705684855072464 0.8973997154471545 0.3506112572463768 0.8675184146341463 0.3406865108695652 0.8831056626016259 0.37022484420289853 0.8974760040650407 0.3705684855072464
0 0.7128168821138212 0.448021018115942 0.7204960772357724 0.4328543405797102 0.8129019268292683 0.4140853043478261 0.8161712113821138 0.4018832355072464 0.7737697398373984 0.3937057971014493 0.7175052804878049 0.42152592753623186 0.6894741544715448 0.4136921304347826 0.681085406504065 0.4360053188405797 0.7128168821138212 0.448021018115942
0 0.46126926829268294 0.18360877536231884 0.44654414634146344 0.1868383876811594 0.45835475609756093 0.19223759057971015 0.46126926829268294 0.18360877536231884
0 0.5080806463414634 0.1888216050724638 0.5176100121951219 0.1757458804347826 0.5039492276422765 0.16825572826086957 0.49292446341463414 0.1756672427536232 0.5080806463414634 0.1888216050724638
0 0.6653685609756098 0.17979094202898552 0.667066162601626 0.14196743840579712 0.6320653943089432 0.1421538043478261 0.6237529308943089 0.18442422463768116 0.6480837073170732 0.188076115942029 0.6653685609756098 0.17979094202898552