0 0.35350026681614355 1 0.350808937219731 0.915062216 0.33869404260089686 0.890359592 0.3514994798206278 0.808328436 0.347188899103139 0.772873932 0.3338413542600897 0.756768368 0.34480150672645743 0.622088592 0.3356308632286995 0.584131256 0.3157116547085202 0.570180516 0.28124382959641253 0.5958199359999999 0.26166251569506727 0.6595907 0.18392569730941705 0.7977323679999999 0.16550650224215246 0.889797132 0.18539567264573992 1 0.21128424215246636 1 0.20698599103139015 0.949931996 0.22102407623318387 0.859303784 0.24946971524663678 0.8028675279999999 0.2697657735426009 0.81055004 0.30412411434977576 0.9057913999999999 0.316992701793722 0.917957576 0.31876323766816145 1 0.35350026681614355 1
0 0.45483324887892373 1 0.4476017892376682 0.924288508 0.437127966367713 0.93181928 0.43390897757847535 0.961549832 0.4357728677130045 1 0.45483324887892373 1
0 0.48689582062780273 1 0.48250961210762333 0.9865782040000001 0.4724126390134529 0.987840752 0.4698819394618834 1 0.48689582062780273 1
0 0.8412817085201794 0.864841528 0.8196824753363229 0.90264712 0.7977769215246637 0.909829884 0.7922652713004483 0.9300711 0.8065659461883408 0.952008792 0.859494331838565 0.93465374 0.8586650896860987 0.9328774280000001 0.8694922511210762 0.931375452 0.8905215784753363 0.924480004 0.8864591434977578 0.8991852239999999 0.8412817085201794 0.864841528
0 0.9082625896860986 0.881794852 0.9088436457399103 0.8959418520000001 0.921610130044843 0.8979004159999999 0.9183595650224216 0.8805323039999999 0.9082625896860986 0.881794852
0 0.5667086165919282 0.967162488 0.5779677107623318 0.9941939399999999 0.5878604753363228 0.972516168 0.581084596412556 0.954255776 0.5667086165919282 0.967162488
0 0.7042662152466368 0.965070372 0.7234001524663677 0.94445888 0.7195685246636772 0.912943768 0.7088904910313901 0.900059316 0.6927008049327354 0.907416084 0.6893797085201794 0.9269390240000001 0.7042662152466368 0.965070372
0 0.7916526322869955 0.868825432 0.8041443744394619 0.8872598279999999 0.8145160919282511 0.869521448 0.803359105381166 0.8526976079999999 0.7916526322869955 0.868825432
0 0.9250017578475337 0.84148642 0.9452978139013453 0.849168936 0.9464283565022422 0.8303642680000001 0.933559769058296 0.8181980919999999 0.9250017578475337 0.84148642
0 0.8924181704035875 0.8357847279999999 0.8860191412556053 0.811256112 0.9125100156950673 0.82305202 0.9309607869955157 0.778085924 0.9208322354260089 0.7322498040000001 0.9103584147982063 0.739780576 0.9033393721973094 0.78509468 0.8802717017937219 0.763983444 0.8605567040358745 0.7704479280000001 0.8518965896860986 0.783528644 0.8535376614349776 0.815762032 0.8751684730941703 0.825055104 0.8815675022421524 0.8495837199999999 0.8924181704035875 0.8357847279999999
0 0.9959045538116592 0.7109910079999999 0.9926416031390135 0.704607304 0.98435833632287 0.711419796 0.9902784125560539 0.732009024 0.995798798206278 0.727204908 0.9959045538116592 0.7109910079999999
0 0.49791402690582964 0.944659216 0.5043130582959641 0.9691878279999999 0.5173542825112107 0.9546705600000001 0.5100994529147982 0.9324707799999999 0.49791402690582964 0.944659216
0 0.4842285919282511 0.850832148 0.47088104932735425 0.83472658 0.4227909417040359 0.860736268 0.4182371950672646 0.8888562640000001 0.48090749551569506 0.870355088 0.4842285919282511 0.850832148
0 0.4787874686098655 0.834182308 0.4922055426008969 0.81339682 0.5123994910313902 0.81087172 0.5242785986547085 0.7680604560000001 0.5199680156950672 0.732605948 0.49690034529147986 0.7114947079999999 0.4756779596412556 0.7430320840000001 0.4787874686098655 0.834182308
0 0.4646936053811659 0.6995247960000001 0.4623304147982063 0.726926516 0.47852010313901344 0.719569752 0.47479058071748875 0.698262248 0.4646936053811659 0.6995247960000001
0 0.503267798206278 0.68892466 0.535474538116592 0.700894572 0.553407403587444 0.7359788079999999 0.5769224506726457 0.7139307720000001 0.5712771165919283 0.676865712 0.5157279641255605 0.6602603880000001 0.5061099439461884 0.6654623279999999 0.503267798206278 0.68892466
0 0.5808246076233183 0.708554828 0.5918794887892377 0.71517106 0.6068049506726458 0.66931268 0.6321337085201794 0.6528145879999999 0.6381243116591929 0.636512756 0.631827390134529 0.622191752 0.5968806121076233 0.643891784 0.5808246076233183 0.708554828
0 0.6046459730941703 0.717129624 0.5967395538116592 0.717673896 0.5956090112107623 0.736478564 0.6294568228699552 0.7806818640000001 0.6673794260089686 0.792825784 0.7202906434977578 0.853308656 0.754004773542601 0.8402056840000001 0.7040693789237669 0.8135667560000001 0.6373316636771301 0.7330389239999999 0.6046459730941703 0.717129624
0 0.7434751726457399 0.622450724 0.7580237869955156 0.582860568 0.7750692757847534 0.573174972 0.7984506412556054 0.49382065199999997 0.7421867466367713 0.405762056 0.723806504484305 0.41383709599999996 0.7104200089686099 0.481721256 0.7217812107623318 0.518960316 0.7003398587443946 0.7922592519999999 0.7164590156950673 0.821793544 0.7300813004484306 0.821423272 0.7482573295964127 0.792933008 0.7412772421524664 0.754257392 0.7434751726457399 0.622450724
0 0.7918010695067265 0.663954928 0.8132592443946188 0.6999314480000001 0.813910831838565 0.677187392 0.7986474753363229 0.645324264 0.7918010695067265 0.663954928
0 0.8934224080717489 0.628585392 0.8599830201793722 0.625212536 0.8516997533632287 0.632025028 0.8690515582959641 0.652962264 0.8998214394618834 0.653114012 0.8934224080717489 0.628585392
0 0.8638146502242152 0.656727648 0.8487555044843049 0.645279748 0.8347563721973094 0.651918236 0.8302026255605381 0.680038232 0.8585072062780269 0.697384092 0.8638146502242152 0.656727648
0 0.9798435426008969 0.655550068 0.9963075022421525 0.649212388 0.9965774865470852 0.60781934 0.9785793206278026 0.617048456 0.9798435426008969 0.655550068
0 0.9547969058295964 0.524483936 0.9430904349775785 0.540611764 0.9592801210762332 0.533254996 0.9547969058295964 0.524483936
0 0.967665495515695 0.536650112 0.9969815426008969 0.545870596 0.9972073968609866 0.511243496 0.9915573901345291 0.508333852 0.967665495515695 0.536650112
0 0.9425409506726458 0.573563428 0.9273091726457399 0.5887989720000001 0.926178630044843 0.60760364 0.9676265426008969 0.620639836 0.9807382982062781 0.569231512 0.9476757556053812 0.5595904319999999 0.9331976726457399 0.562289532 0.9425409506726458 0.573563428
0 0.9124931928251121 0.513776572 0.902773062780269 0.5087709 0.8926760896860987 0.5100334480000001 0.8876433901345292 0.534214056 0.9113626502242153 0.53258124 0.9124931928251121 0.513776572
0 0.9096826233183857 0.584337572 0.9020825246636771 0.615504676 0.9075236457399103 0.6321545159999999 0.916183760089686 0.6190738 0.9157753385650225 0.578243352 0.9058509977578475 0.552822456 0.899279331838565 0.554977284 0.9096826233183857 0.584337572
0 0.9146837466367713 0.5130582960000001 0.9305986928251121 0.522177364 0.9312502802690583 0.499433308 0.9241996636771301 0.49764874400000003 0.9146837466367713 0.5130582960000001
0 0.8506397399103139 0.613938636 0.8556724417040359 0.589758028 0.8367111390134528 0.583686072 0.8374332578475336 0.5240509600000001 0.8527671412556054 0.519023024 0.8653609910313902 0.5476650399999999 0.8810717242152466 0.5363688839999999 0.8731337286995515 0.489814488 0.8580745852017937 0.478366584 0.8249415156950674 0.50561656 0.8209688273542601 0.5478835599999999 0.8278468116591928 0.5763515640000001 0.8103928991031389 0.54520672 0.8016306793721973 0.548079824 0.7872862780269059 0.608085204 0.8231909596412557 0.594263948 0.8374964103139013 0.618248296 0.8506397399103139 0.613938636
0 0.916606937219731 0.39772746000000003 0.8840233520179371 0.392025772 0.8730705739910314 0.39561715199999997 0.8737537421524664 0.419971764 0.8867244372197309 0.44234554800000003 0.916606937219731 0.39772746000000003
0 0.9725329349775784 0.40806455999999997 0.9579527443946187 0.400556048 0.9362514058295964 0.42815403199999996 0.9506589596412556 0.462345988 0.9785551165919283 0.438861396 0.9725329349775784 0.40806455999999997
0 0.981935168161435 0.35424880400000003 0.9694550022421525 0.364013 0.9799604013452915 0.40358089999999996 0.9881302443946188 0.405203292 0.981935168161435 0.35424880400000003
0 0.8259457488789238 0.29841722800000003 0.8233078183856503 0.34229478 0.8348416524663678 0.35285039999999995 0.8869360246636772 0.33167238 0.8860096950672646 0.37089227199999997 0.9019246412556055 0.38001134000000003 0.9080878811659193 0.337026064 0.9292397376681615 0.342379748 0.9453273206278028 0.32481537200000005 0.9558716704035874 0.280393544 0.9673349775784753 0.32784022 0.978471966367713 0.325763988 0.9505084529147981 0.09576425999999999 0.9476663116591928 0.11922659199999999 0.888144470852018 0.14488826800000001 0.9032036165919283 0.156336168 0.9074120919282512 0.18158306 0.9137795470852018 0.159013012 0.9253133811659193 0.169568632 0.9274334058295963 0.20574141199999998 0.9446831076233184 0.216471036 0.9362272062780269 0.24996697599999998 0.8856402242152467 0.24607210399999999 0.8559303565022421 0.264006748 0.8259457488789238 0.29841722800000003
0 0.8445691569506726 0.226767684 0.8716095156950673 0.205611924 0.8827349260089685 0.1753371 0.8752758834080717 0.132722092 0.8184625067264574 0.07761516 0.7966590605381165 0.095005536 0.7924821636771301 0.11685730800000001 0.757912235426009 0.132289116 0.73898250896861 0.173315828 0.745962596412556 0.21199144 0.7757040403587444 0.241155468 0.8141761255605381 0.220347716 0.8210225336322869 0.201717052 0.8445691569506726 0.226767684
0 0.7155936793721973 0.059459491999999996 0.7104421390134529 0.088456084 0.7214970201793721 0.09507231199999999 0.7265297197309417 0.070891704 0.7171633228699552 0.059589916 0.7155936793721973 0.059459491999999996
0 0.7219370201793721 0.183001424 0.7291213228699551 0.242092264 0.7510584506726456 0.282008168 0.7280297331838564 0.176907208 0.7219370201793721 0.183001424
0 0.7447225739910315 0.351676888 0.7492057914798206 0.360447944 0.767860773542601 0.33589707199999996 0.7745734977578476 0.259960132 0.7560206210762332 0.29471862 0.7586195986547085 0.334830788 0.7447225739910315 0.351676888
0 0.8028780784753363 0.277305988 0.8220120156950673 0.2566945 0.7865862869955157 0.27445514 0.7829904484304933 0.310453916 0.8030822937219732 0.297721208 0.8028780784753363 0.277305988
0 0.7597817174887892 0.36312478800000003 0.7519774035874439 0.37387667199999997 0.7661807488789237 0.38765340800000003 0.7597817174887892 0.36312478800000003
0 0.6789501434977578 0.147939444 0.6665605044843049 0.13971266 0.6394180426008969 0.150660808 0.628292630044843 0.18093563199999999 0.634448495515695 0.269038748 0.6180861726457398 0.30307896 0.6315358228699552 0.329392136 0.6481023587443946 0.315767148 0.6746321838565023 0.243573332 0.684493369955157 0.174796896 0.6789501434977578 0.147939444
0 0.6612383116591928 0.442545884 0.674860596412556 0.442175616 0.6869439170403587 0.419779568 0.6733921614349776 0.38325878 0.6589140739910314 0.385957884 0.6490213116591929 0.407635652 0.6612383116591928 0.442545884
0 0.6138629461883408 0.5400088479999999 0.6105418475336323 0.559531792 0.6237872847533633 0.565429748 0.6239599215246637 0.538746304 0.6138629461883408 0.5400088479999999
0 0.5974764237668162 0.39586200000000005 0.599219600896861 0.438303004 0.606647067264574 0.433819344 0.6062386457399103 0.39298889600000003 0.5974764237668162 0.39586200000000005
0 0.5619412130044843 0.534503424 0.5875762847533633 0.5486281639999999 0.5891857802690583 0.5337628839999999 0.5719360807174888 0.52303326 0.5619412130044843 0.534503424
0 0.5417472623318386 0.537028516 0.5344219013452914 0.551719788 0.5445188766816144 0.550457244 0.5417472623318386 0.537028516
0 0.5248112556053812 0.42583333599999995 0.5379545852017937 0.421523676 0.5461357488789238 0.40450357600000003 0.539359869955157 0.38624318 0.5161195650224215 0.391815384 0.5123195134529148 0.407398936 0.5248112556053812 0.42583333599999995
0 0.5500768587443946 0.31513790799999997 0.5447694170403587 0.355794352 0.5587685493273542 0.34915586000000004 0.570168701793722 0.3024052 0.5500768587443946 0.31513790799999997
0 0.5593569865470852 0.232214472 0.5532642713004484 0.238308688 0.5608959506726457 0.254240248 0.5593569865470852 0.232214472
0 0.5901658161434977 0.14837649200000003 0.5956069394618834 0.165026332 0.6030344058295964 0.160542668 0.5984490829596413 0.141564 0.5901658161434977 0.14837649200000003
0 0.6504097713004484 0.0630797 0.6277505246636772 0.08279890799999999 0.6502371367713005 0.089763144 0.6504097713004484 0.0630797
0 0.6577667085201794 0.095487096 0.6561572107623318 0.110352372 0.6645425852017937 0.11374748800000001 0.670054239910314 0.093506272 0.6577667085201794 0.095487096
0 0.5687781704035875 0.075508916 0.5622420739910313 0.046717332 0.5414733452914798 0.044991636 0.5417062376681614 0.049566007999999995 0.5687781704035875 0.075508916
0 0 0.6339063119999999 0.008484446188340808 0.7036908439999999 0.015739280269058298 0.725890628 0.05177764573991031 0.769375656 0.07015788789237667 0.761300616 0.03210160089686099 0.691850416 0.012182392376681615 0.677899684 0.019036177130044844 0.528180628 0.026738383408071748 0.507221136 0.06274517264573991 0.503607492 0.06948947533632287 0.47476922 0.0640167735426009 0.411020716 0.11984804260089686 0.28006181199999997 0.1607854260089686 0.24205995200000002 0.21301347757847536 0.27818821200000005 0.25490876905829596 0.248065136 0.2725353161434978 0.25252653599999997 0.2824596547085202 0.277947432 0.27913855605381166 0.297470372 0.24388546188340807 0.28854756800000003 0.24638233632286996 0.318452124 0.22457889013452914 0.3358425 0.22022935650224212 0.38437772000000003 0.27060475112107624 0.498945756 0.2928166188340807 0.5223858320000001 0.3103410605381166 0.5166396240000001 0.32927078475336324 0.475612916 0.33170450448430494 0.411320136 0.3649396816143498 0.394277772 0.35803012107623317 0.31871109599999997 0.3201075156950673 0.306567184 0.318945399103139 0.27827318 0.33007081165919283 0.247998356 0.3773051165919283 0.2243175 0.4117413632286996 0.15157941600000002 0.46862526681614347 0.169795288 0.5021109686098655 0.041720972 0.46806737668161436 0.038892248000000004 0.3155514932735426 0.088901728 0.3158748408071749 0.103133232 0.2986567197309417 0.139502276 0.2876018385650224 0.132886044 0.2899650269058296 0.10548431999999999 0.27853329820627803 0.10513631200000001 0.2721658452914798 0.127706364 0.24348441704035872 0.116628732 0.24154509192825113 0.113168196 0.1400493677130045 0.14644832400000002 0.09441280269058297 0.161412408 0.10291203811659193 0.168866628 0.09815407847533632 0.176571404 0.06469427130044843 0.17115702400000002 0.05787225560538116 0.17339394 0.08333072421524663 0.232637392 0.07877697757847534 0.260757388 0.06135464349775784 0.276711212 0.05727984977578476 0.308770596 0.00019173318385650226 0.2701395 0 0.269089184 0 0.6339063119999999
0 0.3897189529147982 0.41073134800000005 0.3670597062780269 0.43045055200000004 0.38194621748878926 0.468581896 0.3520321390134529 0.46610132 0.3413856816143498 0.500315532 0.36311859641255606 0.51981622 0.3774945762331839 0.506909504 0.4214393632286995 0.54985026 0.42551415470852016 0.5177908760000001 0.3897189529147982 0.41073134800000005
0 0.4535124192825112 0.504513896 0.4647715134529148 0.531545348 0.4754179686098655 0.497331136 0.46693049103139017 0.483728404 0.4535124192825112 0.504513896
0 0.4524913587443946 0.40243777999999997 0.4610809439461883 0.426248124 0.4702200112107623 0.417106796 0.4629651816143498 0.394907012 0.4524913587443946 0.40243777999999997
0 0.5154048228699551 0.320362108 0.5047267869955157 0.307477652 0.4797748789237668 0.31770752399999996 0.47542534529147984 0.366242744 0.5127668901345291 0.36423966 0.5154048228699551 0.320362108
0 0.5232165134529149 0.178521832 0.5185606614349776 0.196434216 0.5291365896860987 0.19911105599999998 0.5232165134529149 0.178521832
0 0.7572606434977579 0.155033172 0.739461461883408 0.177255216 0.74784683632287 0.180650332 0.7572606434977579 0.155033172
0 0.7410393811659193 0.115291268 0.7501079192825112 0.143041 0.757056432735426 0.134617952 0.7505552959641255 0.09988172000000001 0.7410393811659193 0.115291268
0 0.7191338295964125 0.122474032 0.7103716076233184 0.125347136 0.7136221771300448 0.142715252 0.7191338295964125 0.122474032
0 0.7241981053811659 0.145392092 0.7103010807174888 0.162238192 0.7230675627802691 0.164196756 0.7241981053811659 0.145392092
0 0.7047504753363228 0.266469136 0.6947556031390134 0.277939292 0.7014293766816143 0.285992076 0.7047504753363228 0.266469136
0 0.7252191659192825 0.247468204 0.7157032511210762 0.26287775599999996 0.7262791793721973 0.265554596 0.7252191659192825 0.247468204
0 0.7285086883408072 0.180846596 0.7291213228699551 0.242092264 0.7510584506726456 0.282008168 0.7285086883408072 0.180846596
0 0.678770130044843 0.30571128399999997 0.6953366636771301 0.292086296 0.6850354775784754 0.27293362000000004 0.6982493385650224 0.231732904 0.6691205313901345 0.263814552 0.6672362959641255 0.295155664 0.678770130044843 0.30571128399999997
0 0.71022317264574 0.33021764000000003 0.714910600896861 0.35940392000000004 0.7423278049327354 0.33197994 0.7228875515695067 0.321968596 0.71022317264574 0.33021764000000003
0 0.21229136098654708 0.33782332400000004 0.19723221748878925 0.326375424 0.17618246412556052 0.331229356 0.17505192152466367 0.350034016 0.21068186547085202 0.3526886 0.21229136098654708 0.33782332400000004
0 0.1969500986547085 0.473939648 0.20239122197309417 0.490589488 0.2229620179372197 0.481796168 0.21036817040358743 0.45315416 0.1969500986547085 0.473939648
0 0.08376334753363228 0.45165489999999997 0.08311175784753363 0.474398952 0.09587824215246638 0.47635752000000003 0.09605087668161434 0.44967407200000004 0.08376334753363228 0.45165489999999997
0 0.12210175112107623 0.37354086799999997 0.12323229147982062 0.3547362 0.10656365246636772 0.358153576 0.09276873318385649 0.385207292 0.10382361434977579 0.39182352400000003 0.12210175112107623 0.37354086799999997
0 0.1455536457399103 0.257295496 0.1311776659192825 0.270202208 0.13709774215246637 0.29079143599999996 0.1455536457399103 0.257295496