0 0.09941272682119205 0.735332383084577 0.08989519536423841 0.780605 0.1086784105960265 0.7955484452736319 0.16414333278145696 0.8111191840796019 0.1709480430463576 0.759749592039801 0.14686043874172186 0.7389449751243781 0.09941272682119205 0.735332383084577
0 0.23852206456953642 0.7298119104477612 0.23188789735099338 0.8239866741293532 0.2803775629139073 0.8481218283582089 0.30382294205298016 0.8523323930348259 0.31005738245033115 0.7542291218905472 0.2628028774834437 0.7268096791044776 0.23852206456953642 0.7298119104477612
0 0.06895214735099338 0.5850596094527363 0.060256733443708604 0.5715772238805971 0.05056865894039735 0.5740446716417911 0.039393576158940395 0.6852850895522388 0.05219419867549669 0.6928431243781095 0.0716063261589404 0.6728384179104477 0.0823230380794702 0.6393513233830845 0.0881710678807947 0.5888617537313432 0.08425906622516556 0.5709792562189054 0.07771951821192052 0.5684023731343283 0.06895214735099338 0.5850596094527363
0 0.4409109817880794 0.8937814029850746 0.44606749006622515 0.790225380597015 0.376167059602649 0.7664523880597015 0.3725241887417219 0.8643198582089553 0.42727492715231785 0.8934361666666667 0.4409109817880794 0.8937814029850746
0 0.5952419685430463 0.8527779925373135 0.5434825281456953 0.8273543930348259 0.5283328360927152 0.8326977089552239 0.5230910546357616 0.9148511442786069 0.5872513890728477 0.9439042686567165 0.5952419685430463 0.8527779925373135
0 0.6973058526490066 0.8276319104477612 0.678841059602649 0.9649108258706468 0.7207911771523179 0.9864691019900498 0.751054582781457 0.9908522835820895 0.7644574850993378 0.8603777412935323 0.7166100463576159 0.8528366368159204 0.6973058526490066 0.8276319104477612
0 0.5868753592715231 1 0.5869862268211921 0.9978507437810946 0.5034497433774834 0.9737325149253732 0.5030822003311258 1 0.5868753592715231 1
0 0.4350578841059603 0.998319935323383 0.4368190894039735 0.9512479651741294 0.36472681622516556 0.9316392835820896 0.36520461092715234 0.9707945273631842 0.4350578841059603 0.998319935323383
0 0.3022356738410596 0.9459818656716419 0.3016444139072848 0.9080389104477611 0.22955214238410596 0.8884302288557214 0.22699796688741722 0.9163347462686566 0.3022356738410596 0.9459818656716419
0 0.17927036092715232 0.8723878880597015 0.087559440397351 0.8450485572139304 0.08630863907284768 0.8608966716417911 0.17364857450331125 0.8953126293532339 0.18046954304635762 0.8841734129353234 0.17927036092715232 0.8723878880597015
0 0.8860372897350993 1 0.8879587632450331 0.9379539129353234 0.8216065860927152 0.9130650970149253 0.8138609205298013 1 0.8860372897350993 1
0 0.9807782367549668 1 0.9829327930463576 0.9813984179104477 0.9707810645695364 0.9756177089552239 0.9520831208609273 0.9820768482587064 0.9504922947019868 1 0.9807782367549668 1
0 0.9448786291390728 1 0.9516340993377485 0.9416759427860696 0.9239982417218542 0.9219871492537313 0.917265486754967 0.9432171144278606 0.9179570066225164 0.9962835671641791 0.9242513228476821 1 0.9448786291390728 1
0 0.9237064486754967 0.8728492039800995 0.9037240513245033 0.8461202313432836 0.8913497880794702 0.9455751268656716 0.8944623344370861 0.9556006069651742 0.9117678907284769 0.9611627935323384 0.9237064486754967 0.8728492039800995
0 0.5598141175496688 0.6125579527363184 0.5620552533112583 0.6448660398009951 0.5737419652317881 0.6620411343283582 0.5863000860927152 0.656933619402985 0.5920761605960264 0.6365836741293532 0.581346130794702 0.6185285597014926 0.5598141175496688 0.6125579527363184
0 0.32134577814569537 0.30992859701492537 0.4773782284768212 0.5272804552238806 0.5565443427152318 0.6112695124378109 0.5620552533112583 0.6448660398009951 0.5789251043046358 0.6615695298507462 0.591240726821192 0.6437964701492537 0.5886851341059604 0.6289624601990049 0.46479347682119204 0.4293035497512438 0.34110833774834437 0.25738 0.30845988576158945 0.2809679776119403 0.32134577814569537 0.30992859701492537