0 0 0.9846454041666667 0.12790905140186917 0.98730045 0.12707127570093457 0.9560240666666666 0.11387307943925234 0.9057357208333333 0.11729604906542056 0.8391209166666667 0.1444150023364486 0.7521586541666667 0.1813986214953271 0.7049958749999999 0.2010135186915888 0.7199905583333333 0.2226027523364486 0.8288032 0.2340090046728972 0.845711425 0.22042804672897195 0.9621297666666667 0.22478047429906542 0.9893112375 0.2636123200934579 0.9901172833333334 0.2578658971962617 0.9587390083333334 0.2689073574766355 0.8547715541666666 0.2600406028037383 0.8254124416666666 0.2846880163551402 0.7467346083333334 0.28529965420560743 0.7092365125 0.2739613574766355 0.6881618291666667 0.30416348598130843 0.5554170416666667 0.3001718434579439 0.513655525 0.2818266962616822 0.49243539999999997 0.2430511331775701 0.5062180583333333 0.21407228037383177 0.5639666583333334 0.11527523598130841 0.6765322041666667 0.08348504672897196 0.7633975125 0.0884531168224299 0.8885366083333334 0.08004059345794393 0.9029495166666667 0.06396310514018691 0.8859443291666668 0.03119648831775701 0.88943205 0 0.922725025 0 0.9846454041666667
0 0.35457767990654204 0.9023963583333334 0.3470951098130841 0.9314161041666666 0.341726976635514 0.9917387333333333 0.3624059415887851 0.9921679708333334 0.36632373130841117 0.8984723124999999 0.35457767990654204 0.9023963583333334
0 0.3963254859813084 0.9928720458333333 0.3931278785046729 0.974050275 0.38265157476635514 0.9717488833333333 0.3748802663551402 0.9924269041666667 0.3963254859813084 0.9928720458333333
0 0.5020576261682242 0.9947233916666666 0.49823070093457944 0.976231925 0.481745453271028 0.9842254708333333 0.48430044158878505 0.9946981666666667 0.49102837149532713 0.9948378208333334 0.5020576261682242 0.9947233916666666
0 0.6125400747663551 0.9869404125 0.6140154906542056 0.9935618125 0.6451470677570094 0.9932388208333334 0.6453066915887851 0.9834526916666667 0.6362360560747664 0.9665929458333333 0.6186849392523364 0.9683125666666667 0.6125400747663551 0.9869404125
0 0.7250575093457944 0.9642687708333334 0.7351940140186916 0.9874024375 0.748277773364486 0.9730864958333334 0.7392750981308411 0.9520602916666667 0.7250575093457944 0.9642687708333334
0 0.886189785046729 0.9907379708333334 0.8883469088785046 0.9801618166666667 0.8769406565420561 0.9632535875 0.8649227686915887 0.9838434583333334 0.874105644859813 0.9908633458333332 0.886189785046729 0.9907379708333334
0 0.8324959509345794 0.9664989041666666 0.8294342593457944 0.9393442208333334 0.8547862640186916 0.9607097916666666 0.8799558691588785 0.9216375166666667 0.8761001495327103 0.8715430958333333 0.8643540981308412 0.8754671458333333 0.8507946214953271 0.918948275 0.8302497757009346 0.8893467625 0.8092292102803739 0.8889104291666666 0.7985490303738317 0.8991084041666666 0.7956697336448598 0.9323915666666667 0.8164184626168224 0.9494937125 0.8194801518691589 0.9766483958333333 0.8324959509345794 0.9664989041666666
0 0.9568953528037384 0.9315703041666666 0.9576893855140187 0.95451005 0.970637226635514 0.9485270124999999 0.9686414042056075 0.9276462541666667 0.9568953528037384 0.9315703041666666
0 0.9896743271028037 0.92732505 0.981521285046729 0.9258296749999999 0.977644081775701 0.9486724541666667 0.9892295 0.9545963875000001 0.9896743271028037 0.92732505
0 0.9438330794392523 0.8729490458333333 0.9469627289719627 0.8959372708333333 0.9599105677570093 0.8899542333333332 0.953243511682243 0.8689765166666666 0.9438330794392523 0.8729490458333333
0 0.4147600771028037 0.9369885124999999 0.4178217686915888 0.9641431916666666 0.43317318457943926 0.9540421833333333 0.4289097056074766 0.9289464875 0.4147600771028037 0.9369885124999999
0 0.41405549065420566 0.8369451041666667 0.40271719626168223 0.815870425 0.34999588551401867 0.8251957375 0.3413794836448598 0.8521080166666667 0.4079106238317757 0.8555729500000001 0.41405549065420566 0.8369451041666667
0 0.4108578808411215 0.8181233375 0.4274790443925233 0.8017968833333333 0.44843164953271025 0.8063996708333333 0.4665944042056075 0.7671819541666667 0.46720603971962615 0.7296838583333333 0.44666119158878503 0.7000823416666666 0.4205616331775701 0.7245477791666667 0.4108578808411215 0.8181233375
0 0.4155041214953271 0.6765123458333334 0.40922333878504674 0.7034731 0.4267744556074767 0.7017534791666667 0.4259804252336449 0.6788137375000001 0.4155041214953271 0.6765123458333334
0 0.4563434626168224 0.6794439916666666 0.4875005303738318 0.7030139916666667 0.5008346471962617 0.7449694250000001 0.5279321144859813 0.7309443666666666 0.5274099205607476 0.6913388041666667 0.47310054672897195 0.6547846291666667 0.46255628504672897 0.6566496916666666 0.4563434626168224 0.6794439916666666
0 0.5326713107476635 0.726874875 0.5430116939252336 0.737509175 0.5647118528037384 0.6962809541666667 0.5928751915887851 0.6885298166666666 0.6012877149532709 0.6741169083333334 0.5968883154205608 0.657354125 0.558180714953271 0.666970325 0.5326713107476635 0.726874875
0 0.555755656542056 0.7440255041666667 0.5476149719626169 0.7417725958333333 0.5438057242990655 0.7604489208333334 0.5720835000000001 0.8173020791666666 0.6090456355140187 0.8430765041666667 0.6544667686915888 0.9232087750000001 0.6907028317757009 0.9218770041666667 0.6435362313084113 0.8771353625 0.5868447640186916 0.7717619583333334 0.555755656542056 0.7440255041666667
0 0.7107219742990655 0.6972277958333333 0.7311523855140187 0.6622250166666667 0.7499052920560748 0.6584464083333333 0.7849610490654205 0.5862364208333334 0.7400156331775701 0.47693896666666663 0.7201288971962617 0.4786101041666667 0.6968871518691588 0.5427295875 0.7032144112149533 0.5845395833333333 0.6427422009345795 0.8541956166666667 0.6550104439252337 0.8898771333333334 0.6689561939252336 0.8943344750000001 0.6915183457943925 0.8718795458333334 0.6898623247663551 0.8301665083333333 0.7107219742990655 0.6972277958333333
0 0.7541472897196262 0.7564793083333333 0.7709508504672897 0.8005906958333333 0.7748280560747665 0.7777479125000001 0.7637615981308412 0.7400074125 0.7541472897196262 0.7564793083333333
0 0.8627875186915888 0.75665045 0.8291589112149533 0.7413648833333333 0.8197484789719627 0.7453374125 0.8344882593457944 0.7727345 0.8658492079439253 0.7838051291666667 0.8627875186915888 0.75665045
0 0.8286152336448598 0.774696525 0.8148733644859814 0.7577398166666666 0.7996578644859813 0.7595079166666667 0.7910414626168224 0.7864201916666667 0.8174593364485981 0.8140596833333333 0.8286152336448598 0.774696525
0 0.9474384462616822 0.8667720833333333 0.9435612406542055 0.8896148666666667 0.9794575070093458 0.9091153750000001 0.987802070093458 0.8988689166666667 0.9845365 0.8842136041666666 0.9903909906542055 0.8833878833333333 0.9906541799065421 0.8672523416666666 0.9861460443925234 0.8571558833333334 0.9636518528037383 0.8754443625 0.9474384462616822 0.8667720833333333
0 0.9918922780373832 0.7913471 0.9875731962616823 0.7696603291666667 0.9512691752336448 0.7751585541666667 0.9471201308411215 0.8146671583333334 0.9856918107476637 0.8133838625 0.9918328995327103 0.7949874916666667 0.9918922780373832 0.7913471
0 0.9400882803738317 0.6728137541666667 0.9258706939252336 0.6850222375 0.9434218107476635 0.6833026166666667 0.9400882803738317 0.6728137541666667
0 0.951494535046729 0.6897219833333333 0.9919261168224299 0.7176523583333334 0.9936715817757009 0.6822617333333334 0.9798617523364486 0.6694714791666667 0.951494535046729 0.6897219833333333
0 0.9206557803738318 0.7182569166666667 0.9029687453271028 0.7283094458333333 0.8991595 0.7469857708333334 0.9395910817757009 0.7749161458333333 0.960225371495327 0.7274140041666667 0.9278665163551402 0.7059029916666667 0.912718976635514 0.7035046375 0.9206557803738318 0.7182569166666667
0 0.8984549112149532 0.6469423666666666 0.889248355140187 0.6384155333333333 0.8787720537383178 0.6361141375 0.8702236144859814 0.6588599583333333 0.8946456658878504 0.6656186916666668 0.8984549112149532 0.6469423666666666
0 0.8856215070093457 0.7175297 0.8734677009345795 0.746452475 0.876665308411215 0.7652742499999999 0.8873454906542055 0.7550762750000001 0.892696320093458 0.7135086875 0.8861651822429907 0.6841980583333334 0.8791583294392523 0.6840526125 0.8856215070093457 0.7175297
0 0.9007905280373831 0.6469908458333333 0.9157341892523365 0.6618885666666666 0.9196113925233645 0.6390457875000001 0.9126725 0.6347338874999999 0.9007905280373831 0.6469908458333333
0 0.821222105140187 0.7266126083333333 0.829770546728972 0.7038667875000001 0.8112894789719626 0.6909795708333333 0.8204495584112149 0.6307356541666667 0.8367988855140187 0.631075025 0.8455976822429907 0.6646005875000001 0.8632167593457943 0.6587145166666667 0.8616966542056075 0.6086685708333334 0.8479547827102804 0.5917118666666668 0.8103130514018692 0.6076019875 0.8002909836448598 0.6490726124999999 0.803284714953271 0.68039375 0.7898826425233645 0.6426047666666667 0.7805401682242991 0.6424108416666667 0.7574343411214953 0.6981974166666667 0.7960060210280374 0.6969141249999999 0.8072083971962616 0.7263217166666667 0.821222105140187 0.7266126083333333
0 0.9190427242990654 0.5306694750000001 0.8866159065420561 0.5133249166666667 0.8749378154205608 0.5130825083333334 0.8721944392523364 0.5380327625 0.8822629836448599 0.5653328833333333 0.9190427242990654 0.5306694750000001
0 0.9746218457943925 0.5609982041666667 0.9608120140186917 0.5482079541666667 0.9347804158878505 0.5685069375 0.9446450817757008 0.608306425 0.9764137873831775 0.594378325 0.9746218457943925 0.5609982041666667
0 0.9965154299065421 0.5079116083333334 0.9777050186915888 0.5152156791666667 0.982830488317757 0.5590846625 0.9955642570093457 0.5662259583333333 0.9965154299065421 0.5079116083333334
0 0.9599250303738318 0.38772670833333334 0.9088812266355141 0.36582784583333333 0.8760466495327103 0.3734820208333333 0.8406046214953271 0.3977535375 0.8317163808411214 0.4413316333333333 0.8419888060747664 0.4561323875 0.8981116028037384 0.4531294791666667 0.8916269392523365 0.49258959999999996 0.9065706004672898 0.5074873208333334 0.9189282897196261 0.466065175 0.9397449742990654 0.47900087083333337 0.9586337967289719 0.46688935416666666 0.9756627219626168 0.42556417083333337 0.980652273364486 0.4777660625 0.9957998107476635 0.4801644208333334 0.9968130700934579 0.4780514 0.9983748831775701 0.23868924166666666 0.9962720186915888 0.23635407083333335 0.9900591962616823 0.2591483708333333 0.9257277546728971 0.264064825 0.9394696238317758 0.2810215333333333 0.9401956985981308 0.30812772916666664 0.9498779672897196 0.28748937916666667 0.9601503925233644 0.3022901375 0.9572031378504673 0.3397397541666667 0.9732806285046728 0.3567449375 0.9599250303738318 0.38772670833333334
0 0.9998989439252337 0.005112808333333333 0.9798017476635513 0.004695645833333333 0.9888538948598131 0.0465622 0.9417337733644859 0.07059130833333334 0.8951358457943924 0.13422597916666668 0.9034589228971962 0.19691672916666667 0.9208061612149532 0.20769647916666667 0.9515769579439253 0.18332800416666667 0.981872035046729 0.1881247125 0.9988698154205607 0.16283622916666665 0.9998989439252337 0.005112808333333333
0 0.8892163411214953 0.06741725416666666 0.8847489836448599 0.05482092916666667 0.8718691028037383 0.0566375125 0.8679918995327103 0.0794802875 0.8808038200934579 0.0818301625 0.8892163411214953 0.06741725416666666
0 0.9147937056074766 0.0033462541666666665 0.9015740303738319 0.025995108333333336 0.9143859509345794 0.028344983333333334 0.9314349859813085 0.003691679166666667 0.9147937056074766 0.0033462541666666665
0 0.9576841495327103 0.004236541666666666 0.9308032359813084 0.024517895833333334 0.9245904135514018 0.047312195833333334 0.9349987570093458 0.05378004583333333 0.961166273364486 0.025148149999999998 0.9604444275700935 0.0042938375 0.9576841495327103 0.004236541666666666
0 0.8593075397196263 0.11055902083333334 0.8530947149532709 0.13335332083333334 0.863503058411215 0.13982116666666666 0.8745909953271028 0.10462446666666667 0.8593075397196263 0.11055902083333334
0 0.8818696892523364 0.08810408750000001 0.8850672990654206 0.10692585416666667 0.8980830981308412 0.0967763625 0.8960193177570093 0.08006206249999999 0.8818696892523364 0.08810408750000001
0 0.8697193901869158 0.33167202916666666 0.9002863084112149 0.31980291666666666 0.9159095630841122 0.2930360875 0.9143215 0.24715659999999998 0.8641611705607476 0.17109382083333333 0.8394672803738318 0.18100090833333335 0.8321206261682242 0.2016877375 0.7946827757009346 0.2050785 0.7695811261682243 0.23998431666666667 0.7712371495327103 0.28169734583333333 0.7974511448598132 0.3218362041666667 0.8396281939252336 0.31437595416666664 0.8492425023364486 0.29790405833333333 0.8697193901869158 0.33167202916666666
0 0.7765675724299066 0.00047705416666666666 0.7755865607476636 0.015044220833333333 0.7603710630841121 0.016812320833333335 0.7565618177570093 0.03548864583333333 0.7877868457943925 0.054892191666666666 0.8058760420560748 0.0010854166666666666 0.7765675724299066 0.00047705416666666666
0 0.7524592499999999 0.143768 0.7627996355140187 0.15440230416666667 0.7713480771028037 0.13165648333333332 0.7622774415887851 0.11479673750000001 0.7524592499999999 0.143768
0 0.7508282219626169 0.24376292083333334 0.7498088271028037 0.30625975 0.766544429906542 0.35453759166666665 0.7579030373831775 0.2397419125 0.7508282219626169 0.24376292083333334
0 0.7502415794392523 0.42296897499999997 0.7535751074766355 0.4334578333333334 0.7760692990654207 0.41516935833333335 0.7936418995327104 0.34051252916666663 0.7698099976635514 0.3691929083333333 0.7667947873831776 0.410808975 0.7502415794392523 0.42296897499999997
0 0.8200597710280374 0.368152025 0.8424860046728971 0.35403 0.8038463644859813 0.3594797416666667 0.7950940443925234 0.394724925 0.8173843551401869 0.38893581666666666 0.8200597710280374 0.368152025
0 0.7639834509345794 0.4399256833333334 0.7545050607476635 0.44806466666666667 0.7670451401869159 0.46708035833333333 0.7639834509345794 0.4399256833333334
0 0.7119382242990654 0.19294128333333335 0.7004640140186916 0.18019951250000002 0.6712348060747664 0.181676725 0.6556115490654205 0.20844355416666666 0.649445203271028 0.3000086041666667 0.6279489228971963 0.3287374625 0.6379495070093458 0.3602040416666667 0.6567703738317756 0.35225897916666665 0.6940258271028037 0.2884303833333333 0.7137981261682244 0.2221549458333333 0.7119382242990654 0.19294128333333335
0 0.6522600490654206 0.4855370625 0.6662057990654205 0.4899944041666667 0.6816931355140187 0.47156048333333334 0.6730302570093457 0.42970200833333333 0.6578827196261682 0.42730365416666666 0.6447309999999999 0.44578605416666667 0.6522600490654206 0.4855370625
0 0.5901747827102803 0.5676056541666666 0.5840299205607477 0.5862335041666668 0.5967059205607477 0.5969162833333334 0.6006510841121495 0.56990705 0.5901747827102803 0.5676056541666666
0 0.5938231144859814 0.4155542875 0.5896061144859813 0.4592293416666667 0.5978147570093457 0.4573157958333333 0.6031655887850468 0.41574820833333337 0.5938231144859814 0.4155542875
0 0.5379971495327103 0.5435993291666666 0.5621473621495328 0.5670238833333333 0.5658886471962618 0.5525140125 0.5498111588785046 0.5355088208333334 0.5379971495327103 0.5435993291666666
0 0.5170445443925233 0.5389965416666667 0.5074981915887851 0.5513019833333334 0.5179744929906542 0.5536033791666667 0.5170445443925233 0.5389965416666667
0 0.515477964953271 0.42017985416666664 0.5294916728971962 0.42047073749999997 0.5402398130841122 0.40610630833333333 0.5359083761682243 0.385177075 0.5114183621495327 0.3825847916666667 0.5053414602803739 0.3970461833333333 0.515477964953271 0.42017985416666664
0 0.5568824626168225 0.31684265 0.5457265654205607 0.3562058083333334 0.5609420654205607 0.3544377083333333 0.5791727757009346 0.31105353750000003 0.5568824626168225 0.31684265
0 0.578060429906542 0.2360088625 0.5709856168224299 0.24002987916666668 0.5765188434579439 0.25890012916666666 0.578060429906542 0.2360088625
0 0.6213248294392524 0.16188533333333333 0.6245224392523365 0.1807071041666667 0.6327310841121495 0.17879355833333335 0.630735261682243 0.1579128 0.6213248294392524 0.16188533333333333
0 0.6948163481308411 0.09672496666666668 0.6689206682242991 0.1086910375 0.6908711845794392 0.12373419999999999 0.6948163481308411 0.09672496666666668
0 0.6977421191588785 0.1322125583333333 0.6940008341121495 0.14672242500000002 0.7020735607476636 0.15314179166666667 0.7105540397196262 0.13456242916666666 0.6977421191588785 0.1322125583333333
0 0.6098041425233645 0.0803728125 0.6068783714953271 0.044885220833333336 0.5976038551401869 0.04052484583333334 0.6028187686915888 0.0072901625 0.5887371004672897 0.011165733333333334 0.5858578037383178 0.044448891666666664 0.6098041425233645 0.0803728125
0 0.6604122172897197 0 0.6398488644859813 0.028898137499999997 0.6644068364485981 0.027323958333333336 0.665754453271028 0 0.6604122172897197 0
0 0.6208769602803739 0 0.6074220467289719 0.011553579166666666 0.6225695864485982 0.0139519375 0.627813070093458 0 0.6208769602803739 0
0 0.0753048785046729 0 0.09249867289719627 0.06755102083333334 0.08388227336448598 0.0944633 0.0638596191588785 0.10446734166666666 0.05517525934579439 0.13554607500000002 0.0035545981308411218 0.07739293333333334 0 0.2953177041666667 0 0.3270193916666667 0.033228254672897195 0.3351480708333333 0.044180275700934586 0.3082842791666666 0.047603245327102806 0.24166947916666667 0.12304410747663551 0.12861911666666667 0.1701642313084112 0.10459000833333333 0.2183287406542056 0.15977202916666666 0.26531294392523364 0.14407582916666667 0.282660179906542 0.154855575 0.28919132009345794 0.1841662 0.28304645794392524 0.20279405 0.24835197897196262 0.18123455416666667 0.24667447429906542 0.21245872916666667 0.22198058177570093 0.22236581666666666 0.21068876635514017 0.2700618875 0.24588395327102805 0.4041641458333334 0.265227011682243 0.43582465 0.28391195794392526 0.4362125 0.30901360514018694 0.4013066833333333 0.3205772593457944 0.33694479166666663 0.3568812827102804 0.33144656666666666 0.3605081331775701 0.2523324 0.3235459976635514 0.22655797083333334 0.3263573341121495 0.19744126666666664 0.3419805887850467 0.17067443750000003 0.39350010981308414 0.16340810833333333 0.43889625233644863 0.10183242083333334 0.494339453271028 0.14049406250000002 0.556514156542056 0 0.35012060981308407 0 0.34796454205607474 0.018671541666666666 0.3252664696261682 0.0494593875 0.31492608644859815 0.038825083333333336 0.3212068691588785 0.011864329166666666 0.309596738317757 0.007455466666666666 0.29991446728971966 0.028093820833333335 0.2722268434579439 0.006679770833333334 0.26985782476635517 0 0.16279407476635516 0 0.1625207453271028 0.00023470416666666665 0.16216768224299066 0 0.11442022663551402 0 0.12147752803738318 0.009802420833333332 0.11553654439252337 0.015930904166666666 0.08492876168224299 0 0.0753048785046729 0
0 0.3798297102803738 0.35693010833333333 0.3539340303738318 0.36889618333333335 0.36373073598130845 0.412862125 0.3335715771028037 0.39973250416666667 0.3178803621495327 0.4306657916666667 0.33729138084112154 0.4581598416666666 0.3537766285046729 0.45016629583333334 0.392530703271028 0.50932085 0.40121506542056073 0.47824211666666666 0.3798297102803738 0.35693010833333333
0 0.4316460607476636 0.4747059166666666 0.43931102803738314 0.5061240125 0.4550022429906542 0.4751907291666667 0.44826722897196264 0.4583794625 0.4316460607476636 0.4747059166666666
0 0.4450231425233645 0.3707869458333333 0.45042045093457944 0.39799010416666664 0.46103267289719624 0.39195858749999996 0.4567691939252337 0.3668628958333333 0.4450231425233645 0.3707869458333333
0 0.5207823177570093 0.3098415125 0.5117116845794393 0.29298176666666664 0.4848180934579439 0.29450746250000004 0.47352627803738323 0.34220353333333337 0.5118940794392524 0.35341960833333336 0.5207823177570093 0.3098415125
0 0.5487847453271029 0.16871532916666665 0.5415060514018691 0.18523570833333333 0.5519143948598131 0.19170355416666668 0.5487847453271029 0.16871532916666665
0 0.790805570093458 0.22792127916666666 0.769513168224299 0.24415076666666666 0.7775858925233645 0.25057013333333333 0.790805570093458 0.22792127916666666
0 0.779875035046729 0.18184787083333334 0.7852043831775701 0.21321748333333332 0.793480988317757 0.20713748333333332 0.7917570046728972 0.16959090833333335 0.779875035046729 0.18184787083333334
0 0.7963352897196262 0.03214637083333333 0.7886488364485981 0.07366547916666667 0.8033886191588785 0.1010625625 0.8083316939252336 0.08449370833333333 0.8246130607476636 0.08899952916666667 0.8354291635514018 0.07046864583333333 0.8335013037383178 0.04542143333333334 0.8479907289719626 0.016547133333333335 0.8351108481308411 0.018363716666666665 0.832834738317757 0.0016450041666666666 0.810240441588785 0.0011760083333333332 0.7963352897196262 0.03214637083333333
0 0.7565188528037383 0.18136305833333333 0.7471763785046729 0.18116913333333334 0.7480383691588784 0.19994242083333333 0.7565188528037383 0.18136305833333333
0 0.7584467126168224 0.20641026666666665 0.7418935070093458 0.21857026666666668 0.7546374672897196 0.22508659583333335 0.7584467126168224 0.20641026666666665
0 0.721509570093458 0.32234379999999996 0.7096955607476636 0.3304343 0.7153647079439251 0.3409716416666667 0.721509570093458 0.32234379999999996
0 0.7450696308411214 0.31032924166666664 0.7331876635514019 0.32258620416666667 0.7435960070093458 0.32905405 0.7450696308411214 0.31032924166666664
0 0.7578350747663551 0.2439083625 0.7498088271028037 0.30625975 0.766544429906542 0.35453759166666665 0.7578350747663551 0.2439083625
0 0.6894690280373831 0.3529377166666666 0.7082898948598131 0.3449926541666667 0.7004890070093458 0.32190746666666664 0.7197855887850468 0.2847972208333333 0.6855453457943925 0.30700974583333335 0.6791966028037383 0.3381369583333333 0.6894690280373831 0.3529377166666666
0 0.7180866004672898 0.38895859583333336 0.7187447126168224 0.42023125 0.7505813785046729 0.40213669583333334 0.7321682710280374 0.38508302916666665 0.7180866004672898 0.38895859583333336
0 0.20916866121495326 0.22001594166666666 0.19542679205607477 0.20305923750000002 0.17327239719626167 0.2005154375 0.16946315420560748 0.2191917625 0.2054273761682243 0.23452581249999999 0.20916866121495326 0.22001594166666666
0 0.17429530140186916 0.3526637708333333 0.17749291121495328 0.3714855416666667 0.19971526401869158 0.36986288333333334 0.19091646728971964 0.33633731666666666 0.17429530140186916 0.3526637708333333
0 0.06200322897196262 0.2898988375 0.05812602336448598 0.31274162083333334 0.07086998364485982 0.31925795 0.07481514953271029 0.2922487125 0.06200322897196262 0.2898988375
0 0.11213856542056075 0.22425366249999998 0.11594781074766355 0.20557733749999998 0.09846465420560747 0.2031305 0.08057373831775701 0.22568239166666665 0.09091412149532711 0.2363166958333333 0.11213856542056075 0.22425366249999998
0 0.15247719392523365 0.1146425375 0.13599194626168223 0.12263607916666668 0.13912159813084113 0.14562430416666666 0.15247719392523365 0.1146425375