0 0.10416666666666667 0.4425925925925926 0.090625 0.4222222222222222 0.06875 0.45 0.07291666666666667 0.48333333333333334 0.08541666666666667 0.48703703703703705 0.10416666666666667 0.4685185185185185 0.10416666666666667 0.4425925925925926
0 0.21979166666666666 0.3074074074074074 0.20625 0.31666666666666665 0.21458333333333332 0.3425925925925926 0.22708333333333333 0.32037037037037036 0.21979166666666666 0.3074074074074074
0 0.3020833333333333 0.45740740740740743 0.27395833333333336 0.42962962962962964 0.25833333333333336 0.46111111111111114 0.25833333333333336 0.48703703703703705 0.26145833333333335 0.5 0.2833333333333333 0.5018518518518519 0.3 0.47962962962962963 0.3020833333333333 0.45740740740740743
0 0.4083333333333333 0.4648148148148148 0.37395833333333334 0.4703703703703704 0.35208333333333336 0.5092592592592593 0.3625 0.5314814814814814 0.3885416666666667 0.5222222222222223 0.4083333333333333 0.4648148148148148
0 0.53125 0.5648148148148148 0.5333333333333333 0.5388888888888889 0.5239583333333333 0.5185185185185185 0.46770833333333334 0.5222222222222223 0.45 0.5462962962962963 0.45 0.5796296296296296 0.475 0.6018518518518519 0.4625 0.6462962962962963 0.4791666666666667 0.6537037037037037 0.49270833333333336 0.6 0.53125 0.5648148148148148
0 0.6625 0.65 0.6572916666666667 0.6370370370370371 0.6385416666666667 0.6259259259259259 0.628125 0.6481481481481481 0.609375 0.6222222222222222 0.5833333333333334 0.6351851851851852 0.596875 0.6777777777777778 0.6177083333333333 0.6814814814814815 0.6322916666666667 0.6592592592592592 0.6354166666666666 0.6907407407407408 0.6458333333333334 0.6907407407407408 0.65625 0.6796296296296296 0.6625 0.65
0 0.7166666666666667 0.5685185185185185 0.7125 0.5277777777777778 0.7010416666666667 0.5111111111111111 0.659375 0.5111111111111111 0.66875 0.6129629629629629 0.68125 0.6203703703703703 0.7083333333333334 0.6055555555555555 0.7166666666666667 0.5685185185185185
0 0.7958333333333333 0.7092592592592593 0.7822916666666667 0.6851851851851852 0.753125 0.6814814814814815 0.7416666666666667 0.6981481481481482 0.7395833333333334 0.7277777777777777 0.7552083333333334 0.7592592592592593 0.775 0.7685185185185185 0.7958333333333333 0.7425925925925926 0.7958333333333333 0.7092592592592593
0 0.5052083333333334 0.8333333333333334 0.4979166666666667 0.8537037037037037 0.5125 0.8685185185185185 0.5229166666666667 0.8462962962962963 0.5052083333333334 0.8333333333333334
0 0.42083333333333334 1 0.42916666666666664 0.9611111111111111 0.4479166666666667 0.9388888888888889 0.44479166666666664 0.9259259259259259 0.421875 0.9185185185185185 0.38958333333333334 0.9907407407407407 0.390625 1 0.42083333333333334 1
0 0.43854166666666666 0.23703703703703705 0.42916666666666664 0.2611111111111111 0.43854166666666666 0.2814814814814815 0.4708333333333333 0.2796296296296296 0.46979166666666666 0.23703703703703705 0.43854166666666666 0.23703703703703705
0 0.5645833333333333 0.18703703703703703 0.503125 0.18518518518518517 0.4895833333333333 0.21666666666666667 0.49375 0.24259259259259258 0.5083333333333333 0.2537037037037037 0.5260416666666666 0.24814814814814815 0.5645833333333333 0.18703703703703703
0 0.6427083333333333 0.34814814814814815 0.6208333333333333 0.3574074074074074 0.6260416666666667 0.3925925925925926 0.6447916666666667 0.37037037037037035 0.646875 0.3851851851851852 0.6604166666666667 0.3907407407407407 0.6645833333333333 0.37592592592592594 0.6427083333333333 0.34814814814814815
0 0.6302083333333334 0.24814814814814815 0.6166666666666667 0.2796296296296296 0.6333333333333333 0.28703703703703703 0.6416666666666667 0.2574074074074074 0.6302083333333334 0.24814814814814815
0 0.684375 0.21481481481481482 0.6729166666666667 0.22407407407407406 0.690625 0.2777777777777778 0.7083333333333334 0.2796296296296296 0.7197916666666667 0.24814814814814815 0.684375 0.21481481481481482
0 0.6135416666666667 0.06296296296296296 0.5958333333333333 0.06481481481481481 0.5958333333333333 0.09074074074074075 0.6020833333333333 0.09074074074074075 0.6166666666666667 0.07962962962962963 0.6135416666666667 0.06296296296296296