0 0.8790967681564246 0.35409026356589146 0.8741789636871509 0.3369661550387597 0.8449559553072626 0.34103391472868216 0.8505239608938547 0.3736500891472868 0.8790967681564246 0.35409026356589146
0 0.8552379273743017 0.4859675658914729 0.8575549189944134 0.44112341085271317 0.8385201452513966 0.4211411666666667 0.823251558659218 0.4241940426356589 0.8071564553072627 0.4409039651162791 0.8082943072625699 0.4680150813953488 0.8274916340782124 0.49187034496124027 0.8552379273743017 0.4859675658914729
0 0.9406174832402234 0.45256418604651166 0.9440723324022346 0.4348311472868217 0.9327462458100558 0.43177003875968994 0.9278146787709497 0.44766805813953486 0.9406174832402234 0.45256418604651166
0 0.9012724497206703 0.7157098604651163 0.9127748519553073 0.6896218604651163 0.8896350251396647 0.6718805891472868 0.8740275726256984 0.7002095620155039 0.9012724497206703 0.7157098604651163
0 0.7473274553072625 0.6161881201550388 0.7706435921787709 0.6047802790697674 0.7711450083798882 0.5833772054263565 0.7424234134078211 0.5660418798449612 0.7403102569832402 0.5156926666666667 0.7234024022346369 0.513037507751938 0.7329266703910614 0.5065175658914729 0.7045301759776537 0.4969282790697674 0.6434558240223464 0.5091397868217055 0.6677472653631285 0.5209700503875968 0.6390119078212291 0.5366568565891473 0.6355708240223464 0.5213677635658914 0.619475717877095 0.5380776899224806 0.6185141787709497 0.48181746511627904 0.6099789748603353 0.47855337209302323 0.5828828854748603 0.4999482209302325 0.5879632402234637 0.5209453449612403 0.5565995474860336 0.5407081472868217 0.562005 0.5694513062015504 0.6010773826815642 0.5666096356589146 0.6073093519553073 0.5816957480620155 0.6179852402234637 0.5692647984496124 0.6181340251396648 0.6061599418604651 0.6483323379888268 0.6253302829457364 0.6839636312849162 0.6071995271317829 0.7177793435754191 0.6125098410852713 0.7301082597765364 0.5727647984496124 0.7332104832402234 0.6133299844961241 0.7057892905027933 0.6269787945736434 0.7212204301675977 0.6277989341085272 0.7279400530726257 0.6545040968992247 0.7573256117318435 0.6543093527131782 0.7473274553072625 0.6161881201550388
0 0.7104619664804469 0.8383626550387596 0.7165451508379889 0.8165536240310078 0.6993121927374302 0.8061524302325581 0.691914843575419 0.8299994612403101 0.7104619664804469 0.8383626550387596
0 0.5686145223463687 0.860333492248062 0.5717442681564245 0.8348544186046511 0.5546738603351955 0.8283262403100775 0.5472765139664805 0.8521732713178295 0.5686145223463687 0.860333492248062
0 0.528919466480447 0.7816388372093024 0.5318866620111732 0.7522867480620155 0.5176071396648045 0.7455555968992248 0.5044654720670391 0.765935562015504 0.528919466480447 0.7816388372093024
0 0.6663092318435754 0.8202071937984496 0.6484398379888268 0.7612918100775193 0.6019838715083798 0.7549583759689922 0.5730721983240223 0.7997942945736434 0.5746977067039106 0.8385244612403101 0.5984877346368715 0.8717577984496124 0.5910903826815642 0.8956048255813953 0.6042182877094973 0.908246988372093 0.6168723044692738 0.8762479806201551 0.6498752681564246 0.8621932170542635 0.6663092318435754 0.8202071937984496
0 0.7739608156424581 0.917268519379845 0.7703434162011172 0.9311285426356589 0.7531104553072625 0.9207273527131783 0.694664438547486 0.9288628682170543 0.686115472067039 0.9586209069767442 0.6979879832402235 0.9635846976744186 0.8044644469273743 0.9558408488372093 0.8199153659217877 0.9450050348837209 0.8031838240223463 0.9132007635658914 0.7739608156424581 0.917268519379845
0 0.2427037402234637 0.9656180271317829 0.2752328100558659 0.9069220852713178 0.25734965083798883 0.8810288255813954 0.23353209497206703 0.9138397441860465 0.23236671787709498 0.9527728837209303 0.2427037402234637 0.9656180271317829
0 0.19166883240223462 0.9168843875968993 0.1731079441340782 0.9415433217054263 0.17243021787709498 0.992095507751938 0.17318317318435753 0.9930311550387597 0.20636798882681565 0.9914231550387597 0.21873739664804467 0.9615337984496124 0.21153012569832402 0.9232095852713178 0.19166883240223462 0.9168843875968993
0 0.372059717877095 0.9795192209302326 0.3781428994413408 0.9577101899224806 0.3610724944134078 0.9511820155038759 0.3563034776536313 0.970953046511628 0.372059717877095 0.9795192209302326
0 0.34240410893854745 0.8398794186046511 0.33732375418994415 0.8188822906976745 0.3220551648044693 0.8219351705426357 0.324507187150838 0.8470082868217055 0.34240410893854745 0.8398794186046511
0 0.35685994413407823 0.8174614573643411 0.3601522430167598 0.7958554031007752 0.3343840837988827 0.7821901240310077 0.34126625418994416 0.8127683023255814 0.35685994413407823 0.8174614573643411
0 0.11994872625698323 0.47534404651162787 0.14768125418994413 0.5024633914728682 0.1890568659217877 0.4877997015503876 0.2081191675977654 0.4417376899224806 0.19779590782122905 0.39587042248062015 0.173016812849162 0.3724211124031008 0.11818819553072626 0.3666966085271318 0.09683642458100558 0.391558515503876 0.11994872625698323 0.47534404651162787
0 0.10313460614525141 0.6416725387596899 0.1471247877094972 0.6559549806201551 0.13200498882681566 0.695903007751938 0.14625698324022346 0.7686784108527132 0.1651292094972067 0.7847876395348837 0.20124815363128493 0.7782759341085271 0.2173570223463687 0.7285438837209303 0.2047305279329609 0.6944986395348837 0.21983656703910615 0.6875727480620155 0.22050053072625697 0.6700426821705426 0.17292047486033518 0.603576007751938 0.18492429050279327 0.5560849302325581 0.12962178212290504 0.5057192480620154 0.09152470670391061 0.531799011627907 0.08377472905027933 0.6139442635658914 0.10313460614525141 0.6416725387596899
0 0.056703558659217876 0.9694333992248062 0.04491393575418994 0.9992465658914729 0.07996382402234636 0.9975481899224806 0.08230917039106145 0.9792256666666667 0.056703558659217876 0.9694333992248062
0 0.038591639664804465 0.7046392131782946 0.023301379888268157 0.7071756937984496 0.025890229050279327 0.768859042635659 0.03872666480446927 0.774556488372093 0.05334505027932961 0.7560115426356588 0.04711308100558659 0.7409254302325581 0.05499808100558659 0.7286974534883721 0.038591639664804465 0.7046392131782946
0 0.06434603910614525 0.7513266240310077 0.04741065363128492 0.8147157209302325 0.06365454748603352 0.834900941860465 0.0831907374301676 0.8334801085271318 0.09715892178770949 0.7994431007751938 0.07830045810055866 0.7503117441860465 0.06434603910614525 0.7513266240310077
0 0.032513405027932964 0.926666484496124 0.05655477094972067 0.9325382558139534 0.10433866759776536 0.9038115658914728 0.06102621508379888 0.8389769341085271 0.04001330726256983 0.8385627480620155 0.029381754189944133 0.852049980620155 0.032513405027932964 0.926666484496124
0 0.014860332402234637 0.5060547519379845 0.015109469273743016 0.5119908488372092 0.02504489664804469 0.5152673604651162 0.02801209497206704 0.48591527519379846 0.014158988826815643 0.48217118217054267 0.014860332402234637 0.5060547519379845
0 0.12218574860335195 0.2284941046511628 0.12826893016759777 0.20668507751937984 0.11136107541899443 0.20402991860465117 0.10922039106145252 0.21972496124031007 0.12218574860335195 0.2284941046511628
0 0.0649601592178771 0.06560797286821705 0.06825245810055866 0.04400191860465116 0.05134460055865922 0.04134675581395349 0.0493664720670391 0.06091481395348838 0.0649601592178771 0.06560797286821705
0 0.06868505865921788 0.18770947674418606 0.07624495810055866 0.16773546511627907 0.06738465363128492 0.1567253488372093 0.0430794469273743 0.1779172131782946 0.05095068715083798 0.19871136434108527 0.06868505865921788 0.18770947674418606
0 0.12405638268156424 0.07296451937984497 0.13244279608938547 0.03933346124031008 0.11241895530726258 0.029135248062015503 0.10255582122905028 0.06093128294573644 0.12405638268156424 0.07296451937984497
0 0.14143812569832404 0.12026085658914729 0.1406253715083799 0.10089577519379846 0.12060153072625698 0.09069755813953488 0.11352928212290504 0.12229061627906977 0.12665718715083799 0.13493278294573643 0.14143812569832404 0.12026085658914729
0 0.013897729050279329 0.08291858914728682 0.008288432960893854 0.1493687945736434 0.018625455307262572 0.16221393798449613 0.051790966480446926 0.15203218992248063 0.0632933659217877 0.1259441899224806 0.05657374301675978 0.09923902713178294 0.013897729050279329 0.08291858914728682
0 0.28369353910614525 0 0.27807019273743017 0.007375624031007752 0.22471829050279327 0.0034861395348837207 0.22027437430167598 0.03100320542635659 0.20435558659217878 0.01856401550387597 0.18774530446927373 0.08969914341085271 0.2107088184357542 0.13658952713178296 0.22219745530726256 0.14352365891472868 0.21990798324022345 0.12232355426356589 0.2371547039106145 0.09970262015503875 0.24338667597765362 0.11478873255813954 0.27736493854748606 0.12397206589147287 0.3300666368715084 0.11236948837209303 0.3404174245810056 0.09219250000000001 0.34697449441340783 0.11502464728682171 0.3638823491620112 0.11767981007751939 0.421840717877095 0.09792524031007752 0.4239813994413407 0.08223019767441861 0.4472975418994413 0.07082235658914729 0.4486254720670391 0.03576223643410852 0.4315550642458101 0.029234062015503874 0.4200642318435754 0 0.41426416759776535 0 0.409729405027933 0.009454794573643411 0.40542212569832403 0 0.28369353910614525 0
0 0.33193466759776535 0.3569784534883721 0.33900691340782124 0.3253853914728682 0.3529613379888268 0.324370511627907 0.35344898882681564 0.33598955813953485 0.3698691927374302 0.32702567441860464 0.364761312849162 0.3720728023255814 0.3774015670391061 0.3730959147286822 0.3837960893854749 0.39205504651162787 0.40316972905027937 0.38676119379844964 0.40940169832402235 0.4018473100775194 0.4200775837988827 0.3894163565891473 0.42663465642458104 0.41224850387596895 0.4386247067039106 0.3977795503875969 0.4320676340782123 0.37494740697674417 0.4584997597765363 0.3710826240310077 0.47082867877094975 0.33133757751937987 0.47475741620111733 0.35824571705426356 0.4870863324022346 0.3185006744186047 0.4915027206703911 0.35702786046511625 0.5103887094972067 0.34011495736434105 0.5196016424581006 0.2928268565891473 0.5268089134078212 0.33115107364341084 0.526660125698324 0.29425592635658915 0.5348702290502794 0.289773980620155 0.5275004050279329 0.2475767558139535 0.5339086899441341 0.2335137558139535 0.5409534106145251 0.2679649496124031 0.5496649273743017 0.24207992635658915 0.5385289162011173 0.17684757364341086 0.5071789888268157 0.1635882480620155 0.5034128016759776 0.14055312403100775 0.5139261368715083 0.1242491550387597 0.5047407318435754 0.105493 0.49161282681564245 0.09285083720930232 0.4810994888268157 0.10915481007751937 0.47749585474860334 0.08999270155038759 0.4451568603351955 0.0865174031007752 0.40475655027932966 0.12441919379844962 0.42182695530726255 0.13094736821705427 0.41541867039106145 0.14501036821705426 0.40655836871508383 0.1340002441860465 0.39161487988826815 0.14479915891472867 0.3966952346368715 0.16579628294573645 0.3758448770949721 0.1692551124031008 0.3720511648044693 0.2122642480620155 0.358421843575419 0.22102515891472868 0.3653040167597766 0.2516033410852713 0.3515121452513966 0.25649123255813955 0.3564299497206704 0.2736153488372093 0.34378969553072625 0.27259222868217053 0.3675797234636871 0.30582556589147286 0.35263623463687155 0.316624480620155 0.3437759329608938 0.3056143565891473 0.32932009776536314 0.32803231782945735 0.33193466759776535 0.3569784534883721
0 0.5434604832402234 0.16094955426356589 0.5424851787709497 0.1377114573643411 0.514265 0.09897305813953489 0.5045781787709498 0.10161998449612404 0.5167170195530726 0.12404617829457365 0.50701643575419 0.15971523255813955 0.5314704329608938 0.17541850775193799 0.5434604832402234 0.16094955426356589
0 0.592368469273743 0.19235611240310077 0.5601782625698324 0.2257759534883721 0.5568722011173185 0.28040413953488375 0.5908367011173185 0.3226096046511628 0.6382817318435754 0.319159007751938 0.6604600195530725 0.28064005038759693 0.6484837290502793 0.2620868720930233 0.6580217625698324 0.22254480620155037 0.6215914804469274 0.1882883527131783 0.592368469273743 0.19235611240310077
0 0.6133951396648045 0.15974817054263565 0.6498254245810057 0.19400462403100777 0.6747808296089386 0.18830482170542637 0.7043564692737431 0.1259388410852713 0.7028935111731843 0.09108168992248061 0.6718824469273743 0.052546267441860466 0.6173789301675978 0.054567794573643406 0.6060253156424581 0.11755093798449612 0.6133951396648045 0.15974817054263565
0 0.7371555865921788 0.20707744186046512 0.743076220670391 0.18139539534883722 0.7233774776536313 0.1789432131782946 0.7215618966480447 0.2023842906976744 0.7371555865921788 0.20707744186046512
0 0.8054922653631286 0.10110163178294573 0.8061562318435754 0.08357156976744186 0.7948301396648045 0.08051046124031008 0.7928520111731844 0.10007851937984495 0.8054922653631286 0.10110163178294573
0 0.8347427988826815 0.03098962015503876 0.8452423743016759 0.04770777906976744 0.8459063379888269 0.030177713178294572 0.8347427988826815 0.03098962015503876
0 0.30181632960893856 0.5398138953488372 0.2857212234636871 0.5565238217054264 0.28390564245810057 0.5799648914728682 0.3003120837988827 0.6040231317829456 0.3142665055865922 0.6030082519379846 0.33037537150837987 0.5532762015503876 0.30181632960893856 0.5398138953488372
0 0.2808034217877095 0.5393997093023255 0.2980501396648045 0.5167787751937984 0.29363375139664805 0.47825158527131784 0.25670205307262567 0.46539821317829455 0.24109460335195532 0.4937271821705426 0.24223245530726256 0.5208382984496124 0.2612672318435754 0.5408205465116279 0.2808034217877095 0.5393997093023255
0 0.37750906703910614 0.5090574418604651 0.35650992178770946 0.47562113178294574 0.3327061284916201 0.47540991860465115 0.3172612290502793 0.5076119069767442 0.3269342877094972 0.5379871124031008 0.3594358296089385 0.5453354224806202 0.374690656424581 0.5753046782945737 0.39980861452513966 0.5734778914728683 0.41131101396648045 0.5473898875968993 0.40754482681564247 0.5243547713178295 0.37750906703910614 0.5090574418604651
0 0.2632866508379888 0.4221861007751938 0.2664761005586592 0.3869905891472868 0.2488583407821229 0.3785598023255814 0.22800798603351954 0.3820186356589147 0.21584162011173183 0.4256366976744186 0.229294625698324 0.4460248914728682 0.24883081564245813 0.4446040581395349 0.2632866508379888 0.4221861007751938
0 0.3266917625698324 0.33210831007751934 0.3127373407821229 0.3331231937984496 0.3198095893854749 0.30153013178294574 0.2969948631284916 0.2915348914728682 0.2705489776536313 0.32842180232558144 0.2848147374301676 0.36817507751937983 0.3102577960893855 0.3740943294573643 0.3266917625698324 0.33210831007751934
0 0.25972430167597765 0.30395761240310076 0.2603882681564246 0.2864275503875969 0.24922472905027934 0.28723945348837204 0.24692149720670392 0.29906147674418604 0.25972430167597765 0.30395761240310076
0 0.09976233240223463 0.4612728139534884 0.10602182960893855 0.41031466666666666 0.08271945251396648 0.38870037984496125 0.035599519553072625 0.399897007751938 0.0452725782122905 0.4302722093023256 0.03853919273743017 0.4365891782945736 0.03214467318435754 0.41763004651162794 0.028852371508379885 0.43923610077519376 0.0511656843575419 0.47063441860465116 0.0793996284916201 0.4763506899224806 0.09976233240223463 0.4612728139534884
0 0.12277829608938548 0.7762132325581396 0.12227687988826816 0.7976163139534884 0.13540478491620112 0.810258476744186 0.14476650558659218 0.799865519379845 0.1333053910614525 0.7268871356589147 0.12559670391061453 0.7099660038759691 0.10458379608938546 0.7095518178294573 0.10767225698324022 0.7831391279069767 0.12277829608938548 0.7762132325581396
0 0.3324747653631285 0.6366475426356589 0.3385579497206704 0.6148385116279069 0.32132499162011174 0.6044373178294574 0.3136025391061453 0.6205383139534884 0.3324747653631285 0.6366475426356589
0 0.20134449441340782 0.54712103875969 0.20609974581005588 0.5603721317829458 0.21546146368715086 0.5499791744186047 0.20134449441340782 0.54712103875969
0 0.18953075418994417 0.5324408798449612 0.17819090502793297 0.5624018953488372 0.19345949441340782 0.5593490155038761 0.18953075418994417 0.5324408798449612
0 0.4254142262569832 0.5832701550387597 0.4287065223463687 0.5616641007751938 0.4145895502793296 0.5588059651162791 0.4126114217877095 0.5783740232558139 0.4254142262569832 0.5832701550387597
0 0.4041175055865922 0.47604355038759694 0.4074098044692738 0.454437496124031 0.39066449720670393 0.4556553527131783 0.3914772486033519 0.4750204379844961 0.4041175055865922 0.47604355038759694
0 0.3328824441340782 0.4462608100775194 0.336499843575419 0.43240078682170546 0.32517375698324025 0.42933967441860466 0.32007963966480446 0.4413646782945736 0.3328824441340782 0.4462608100775194
0 0.292821 0.458886503875969 0.2947853687150838 0.4723405697674419 0.3013562011173184 0.46215058914728685 0.292821 0.458886503875969
0 0.5043992625698325 0.5309076472868217 0.5078541117318436 0.5131746085271317 0.4965280251396648 0.510113496124031 0.4945498910614525 0.5296815542635659 0.5043992625698325 0.5309076472868217
0 0.5112676703910615 0.594507953488372 0.5133945921787709 0.6118350387596899 0.5285006284916202 0.6049091472868218 0.5112676703910615 0.594507953488372
0 0.7738808407821229 0.7152627403100775 0.7604278351955307 0.69487453875969 0.7339957094972067 0.6987393217054263 0.7311910614525139 0.7319644263565892 0.7738808407821229 0.7152627403100775