0 0.4021039472222222 0.5969274844961241 0.4336457611111111 0.5735629806201551 0.4672564805555556 0.5909523410852713 0.4945322638888889 0.5615403604651162 0.620184325 0.6035076434108527 0.6710532305555555 0.6567083139534884 0.6278754166666667 0.5652431395348837 0.5912266083333333 0.5322007131782945 0.5607186694444445 0.5343382170542635 0.5645318722222222 0.5132690658914728 0.5406811527777778 0.49836906201550385 0.52710795 0.5169488565891472 0.5159259388888889 0.5124436744186046 0.5029337833333334 0.4826798333333333 0.512435025 0.4696739767441861 0.5324725416666667 0.5056431356589147 0.5512809555555556 0.468010007751938 0.6153996166666666 0.48326186821705425 0.6109395166666667 0.465592984496124 0.6205701388888889 0.46033473643410855 0.6486868888888888 0.48128220930232557 0.6638761694444444 0.4763396550387597 0.5726099388888889 0.41503951550387597 0.5171527194444445 0.4196302131782946 0.48328324166666664 0.38674563565891473 0.4722953 0.3938618643410853 0.4275025722222222 0.37196731782945736 0.40992093333333335 0.31678698062015503 0.3878803638888889 0.3271456317829457 0.34599634166666665 0.3131565387596899 0.36338275000000003 0.27350758914728684 0.34644800833333333 0.2570653023255814 0.3780545111111111 0.2375746007751938 0.37779575555555556 0.22207938372093022 0.32518255 0.23070173255813956 0.30533910277777776 0.20635399224806203 0.3030126 0.23331277131782946 0.2618401638888889 0.2619355271317829 0.233982175 0.2564832674418605 0.2223473361111111 0.22486145348837208 0.19791557222222222 0.25830508139534886 0.17813681666666667 0.23783114341085274 0.16727825277777778 0.252694976744186 0.12015902222222222 0.25775921317829453 0.09895941666666667 0.3184773139534884 0.061729563888888894 0.3337785232558139 0.07323501944444444 0.3576527286821706 0.06877608333333333 0.4231917093023256 0.04415025 0.44501392635658915 0.04440901111111111 0.4605091472868217 0.0703286361111111 0.516163011627907 0.05139084166666667 0.5460485271317829 0.055011136111111116 0.5965658255813954 0.031032200000000003 0.6571260891472869 0.07827965 0.5766015891472868 0.10917573055555556 0.5977069108527132 0.14188079166666664 0.560863011627907 0.15635965 0.5965164767441861 0.18098548333333334 0.5746942635658915 0.2006995527777778 0.5912943992248062 0.24516883333333334 0.5938199224806202 0.2897039666666667 0.6834271201550387 0.3030184083333333 0.6493521124031008 0.3035347666666667 0.5971346782945736 0.37437649722222227 0.6824307015503875 0.3779956305555556 0.6497401356589148 0.40960213333333334 0.6302494341085272 0.44360099166666667 0.6708816240310077 0.4883937222222222 0.6927761705426357 0.4852909444444444 0.6732493023255813 0.4021039472222222 0.5969274844961241
0 0.19236504722222222 0.8404444651162791 0.21156159722222223 0.8260541666666666 0.19566073333333334 0.7883848759689923 0.19236504722222222 0.8404444651162791
0 0.1913300138888889 0.7784635968992247 0.20574418055555554 0.8102432596899225 0.25700006388888885 0.8034788875968992 0.2575811083333333 0.7551352596899225 0.21427507777777777 0.7391303410852713 0.1913300138888889 0.7784635968992247
0 0.2453640638888889 0.6886492015503876 0.25977823055555554 0.7204288643410852 0.29571545555555556 0.7108594418604651 0.2740618583333333 0.6612530503875969 0.25745056666666666 0.6641797790697674 0.2453640638888889 0.6886492015503876
0 0.14194664444444444 0.6479446860465116 0.13173381666666667 0.6183386937984496 0.10562128333333334 0.6342712829457364 0.10639755833333332 0.6807569341085271 0.14194664444444444 0.6479446860465116
0 0.7763454861111111 0.7265452868217054 0.7407305500000001 0.6722758643410852 0.7282559111111111 0.6735024612403101 0.7763454861111111 0.7265452868217054
0 0.8511286416666667 0.7153118992248062 0.8381364833333333 0.6855480620155039 0.8228178222222223 0.682743011627907 0.8511286416666667 0.7153118992248062
0 0.884545288888889 0.7210798488372093 0.8955979222222222 0.7178374263565891 0.8647665333333333 0.7006059108527132 0.884545288888889 0.7210798488372093
0 0.9429759138888889 0.7282684069767442 0.9623018416666665 0.7216257170542636 0.9440744722222222 0.7109152093023255 0.9429759138888889 0.7282684069767442
0 0.9556457833333334 0.8218710891472868 0.9694130555555556 0.8149127054263566 0.9538356361111111 0.7966124379844961 0.9556457833333334 0.8218710891472868
0 0.9601047194444444 0.7563321085271317 0.9529299805555556 0.7423791821705427 0.9405847222222222 0.7513533875968993 0.94633745 0.763290488372093 0.9601047194444444 0.7563321085271317
0 0.995459736111111 0.7118984496124031 0.99093495 0.6903557596899225 0.9756809777777778 0.691424507751938 0.9761984944444445 0.7224149418604652 0.995459736111111 0.7118984496124031
0 0.8656710277777778 0.6716312984496124 0.8749781972222221 0.6470040348837209 0.8689020222222222 0.6156979069767442 0.8617272805555555 0.601744976744186 0.7893353222222221 0.5898933875968992 0.7693636555555555 0.6410059031007752 0.7724664333333333 0.6605327713178294 0.7893364833333334 0.6731012596899224 0.8656710277777778 0.6716312984496124
0 0.6755110055555555 0.507961468992248 0.6864989472222223 0.5008452403100776 0.6738949277777777 0.4943242325581395 0.6755110055555555 0.507961468992248
0 0.6815224944444445 0.5353937906976745 0.6868870833333334 0.5240880658914728 0.6715037361111111 0.5174092131782946 0.6815224944444445 0.5353937906976745
0 0.6926398111111112 0.5360251705426357 0.7067952222222222 0.5523096124031007 0.720433113888889 0.5376036240310078 0.7104143555555555 0.5196190465116279 0.693738375 0.5186719728682171 0.6926398111111112 0.5360251705426357
0 0.5978191416666666 0.5112894031007752 0.6342738833333333 0.5327104186046512 0.6508204833333333 0.5259098798449613 0.6532763666666667 0.5066987054263565 0.6098409583333333 0.48294617829457365 0.5978191416666666 0.5112894031007752
0 0.529689725 0.2558616860465116 0.5364116361111111 0.24269798837209303 0.516956325 0.24159306976744185 0.4580740388888889 0.2904957480620155 0.4757203638888889 0.3495498837209302 0.4677705138888889 0.3723191744186046 0.49440056111111114 0.387377015503876 0.4968564416666667 0.36816584108527134 0.5219351027777778 0.3734602558139535 0.5221291722222222 0.3850816705426357 0.5358317527777777 0.374249484496124 0.5404212305555556 0.399665976744186 0.5668572111111112 0.4031024108527132 0.5692484027777778 0.3800174302325582 0.5943917555555556 0.3891856472868217 0.5951021777777777 0.3485896279069768 0.6143634194444444 0.3380731356589147 0.5804939416666667 0.3051885542635659 0.5759044638888888 0.2797720581395349 0.5396437944444444 0.2699724612403101 0.529689725 0.2558616860465116
0 0.4158654111111111 0.1739297635658915 0.3842589083333333 0.19342046511627906 0.3821911638888889 0.23587446511627908 0.36577394166666666 0.2504226085271318 0.37165604722222223 0.2701073217054264 0.3609268666666667 0.29271876744186043 0.38781567499999997 0.3232718294573644 0.41257088611111115 0.30919722093023255 0.4229777833333333 0.35042462403100777 0.4494137638888889 0.3538610581395349 0.46544284722222223 0.3160700891472868 0.47397490833333333 0.32816503488372095 0.4720353777777778 0.29515877906976745 0.4828939416666666 0.2802949418604651 0.4677034972222222 0.20202963178294575 0.43810004999999996 0.17519252713178293 0.4272414888888889 0.19005636046511626 0.4158654111111111 0.1739297635658915
0 0.4749417638888889 0.13664849612403102 0.4770106722222222 0.17740236434108528 0.5187006222222222 0.1797700465116279 0.53421335 0.194196507751938 0.5504365027777778 0.1680269534883721 0.5401589888888889 0.13454715891472868 0.4749417638888889 0.13664849612403102
0 0.5275018972222222 0.956231019379845 0.55497175 0.9384404534883721 0.5531616027777778 0.9131818062015504 0.46622609444444446 0.8618029457364341 0.4427635138888889 0.8701457674418606 0.4489043805555556 0.9053256976744186 0.46422304166666667 0.9081307519379844 0.47294916666666664 0.9318471124031007 0.5174831388888889 0.938246441860465 0.5275018972222222 0.956231019379845
0 0.64390915 0.8602836434108527 0.6245832166666666 0.8669263294573643 0.6262639861111111 0.8844373720930233 0.6402900166666666 0.8929742054263566 0.6611673388888889 0.8960949496124031 0.6706038888888889 0.8792152906976745 0.64390915 0.8602836434108527
0 0.8040764222222222 0.8906656744186047 0.8150643638888889 0.8835494457364341 0.799616325 0.8729967868217055 0.8040764222222222 0.8906656744186047
0 0.781259575 0.8545386744186046 0.7878521083333333 0.8336273643410853 0.7753774666666667 0.8348539612403101 0.781259575 0.8545386744186046
0 0.7500400472222222 0.8140643294573643 0.7609633000000001 0.8030743023255814 0.7426712388888889 0.788489988372093 0.7500400472222222 0.8140643294573643
0 0.6994899416666667 0.4474012093023256 0.7192040111111112 0.4640013449612403 0.7139041083333333 0.47918086821705425 0.7254742555555556 0.5069288837209303 0.7156495694444445 0.5005657170542636 0.7006543555555556 0.5171296860465115 0.7077644055555555 0.5272088100775193 0.7103496666666667 0.5157452441860465 0.7247638333333334 0.5475249031007752 0.7468044055555555 0.5371662519379845 0.7568878527777778 0.5590246356589147 0.7745977055555555 0.5387447054263567 0.7777651722222222 0.5621453798449613 0.798448425 0.5536447093023256 0.8028426694444445 0.4842319224806202 0.7729804666666666 0.4418996046511628 0.7341345333333333 0.4435635697674419 0.7204966416666666 0.4582695620155039 0.7116411361111111 0.42680558914728683 0.6994899416666667 0.4474012093023256