0 0.28594771241830064 0.8619631901840491 0.3055555555555556 0.6881390593047034 0.3227124183006536 0.6707566462167689 0.3300653594771242 0.6758691206543967 0.3292483660130719 0.6912065439672802 0.3374183006535948 0.6789366053169734 0.3488562091503268 0.6871165644171779 0.35947712418300654 0.7004089979550102 0.3815359477124183 0.7689161554192229 0.36764705882352944 0.6881390593047034 0.33986928104575165 0.6595092024539877 0.39133986928104575 0.6257668711656442 0.41830065359477125 0.598159509202454 0.4068627450980392 0.7883435582822086 0.40441176470588236 0.8016359918200409 0.3937908496732026 0.8026584867075665 0.39052287581699346 0.8190184049079755 0.39624183006535946 0.8568507157464212 0.41013071895424835 0.7924335378323109 0.4215686274509804 0.6226993865030674 0.43137254901960786 0.581799591002045 0.4411764705882353 0.5756646216768916 0.4395424836601307 0.5613496932515337 0.47058823529411764 0.5122699386503068 0.47875816993464054 0.483640081799591 0.47875816993464054 0.45296523517382414 0.49264705882352944 0.44171779141104295 0.5106209150326797 0.44785276073619634 0.5204248366013072 0.4274028629856851 0.5825163398692811 0.4130879345603272 0.5882352941176471 0.39775051124744376 0.5367647058823529 0.3987730061349693 0.5302287581699346 0.39263803680981596 0.4959150326797386 0.3987730061349693 0.4861111111111111 0.4110429447852761 0.46486928104575165 0.41922290388548056 0.4158496732026144 0.41513292433537835 0.36764705882352944 0.34662576687116564 0.35049019607843135 0.2903885480572597 0.33986928104575165 0.2934560327198364 0.3480392156862745 0.3445807770961145 0.3341503267973856 0.35173824130879344 0.31699346405228757 0.3323108384458078 0.27450980392156865 0.26482617586912066 0.2581699346405229 0.19120654396728015 0.24101307189542484 0.17995910020449898 0.22875816993464052 0.20756646216768918 0.22875816993464052 0.22597137014314927 0.2361111111111111 0.23517382413087934 0.25 0.2280163599182004 0.2549019607843137 0.2505112474437628 0.30718954248366015 0.3445807770961145 0.3088235294117647 0.401840490797546 0.2785947712418301 0.43558282208588955 0.2540849673202614 0.41513292433537835 0.24673202614379086 0.418200408997955 0.26633986928104575 0.44683026584867075 0.24509803921568626 0.5102249488752556 0.24836601307189543 0.5777096114519428 0.16013071895424835 0.6881390593047034 0.16748366013071894 0.689161554192229 0.20669934640522875 0.656441717791411 0.2426470588235294 0.6175869120654397 0.25980392156862747 0.6288343558282209 0.26143790849673204 0.6492842535787321 0.2549019607843137 0.6676891615541922 0.22058823529411764 0.7229038854805726 0.2295751633986928 0.7239263803680982 0.2540849673202614 0.6973415132924335 0.2769607843137255 0.6993865030674846 0.2875816993464052 0.7208588957055214 0.28104575163398693 0.8742331288343558 0.2630718954248366 0.9192229038854806 0.2630718954248366 0.9539877300613497 0.27124183006535946 0.9580777096114519 0.2908496732026144 0.9151329243353783 0.28594771241830064 0.8619631901840491
0 0.7434640522875817 0.47137014314928427 0.7279411764705882 0.44785276073619634 0.6985294117647058 0.44785276073619634 0.6764705882352942 0.467280163599182 0.673202614379085 0.4938650306748466 0.6870915032679739 0.5194274028629857 0.7156862745098039 0.5245398773006135 0.7336601307189542 0.5081799591002045 0.7434640522875817 0.47137014314928427
0 0.8366013071895425 0.3936605316973415 0.8194444444444444 0.3824130879345603 0.8104575163398693 0.3895705521472393 0.8088235294117647 0.40388548057259716 0.8251633986928104 0.4161554192229039 0.8349673202614379 0.4100204498977505 0.8366013071895425 0.3936605316973415
0 0.9281045751633987 0.36503067484662577 0.9093137254901961 0.3496932515337423 0.8913398692810458 0.3537832310838446 0.8823529411764706 0.36912065439672803 0.8872549019607843 0.3936605316973415 0.9011437908496732 0.4049079754601227 0.9166666666666666 0.40388548057259716 0.9281045751633987 0.3936605316973415 0.9281045751633987 0.36503067484662577
0 0.7687908496732027 0.2556237218813906 0.7540849673202614 0.2556237218813906 0.7450980392156863 0.26482617586912066 0.7450980392156863 0.2832310838445808 0.7540849673202614 0.2965235173824131 0.7679738562091504 0.29754601226993865 0.7810457516339869 0.27096114519427406 0.7687908496732027 0.2556237218813906
0 0.7491830065359477 0.25971370143149286 0.7434640522875817 0.27096114519427406 0.7459150326797386 0.278118609406953 0.7540849673202614 0.2719836400817996 0.7794117647058824 0.2770961145194274 0.7671568627450981 0.2556237218813906 0.7491830065359477 0.25971370143149286
0 0.8006535947712419 0.2198364008179959 0.7834967320261438 0.2065439672801636 0.7655228758169934 0.21063394683026584 0.7581699346405228 0.22392638036809817 0.761437908496732 0.24028629856850717 0.7720588235294118 0.25357873210633947 0.7859477124183006 0.254601226993865 0.8022875816993464 0.2361963190184049 0.8006535947712419 0.2198364008179959
0 0.6331699346405228 0.261758691206544 0.613562091503268 0.25357873210633947 0.5947712418300654 0.26482617586912066 0.5988562091503268 0.278118609406953 0.6209150326797386 0.2832310838445808 0.6356209150326797 0.2668711656441718 0.6331699346405228 0.261758691206544
0 0.6266339869281046 0.33537832310838445 0.5939542483660131 0.32515337423312884 0.5620915032679739 0.3425357873210634 0.5588235294117647 0.3609406952965235 0.5694444444444444 0.3824130879345603 0.5955882352941176 0.3885480572597137 0.6102941176470589 0.4069529652351738 0.6258169934640523 0.4059304703476483 0.6388888888888888 0.38752556237218816 0.6266339869281046 0.33537832310838445
0 0.6421568627450981 0.4754601226993865 0.6421568627450981 0.434560327198364 0.6331699346405228 0.43149284253578735 0.6233660130718954 0.4130879345603272 0.6102941176470589 0.4130879345603272 0.5988562091503268 0.4294478527607362 0.5776143790849673 0.4294478527607362 0.565359477124183 0.4386503067484663 0.5637254901960784 0.467280163599182 0.5825163398692811 0.49284253578732107 0.5980392156862745 0.4938650306748466 0.636437908496732 0.4867075664621677 0.6421568627450981 0.4754601226993865
0 0.6797385620915033 0.4284253578732106 0.6658496732026143 0.4171779141104294 0.6552287581699346 0.4263803680981595 0.6552287581699346 0.44069529652351735 0.6699346405228758 0.4488752556237219 0.6797385620915033 0.44069529652351735 0.6797385620915033 0.4284253578732106
0 0.6699346405228758 0.254601226993865 0.6723856209150327 0.2740286298568507 0.6911764705882353 0.27300613496932513 0.690359477124183 0.24948875255623723 0.6699346405228758 0.254601226993865
0 0.20669934640522875 0.13701431492842536 0.20588235294117646 0.15848670756646216 0.21405228758169934 0.16462167689161555 0.22058823529411764 0.1523517382413088 0.20669934640522875 0.13701431492842536
0 0.1830065359477124 0.13190184049079753 0.1895424836601307 0.12985685071574643 0.18790849673202614 0.10736196319018405 0.1707516339869281 0.08997955010224949 0.15441176470588236 0.08997955010224949 0.14133986928104575 0.06339468302658487 0.12990196078431374 0.06339468302658487 0.12581699346405228 0.08282208588957055 0.13071895424836602 0.0950920245398773 0.14787581699346405 0.10224948875255624 0.16013071895424835 0.1359918200408998 0.1781045751633987 0.15030674846625766 0.1830065359477124 0.14826175869120656 0.1830065359477124 0.13190184049079753
0 0.4918300653594771 0.6288343558282209 0.49836601307189543 0.6042944785276073 0.4877450980392157 0.5950920245398773 0.4534313725490196 0.588957055214724 0.4387254901960784 0.5725971370143149 0.4493464052287582 0.5920245398773006 0.4411764705882353 0.6267893660531697 0.46486928104575165 0.6503067484662577 0.4803921568627451 0.6533742331288344 0.5 0.6349693251533742 0.4918300653594771 0.6288343558282209