0 0.1378114228791774 0.21836771810699587 0.14704388431876608 0.22261314403292182 0.16176410025706942 0.22337551646090537 0.1768238406169666 0.20756155555555555 0.18077580976863752 0.19350443004115228 0.17764106298200513 0.15988515637860085 0.1611205385604113 0.13813017901234567 0.13381993701799486 0.14102170781893006 0.12384525578406169 0.1574578148148148 0.12443747300771209 0.19076601646090535 0.1378114228791774 0.21836771810699587
0 0.1394716735218509 0.483418195473251 0.1515171002570694 0.4786602263374486 0.15460050257069408 0.4603423683127572 0.15683899228791773 0.3588317716049383 0.15369833161953728 0.34494549588477363 0.14754335732647814 0.34211521399176953 0.1403125526992288 0.35680979423868314 0.1346116208226221 0.4018114465020576 0.1336562236503856 0.4640115802469136 0.1394716735218509 0.483418195473251
0 0.12342105269922879 0.6798302901234567 0.10689461311053984 0.6778083127572017 0.09444057583547558 0.7064044814814814 0.10467386503856041 0.7201199094650206 0.1250831850899743 0.7153466296296296 0.13398795115681233 0.6967023868312757 0.12342105269922879 0.6798302901234567
0 0.2386639087403599 0.6066861934156379 0.2431449203084833 0.6134661378600823 0.25291825449871463 0.5990826316872427 0.27461658097686376 0.5352658868312757 0.280990646529563 0.4768445699588478 0.26827208611825193 0.49502220164609056 0.2647859884318766 0.5174452592592592 0.2216656850899743 0.6160312818930042 0.2386639087403599 0.6066861934156379
0 0 0.5189251975308642 0.007576032133676093 0.529598049382716 0.00777146529562982 0.547278450617284 0.019546456298200513 0.5518349465020576 0.020276848329048844 0.5706194156378601 0.02730038946015424 0.5777104341563786 0.03619924293059126 0.5787991934156378 0.03139053470437018 0.5491295781893004 0 0.482031853909465 0 0.5189251975308642
0 0.4780285822622108 0.0813504794238683 0.4817792017994859 0.06934595473251029 0.4820437249357326 0.07976448971193416 0.4962289820051414 0.0794227962962963 0.49945055912596403 0.04658120164609053 0.48780782904884323 0.04723397119341564 0.4826595976863753 0.034140691358024694 0.4546917789203085 0.030718884773662553 0.4001478380462725 0.06870607613168725 0.37435936760925453 0.16110367489711933 0.368318911311054 0.22268166049382715 0.37213270565552703 0.22314826954732508 0.3739448419023136 0.2046748744855967 0.38840644987146533 0.17528571399176954 0.40587645758354757 0.1545735576131687 0.40956390488431876 0.1300979012345679 0.423214205655527 0.12865213580246912 0.43178535989717226 0.10685122633744856 0.4640446722365038 0.07963957613168723 0.4780285822622108 0.0813504794238683
0 0.5160708894601542 0 0.5047310514138817 0.06488375102880659 0.4980747223650386 0.1720855349794239 0.5056154794344473 0.2394796234567901 0.5145143303341903 0.24056838065843622 0.5281073714652956 0.20691848148148148 0.5342741735218509 0.1702827633744856 0.5537635809768637 0.10931161316872429 0.6175913277634961 0.12750698148148149 0.6306316683804627 0.15195201851851853 0.6359239897172236 0.13078856378600823 0.6353949460154241 0.10995149588477367 0.624224001285347 0.09923719958847736 0.6223546053984577 0.08550646090534979 0.6062367776349614 0.05964628395061729 0.5816800552699228 0.06079628600823045 0.5489667005141388 0.04017599794238683 0.5487080925449872 0.01002446502057613 0.5425942853470437 0 0.5160708894601542 0
0 0.469844529562982 0.5975804691358024 0.4377865668380463 0.6227395185185185 0.4296931092544987 0.6134403641975309 0.4245389640102828 0.6200800843621399 0.41248170951156815 0.6643040534979424 0.4326146786632391 0.6885782386831276 0.4611806285347043 0.7055752489711935 0.5003943946015424 0.6927164855967078 0.5293748714652956 0.6661422942386831 0.522684938303342 0.6622079444444444 0.5153218740359897 0.6716932592592593 0.5113758200514139 0.6660173806584362 0.5093169035989717 0.6148732407407408 0.488775322622108 0.6144372530864198 0.48382843958868893 0.5992913724279836 0.469844529562982 0.5975804691358024
0 0.5535248650385604 0.45929635390946505 0.580347766066838 0.48750489094650207 0.6059744061696658 0.4885630267489712 0.6209137120822622 0.42807379835390946 0.6095414190231363 0.41941210082304525 0.5993713033419024 0.41816780658436215 0.596023380462725 0.4260671316872428 0.5940848958868895 0.41959825925925925 0.5519318187660669 0.41651814814814814 0.5463749768637531 0.4272630679012346 0.5535248650385604 0.45929635390946505
0 0.41267902570694087 0.4524503148148148 0.41402529305912594 0.4256109855967078 0.3853961683804627 0.396142841563786 0.3570256516709512 0.3968262345679012 0.35386133419023136 0.4618719609053498 0.3664358046272494 0.477951061728395 0.39935642159383034 0.4767857469135802 0.41267902570694087 0.4524503148148148
0 0.637787471722365 0.1642523024691358 0.6344277197943444 0.21161762757201644 0.6391732544987146 0.22881610905349795 0.6369584203084833 0.2513947037037037 0.6460704498714653 0.21096485802469137 0.6447537532133676 0.13913918724279836 0.637787471722365 0.1642523024691358
0 0.3620652789203085 0.32577824691358026 0.3623929742930591 0.3486679156378601 0.3773145398457583 0.3473776872427984 0.3809328971722365 0.3301638971193416 0.36721942544987146 0.3191385267489712 0.3620652789203085 0.32577824691358026
0 0.38732470565552696 0.2125435781893004 0.3816415167095116 0.19834622839506172 0.368318911311054 0.22268166049382715 0.3727999241645244 0.22946160493827158 0.36717399357326475 0.24746839094650205 0.37238539845758356 0.27303280452674894 0.3828950385604113 0.25770076543209874 0.38732470565552696 0.2125435781893004
0 0.5738833740359898 0.832573465020576 0.5752237275064268 0.825467133744856 0.5808437429305913 0.8271933497942386 0.5796415655526992 0.8197759465020577 0.558634114395887 0.8109740226337449 0.5189485655526992 0.835199853909465 0.5111828020565553 0.8487903683127571 0.4833413290488432 0.8703108271604939 0.4781180964010283 0.8842124135802469 0.4485394897172237 0.8972114032921811 0.42218245758354755 0.8773687983539095 0.420514411311054 0.8615854609053497 0.4258699048843188 0.8528931419753086 0.3930933778920308 0.8198017222222221 0.36218033290488433 0.8201740390946501 0.3116692763496144 0.7973762386831276 0.2927642159383033 0.9581261193415638 0.4508929665809769 0.9774728580246913 0.4625417802056555 0.9769302654320988 0.5464558496143959 0.9566706152263375 0.6004704215938304 0.9306375329218107 0.6322171259640103 0.9067760637860083 0.664278084832905 0.935922512345679 0.6729968856041132 0.8657691934156378 0.641588088688946 0.8637065781893004 0.6268046992287918 0.8504730720164608 0.5825117892030848 0.8429766893004115 0.579906087403599 0.8301944814814814 0.5738833740359898 0.832573465020576
0 0.8568258907455013 0.03629727777777778 0.8501991311053985 0.04483406172839506 0.8476447737789202 0.08398898765432099 0.8490187287917738 0.18801879423868312 0.8703420462724936 0.2591763868312757 0.8807135115681234 0.25836808024691355 0.8827269974293059 0.2378420843621399 0.901669618251928 0.21523286625514404 0.9207504125964011 0.17809991769547326 0.9239838187660668 0.10579232510288065 0.9131642262210797 0.03903569341563786 0.887336237789203 0.04003015843621399 0.8744854177377892 0.05299852674897119 0.8568258907455013 0.03629727777777778
0 0.9838738187660668 0.4460034341563786 0.9860743611825192 0.37878671399176955 0.9841021323907454 0.38636004938271606 0.9698259215938304 0.41936758847736627 0.964398471722365 0.4413183991769547 0.9564827056555271 0.5088986460905349 0.9509258637532134 0.5196435658436214 0.9318061131105398 0.5706559814814814 0.92427473907455 0.588047427983539 0.9219217313624678 0.6251497551440329 0.9448163200514139 0.5884834156378601 0.9838738187660668 0.4460034341563786