0 0.11645819578313253 0.11263619708029196 0.11960675903614457 0.0964154708029197 0.10297030421686747 0.09660113138686131 0.10580458132530121 0.11341572262773722 0.11645819578313253 0.11263619708029196
0 0.12423409337349398 0.5891983759124088 0.09453006024096386 0.5991090912408759 0.09741735542168675 0.6453213978102189 0.06298952409638554 0.6272077956204379 0.04042325 0.656197299270073 0.050027987951807226 0.6957282810218978 0.07490409939759037 0.7037086204379561 0.10382051204819277 0.6716753832116787 0.1391400813253012 0.6659961386861314 0.130847406626506 0.6284324233576642 0.14690640361445784 0.619004302919708 0.12423409337349398 0.5891983759124088
0 0.8796903975903614 0.2141146094890511 0.9024668313253013 0.1980051605839416 0.9019934939759036 0.14284733211678832 0.8875608373493977 0.12120740145985401 0.8550225271084337 0.11430352554744526 0.8305667319277108 0.13208330291970802 0.8231677138554216 0.1754375401459854 0.8480968463855422 0.21281559489051094 0.8796903975903614 0.2141146094890511
0 0.6356549819277109 0.2670463357664234 0.6546012771084337 0.3038305182481752 0.7187331355421687 0.31203340875912405 0.732168015060241 0.29867075547445254 0.7283359578313253 0.24685358759124088 0.7015173102409639 0.19826580291970802 0.6686116987951807 0.19499952554744526 0.6510834999999999 0.21897803649635036 0.6310883253012048 0.22250435766423357 0.6356549819277109 0.2670463357664234
0 0.7203633072289156 0.4903869708029197 0.7291804246987952 0.5077954343065694 0.7030452710843373 0.5272455401459855 0.7012087710843373 0.5454335291970803 0.7096585873493976 0.5664795875912408 0.7276071024096386 0.568261193430657 0.7274499578313253 0.5847788503649636 0.6942300692771085 0.6145478868613139 0.6856761295180723 0.639417200729927 0.6986395813253012 0.6756075145985401 0.7270845722891566 0.6931272554744525 0.7632958855421687 0.6636551532846715 0.8098465331325302 0.6664388394160584 0.776730765060241 0.6502925036496351 0.7487571927710843 0.5832197919708029 0.7816097861445782 0.5570883576642336 0.7971954427710843 0.49250240510948906 0.762347298192771 0.44862868248175186 0.7694320361445783 0.4383097591240876 0.7574133403614458 0.40772430656934305 0.7193636144578314 0.3506735875912409 0.6715009096385542 0.34592263503649634 0.6594822138554217 0.31533718248175185 0.6334000783132531 0.3641850109489051 0.6273642228915662 0.3341934233576642 0.5989722469879518 0.3460714051094891 0.5912570331325301 0.31775015328467154 0.5573536445783133 0.2794812919708029 0.5035080993975903 0.2741364708029197 0.470182171686747 0.24511007299270074 0.4715472469879518 0.2764750583941606 0.4895487801204819 0.30765437591240874 0.4591101506024096 0.32484028832116785 0.41387156325301205 0.3240238686131387 0.39167258734939764 0.34937577372262774 0.38296342168674696 0.49547354744525546 0.40353605722891567 0.5011896897810219 0.4045849397590362 0.4608791824817518 0.42379249397590363 0.43523033576642334 0.4677190210843373 0.43407949270072993 0.4317178704819277 0.4764316496350365 0.4150814126506024 0.4766173102189781 0.4155547530120482 0.5317751459854014 0.40217289457831323 0.5745355109489051 0.413246828313253 0.599516102189781 0.4530800361445783 0.6089811131386862 0.45098227108433736 0.6896021313868613 0.4826818614457832 0.7496965766423358 0.5109166927710844 0.7543362518248174 0.5260309307228915 0.7393032700729927 0.5488603825301205 0.7525915364963504 0.5795091746987951 0.7482856861313869 0.5949907108433735 0.729615105839416 0.5982964096385542 0.6968767262773723 0.5756240993975904 0.667070802919708 0.548701328313253 0.664398390510949 0.5289674156626506 0.6054916824817518 0.49002594879518074 0.5722338175182482 0.5129595240963856 0.5396067153284672 0.5533701897590362 0.558314189781022 0.5772485271084338 0.5312919489051094 0.6610082590361446 0.5396061167883212 0.6748104397590362 0.5226058649635037 0.6983744909638554 0.5286189379562044 0.7203633072289156 0.4903869708029197
0 0.30634527108433734 0.7156597810218978 0.31789063253012045 0.6910874051094891 0.3000992560240964 0.6727881386861314 0.28052440060240963 0.7020745802919708 0.30634527108433734 0.7156597810218978
0 0.3402467469879518 0.6492178394160584 0.3480660873493976 0.6316237189781022 0.3325315301204819 0.6208965839416059 0.32602425301204824 0.6404579708029198 0.3402467469879518 0.6492178394160584
0 0.3528940030120482 0.6137326642335766 0.3637047620481928 0.5964354817518248 0.3485375060240964 0.5820707518248175 0.33568009337349397 0.6046758613138686 0.3528940030120482 0.6137326642335766
0 0.3816002590361446 0.5688193722627737 0.382492 0.5450265218978102 0.36176222590361445 0.5558280401459854 0.36496380421686747 0.5690050328467153 0.3816002590361446 0.5688193722627737
0 0.31174873795180724 0.6023003868613138 0.31920077409638553 0.5883438649635037 0.30964905722891567 0.578210602189781 0.30051766265060237 0.5938374562043796 0.31174873795180724 0.6023003868613138
0 0.31206301807228914 0.5692650729927008 0.31951505722891566 0.5553085547445255 0.3095960391566265 0.5488128868613139 0.3008319427710843 0.5608021423357664 0.31206301807228914 0.5692650729927008
0 0.25386289156626507 0.6369691423357665 0.2579562108433735 0.6263532810218978 0.24504577710843373 0.6195606788321167 0.2418972138554217 0.635781405109489 0.25386289156626507 0.6369691423357665
0 0.2360204156626506 0.6939829671532847 0.24494165361445783 0.6654760547445255 0.22562806024096388 0.6323294671532846 0.17834281325301204 0.6368209708029197 0.17671647289156625 0.6678890218978102 0.19728910542168676 0.6736051605839416 0.2118258825301205 0.6493297153284671 0.22143062048192771 0.6888606934306569 0.2360204156626506 0.6939829671532847
0 0.16081461746987952 0.6607994854014598 0.16527523493975904 0.6465460291970804 0.1519975 0.6433910218978103 0.14884894277108432 0.6596117481751825 0.16081461746987952 0.6607994854014598
0 0.11389475602409639 0.5569425948905109 0.1284315331325301 0.5326671496350365 0.10691413855421687 0.5213461459854015 0.09741543975903615 0.540610594890511 0.11389475602409639 0.5569425948905109
0 0.05868604819277109 0.624943594890511 0.06613808734939759 0.6109870693430657 0.0539622530120482 0.5969192737226278 0.04483085240963856 0.6125461277372263 0.05868604819277109 0.624943594890511
0 0.20442494879518072 0.5879731496350366 0.2122442891566265 0.5703790291970803 0.19933385240963855 0.5635864270072993 0.1931938704819277 0.5795102116788321 0.20442494879518072 0.5879731496350366
0 0.34522989457831327 0.5100983248175183 0.36727172590361445 0.5012640729927007 0.36407014759036144 0.4880870802919708 0.31641760240963857 0.4962161897810219 0.34638481325301207 0.5285832481751824 0.34522989457831327 0.5100983248175183
0 0.7693771024096385 0.30420124087591244 0.7559422259036144 0.3175638905109489 0.7452886114457832 0.3183434197080292 0.7492247861445783 0.3242452153284671 0.7552076234939759 0.32483908759124086 0.7604558614457831 0.33270815328467157 0.7741008975903615 0.33222555839416057 0.7804510361445782 0.32918182846715327 0.7819202379518072 0.31463143795620435 0.7779840602409639 0.3087296423357664 0.7720012228915661 0.3081357700729927 0.7693771024096385 0.30420124087591244
0 0.3328930873493976 0.3031265766423357 0.34171020180722894 0.32053503649635035 0.3583466596385542 0.32034937591240875 0.3680555180722892 0.31396498540145984 0.3691574156626506 0.3030521934306569 0.372883436746988 0.2960739306569343 0.3644336174698795 0.2750278722627737 0.3494765240963855 0.27354320437956203 0.34107972590361446 0.28189486131386865 0.3328930873493976 0.3031265766423357
0 0.308071906626506 0.4292547554744526 0.3147893463855422 0.4225734306569343 0.31552394578313253 0.4152982372262774 0.30633953012048193 0.40152737226277374 0.29736527108433736 0.40063656934306574 0.29195989156626506 0.4092851605839416 0.2908579909638554 0.4201979525547445 0.2974182921686747 0.4300342883211679 0.308071906626506 0.4292547554744526
0 0.2808878704819277 0.4890153759124088 0.27695169277108433 0.4831135766423358 0.27396027409638557 0.48281664598540147 0.26556347590361445 0.49116829927007305 0.27212377409638555 0.5010046313868614 0.2767945542168675 0.4996312335766423 0.28015327108433735 0.49629056934306576 0.2808878704819277 0.4890153759124088
0 0.3086474518072289 0.33378641605839415 0.30208715662650604 0.32395008394160585 0.29405765662650607 0.3286641423357664 0.29426781626506027 0.34154420437956207 0.30492143373493974 0.3407646788321168 0.3086474518072289 0.33378641605839415
0 0.2785231024096385 0.3179370109489051 0.2753745421686747 0.3341577299270073 0.2843487981927711 0.33504853649635036 0.28770751807228917 0.33170787591240875 0.2884421204819277 0.32443267518248176 0.28450593975903615 0.3185308795620438 0.2785231024096385 0.3179370109489051
0 0.23491085542168674 0.28605254379562045 0.2407365542168675 0.30316406934306567 0.25139016867469877 0.3023845401459854 0.2547488885542169 0.2990438759124088 0.25548348795180725 0.29176868248175186 0.25154731024096383 0.28586688321167886 0.23491085542168674 0.28605254379562045
0 0.17513549096385544 0.3095115693430657 0.18185293072289155 0.3028302408759124 0.17959611144578314 0.2952581131386861 0.17565993072289157 0.2893563175182482 0.17266851506024097 0.2890593795620438 0.1642717138554217 0.29741103649635037 0.16353711445783134 0.3046862335766423 0.1704647138554217 0.3108849671532847 0.17513549096385544 0.3095115693430657
0 0.14480097891566265 0.28078210583941604 0.1515184186746988 0.27410077737226274 0.15188571987951807 0.27046318248175183 0.1479495421686747 0.2645613832116788 0.13897528614457832 0.2636705802919708 0.1339372048192771 0.26868157299270073 0.13320260240963855 0.2759567737226277 0.1371387831325301 0.2818585693430657 0.14480097891566265 0.28078210583941604
0 0.1824814939759036 0.23675961678832116 0.1890417891566265 0.2465959489051095 0.19072114759036143 0.24492561678832114 0.1974385873493976 0.2382442883211679 0.19350240963855422 0.2323424890510949 0.18751956927710844 0.23174862043795622 0.1824814939759036 0.23675961678832116
0 0.21029409036144578 0.11092837226277372 0.20373379518072288 0.10109204379562044 0.1917681174698795 0.09990430291970803 0.1867300361445783 0.104915299270073 0.18599543975903615 0.11219049270072992 0.176286578313253 0.11857488686131387 0.16883454216867472 0.13253140510948905 0.16809994277108434 0.13980660218978103 0.1770742018072289 0.14069740510948905 0.19182113554216867 0.1293020182481752 0.19780397289156626 0.12989588686131387 0.20583347289156628 0.12518182846715328 0.21029409036144578 0.11092837226277372
0 0.19192525903614457 0.08338664598540145 0.1853649608433735 0.07355031751824817 0.17397674096385543 0.08160504014598541 0.18053704216867472 0.09144136861313869 0.18819923795180724 0.09036490510948905 0.19192525903614457 0.08338664598540145
0 0.1450603313253012 0.11363827372262775 0.1390774939759036 0.11304440145985402 0.13068069277108432 0.12139606204379562 0.13031339457831326 0.1250336605839416 0.13388227108433737 0.13457305474452555 0.14453589156626506 0.1337935291970803 0.1489965090361446 0.11954007299270072 0.1450603313253012 0.11363827372262775
0 0.32176421686746987 0.14403746715328467 0.32921625903614454 0.1300809489051095 0.32695943975903613 0.12250881751824819 0.31478360240963854 0.10844101824817517 0.30580934337349397 0.10755021532846715 0.2974125451807229 0.11590187591240876 0.2985674638554217 0.134386799270073 0.3081191807228916 0.14452006204379564 0.32176421686746987 0.14403746715328467
0 0.37198978012048195 0.21515598175182482 0.3717796204819277 0.20227591970802922 0.3657967831325301 0.20168205474452555 0.3476911265060241 0.21641810583941606 0.3482685873493976 0.22566056204379562 0.3619136234939759 0.2251779708029197 0.36658440060240965 0.22380457299270073 0.37198978012048195 0.21515598175182482
0 0.3841656144578313 0.2292237773722628 0.37818277710843373 0.22862991240875913 0.3731446987951807 0.23364090510948904 0.3727774006024096 0.23727850364963501 0.376713578313253 0.24318029927007298 0.38437577710843374 0.24210383576642336 0.3881017951807229 0.23512557664233577 0.3841656144578313 0.2292237773722628
0 0.41428996686746994 0.24507318248175183 0.4208502650602409 0.2549095109489051 0.4294572198795181 0.25943791240875913 0.4347054578313253 0.2673069781021898 0.44236765963855423 0.26623051459854014 0.44945239457831326 0.2559115912408759 0.4432594006024097 0.24243766058394162 0.42830230120481927 0.24095299270072992 0.42305406325301204 0.23308392700729927 0.4150245662650602 0.23779798540145988 0.41428996686746994 0.24507318248175183
0 0.4201156626506024 0.2621847080291971 0.4150775873493976 0.2671957043795621 0.4177017048192771 0.2711302335766423 0.4165998042168675 0.28204302554744526 0.419223921686747 0.2859775620437956 0.4177547228915663 0.3005279525547445 0.4143960030120482 0.30386861313868613 0.41366140361445786 0.31114381021897813 0.41964424096385544 0.31173767518248174 0.42300296084337347 0.30839701459854013 0.4270432620481928 0.26838344160583943 0.4231070843373494 0.26248164233576643 0.4201156626506024 0.2621847080291971
0 0.4116658493975903 0.2411386496350365 0.40772966867469884 0.23523685401459854 0.40174683132530126 0.2346429817518248 0.3989655692771084 0.24722610948905108 0.40793982831325304 0.2481169124087591 0.4116658493975903 0.2411386496350365
0 0.4316080030120482 0.2082146094890511 0.4230010481927711 0.20368620802919707 0.4149715481927711 0.20840027007299272 0.41423694879518075 0.21567546350364963 0.4181731265060241 0.22157726277372264 0.4288267439759036 0.22079773722627735 0.4321854638554217 0.21745707299270073 0.4316080030120482 0.2082146094890511
0 0.7616618855421686 0.27587998540145986 0.7626066445783133 0.2814848503649635 0.770268843373494 0.28040838686131386 0.7769862831325302 0.2737270583941606 0.7756742228915663 0.27175979562043795 0.7666999668674699 0.2708689927007299 0.7616618855421686 0.27587998540145986
0 0.8233836174698795 0.5024500109489051 0.8226490180722892 0.509725204379562 0.8316232740963856 0.5106160109489051 0.8349819939759037 0.5072753467153285 0.8357165933734939 0.5000001496350366 0.8284216957831325 0.4974390182481752 0.8233836174698795 0.5024500109489051
0 0.569325063253012 0.5948014416058394 0.5653888885542169 0.5888996423357664 0.5623974668674698 0.5886027080291971 0.5540006686746988 0.5969543649635036 0.5545781295180723 0.6061968284671533 0.5622403253012048 0.6051203649635036 0.568957765060241 0.5984390401459854 0.569325063253012 0.5948014416058394
0 0.3069131596385542 0.20134822627737228 0.316097578313253 0.21511909124087591 0.32675119277108433 0.21433955839416058 0.327853093373494 0.20342676642335766 0.3212927951807229 0.19359043795620437 0.30764775903614455 0.19407303284671534 0.3069131596385542 0.20134822627737228
0 0.2700713704819277 0.1921801496350365 0.26707995180722893 0.19188321167883213 0.2620418734939759 0.19689420802919708 0.26167457228915664 0.2005318102189781 0.26561075301204823 0.20643360583941606 0.27028153012048195 0.20506021167883212 0.2740075512048193 0.1980819489051095 0.2700713704819277 0.1921801496350365
0 0.21696042469879517 0.1795601313868613 0.21097758734939762 0.17896626277372263 0.20593950903614458 0.18397725912408758 0.20651696686746987 0.1932197189781022 0.2171705843373494 0.19244019343065694 0.21696042469879517 0.1795601313868613
0 0.18725639156626506 0.18947084671532846 0.18667893373493977 0.18022838686131387 0.17901673795180723 0.1813048503649635 0.17959419578313254 0.1905473102189781 0.18725639156626506 0.18947084671532846
0 0.5764551626506025 0.19503701824817518 0.5830154608433735 0.20487335036496349 0.593669078313253 0.20409382116788322 0.5940363795180723 0.2004562226277372 0.587476078313253 0.19061989416058392 0.5768224638554217 0.1913994197080292 0.5764551626506025 0.19503701824817518