0 1 0.6320334769230769 0.960051646551724 0.5700304615384616 0.8518137629310345 0.45957960769230766 0.8924440646551723 0.41751456153846156 0.8783254870689655 0.39117503461538466 0.9318692844827585 0.4060392461538462 0.8839948362068966 0.35718598076923075 0.8541006896551725 0.3465677923076923 0.8139222931034482 0.37716168846153847 0.7337709353448276 0.32321361538461535 0.7072866077586207 0.3359621153846154 0.6826099051724138 0.3028260230769231 0.6519625818965517 0.31132641538461536 0.659261525862069 0.2909325692307692 0.6446910431034483 0.2760641807692307 0.6132905431034483 0.30368314999999996 0.5667444181034482 0.2760725230769231 0.5106672198275862 0.2705554 0.4858398836206897 0.24124302692307695 0.4424023017241379 0.24464651923076922 0.3493100517241379 0.18942526153846154 0.2843043189655172 0.19070678461538462 0.23296525862068965 0.22979898846153846 0.2338416724137931 0.2625127653846154 0.33009726724137933 0.23743598846153846 0.3583344224137931 0.29011505769230767 0.4142609870689655 0.2994558923076923 0.43893768965517244 0.33259198461538464 0.46898246982758623 0.3393864576923077 0.482525900862069 0.3253647730769231 0.5122694137931034 0.33980668076923076 0.5305509870689655 0.3703943230769231 0.47996510344827586 0.3903679461538462 0.4298585215517241 0.34321434615384616 0.4075371896551724 0.36021095000000003 0.402045875 0.3347202076923077 0.38702348706896555 0.3313229730769231 0.37109728448275864 0.3508680307692308 0.651853 0.5339507230769232 0.6735443922413794 0.5879050538461538 0.654934150862069 0.6206209192307692 0.6653416379310345 0.6312411923076924 0.7165300646551723 0.5959727076923077 0.7039178405172414 0.5313960153846153 0.7453971551724138 0.5777008307692307 0.7843704698275862 0.5776966615384616 0.7901630603448275 0.5955399730769231 0.7678417241379311 0.6125365846153846 0.8311904698275862 0.6533159346153846 0.8044048749999999 0.6737118653846154 0.8171951336206896 0.6788087653846153 0.8647957025862069 0.6796533807692308 0.8151410301724138 0.6210286346153846 0.8426524094827587 0.6371702 0.8796948577586207 0.6312182615384615 0.8513070646551725 0.5823629115384615 0.8718481681034483 0.5555948153846154 0.8951965517241379 0.5674882692307692 0.942016551724138 0.6431075461538462 1 0.6399693692307692 1 0.6320334769230769
0 0.7542161939655173 0.18895708076923076 0.7311690862068965 0.1694161923076923 0.7153935172413793 0.18513753461538462 0.7321961336206897 0.1983062576923077 0.7542161939655173 0.18895708076923076
0 0.8118955905172414 0.26372548076923075 0.7977770086206897 0.23738594999999998 0.760885198275862 0.23951417307692308 0.7946410689655172 0.2620279076923077 0.8118955905172414 0.26372548076923075
0 0.8923482198275863 0.3100261269230769 0.9316228060344828 0.3023745269230769 0.9048646034482758 0.26711437692307693 0.8623308362068965 0.24757557307692307 0.8527997629310345 0.26966908461538464 0.8203722155172414 0.2683979846153846 0.8303277974137931 0.2904894076923077 0.9043853017241379 0.3342416 0.8923482198275863 0.3100261269230769
0 0.46036886206896555 0.6129943384615384 0.41680804310344827 0.5645654692307692 0.3818470905172414 0.5726414653846155 0.3100217198275862 0.5271896076923077 0.2772929051724138 0.5335659461538462 0.3251673534482759 0.5824192076923076 0.35536276724137933 0.5853899653846154 0.3670985775862069 0.617252876923077 0.40160762068965516 0.6206480269230769 0.4137953405172414 0.6410397846153846 0.4860726120689655 0.6750204961538461 0.6072513879310344 0.7867445346153846 0.679378025862069 0.8245489576923077 0.7162424482758621 0.8780768115384615 0.8029395689655172 0.9307496153846154 0.850540146551724 0.9315942384615385 0.8270685215517242 0.8678684192307693 0.6904154568965517 0.7642182923076923 0.6113185387931034 0.6835042038461538 0.5519821594827586 0.6507966769230769 0.5086952155172414 0.6503764538461538 0.48818150862068965 0.6214884730769231 0.46169718103448276 0.6342369730769231 0.46036886206896555 0.6129943384615384
0 0.20278349568965517 0.5012848999999999 0.2054675301724138 0.4881140884615384 0.1819685172413793 0.48004434615384617 0.18344747413793105 0.4974632653846154 0.20278349568965517 0.5012848999999999
0 0.2190109655172414 0.47409240384615386 0.21412219396551724 0.4333068 0.18094146551724138 0.45115428076923075 0.20607007327586205 0.4728192230769231 0.2190109655172414 0.47409240384615386
0 0.21379352155172412 0.49661030769230774 0.23877149568965517 0.5220989692307693 0.2667347801724138 0.5267693846153846 0.27388308189655175 0.5101992576923077 0.22525546120689655 0.48046456923076925 0.21379352155172412 0.49661030769230774
0 0.23360884913793106 0.4333047153846154 0.24670037068965517 0.4307541807692308 0.23659415948275864 0.41248647307692304 0.23360884913793106 0.4333047153846154
0 0.32624919396551727 0.49999711923076917 0.3204566077586207 0.4821538076923077 0.3051329482758621 0.486404 0.3131576681034483 0.5025476538461539 0.32624919396551727 0.49999711923076917
0 0.5853135172413793 0.6291254807692307 0.6027186767241379 0.6269993384615384 0.5967754525862069 0.6129797423076923 0.5853135172413793 0.6291254807692307
0 0.6188229094827586 0.5479744884615384 0.6195760862068965 0.5288559076923076 0.5984598362068966 0.5152627923076922 0.6117020043103448 0.5088885384615385 0.5627731034482758 0.4868012884615385 0.537918375 0.5131449923076923 0.5365626551724137 0.5475584346153847 0.6008152112068965 0.5653954923076923 0.6188229094827586 0.5479744884615384
0 0.6480597198275861 0.6851996961538461 0.6448005387931035 0.6580092923076923 0.6672725043103448 0.6371889653846153 0.6308325905172414 0.6278460423076923 0.61016825 0.602781776923077 0.5814517931034483 0.6172299384615384 0.5794935301724138 0.6669382423076923 0.613550676724138 0.6818045423076923 0.6480597198275861 0.6851996961538461
0 0.7639252068965517 0.7119531961538462 0.801844073275862 0.7387150384615385 0.7585571293103448 0.7382948115384615 0.7832338318965517 0.7714309038461539 0.8320394913793103 0.7416857961538461 0.7709228793103449 0.6992067807692308 0.7639252068965517 0.7119531961538462
0 0.17377950862068964 0.19326774230769228 0.1678362844827586 0.17924814230769232 0.14388536206896554 0.18264955384615383 0.15191008620689653 0.19879320384615384 0.17377950862068964 0.19326774230769228
0 0.20455006896551725 0.23659971538461538 0.2250911724137931 0.20983161923076923 0.19251298706896552 0.21238423846153845 0.18952767672413795 0.23320248076923075 0.20455006896551725 0.23659971538461538
0 0.4054556939655172 0.35808689615384615 0.39996437931034484 0.3325961538461538 0.3696183232758621 0.3334491115384616 0.31504748275862066 0.28969483076923075 0.26967903879310345 0.28715055384615384 0.2713086336206897 0.3007457538461538 0.36485278879310346 0.34449586538461535 0.3706453793103448 0.3623391807692308 0.4054556939655172 0.35808689615384615
0 0.6730103879310344 0.1617750153846154 0.6861019137931035 0.15922448076923076 0.6712301637931035 0.1520035307692308 0.6730103879310344 0.1617750153846154
0 0.6394051551724138 0.13543756923076924 0.6289976637931034 0.1248172923076923 0.6136740043103448 0.12906748846153845 0.6216987198275862 0.14521113846153846 0.6394051551724138 0.13543756923076924
0 0.459136474137931 0.09467072692307692 0.47593909051724137 0.10783945 0.5018208706896552 0.11038581153846154 0.49931487068965513 0.06407683076923076 0.4628749568965517 0.054733907692307696 0.459136474137931 0.09467072692307692