0 0.45949257110091746 0.47385791724137927 0.46331650917431194 0.44374070689655176 0.4197025894495413 0.387319275862069 0.39619829587155964 0.4329302551724138 0.439321626146789 0.4839149793103448 0.45949257110091746 0.47385791724137927
0 0.4373768165137615 0.945658275862069 0.4695452018348624 0.9155140758620689 0.4840919334862386 0.875348796551724 0.47183167889908256 0.8603036827586207 0.4748058509174312 0.8368791827586207 0.42880470871559634 0.7620572896551724 0.4007843967889908 0.6851270586206897 0.2855756720183486 0.6810543 0.2521633050458716 0.6651928413793103 0.23306989678899084 0.6388616413793103 0.21384946100917432 0.7158368448275861 0.215452623853211 0.7497130896551725 0.3472711697247707 0.8089782482758621 0.3895447408256881 0.8666556827586207 0.40618522018348624 0.865803351724138 0.42887479587155963 0.8917128827586208 0.4373768165137615 0.945658275862069
0 0.24894821100917433 0.3556952931034483 0.24930738990825688 0.3435658724137931 0.2221718853211009 0.324770724137931 0.21638560321100916 0.33314111379310346 0.12530316972477065 0.3064602103448276 0.11111561467889908 0.33449606896551726 0.0965382247706422 0.4307060793103448 0.1097796490825688 0.4566246034482758 0.0856533623853211 0.47923275172413793 0.0967046743119266 0.5131000034482759 0.11200480504587156 0.5135036827586207 0.11589444724770642 0.49216953103448274 0.13907460779816513 0.5235157655172413 0.1356755527522936 0.5502866241379311 0.12129088761467889 0.5519732896551723 0.1474802637614679 0.6247228241379311 0.1351893486238532 0.6657224448275861 0.14277590366972476 0.7175774862068965 0.16268841513761467 0.7932607068965517 0.17981948165137612 0.7978450827586208 0.19279809403669723 0.7886313551724138 0.19668773394495415 0.7672972034482759 0.21156298394495412 0.7710472413793104 0.20734482798165138 0.7484660758620689 0.21411227752293577 0.7509690965517242 0.2367624243119266 0.5911783 0.24437963990825687 0.5869886068965517 0.23846195412844037 0.5777928724137931 0.27259267889908256 0.5693954965517242 0.3121154633027523 0.49992935517241377 0.28497995871559634 0.48113420689655173 0.15921050688073393 0.44863090689655166 0.1409668623853211 0.4156069965517241 0.14818985550458716 0.3587189275862069 0.19127814449541286 0.3448758517241379 0.24894821100917433 0.3556952931034483
0 0.27851036697247705 0.5785912344827586 0.3536049724770642 0.5730825689655172 0.45635633027522937 0.5357610275862069 0.44628618807339454 0.5127671862068965 0.4192163876146789 0.5027551034482759 0.31741115825688077 0.4861222620689655 0.27386732568807337 0.559356427586207 0.2694870986238532 0.5752538724137931 0.27851036697247705 0.5785912344827586
0 0.7711632316513761 0.8186125448275862 0.7302957155963302 0.7684621655172413 0.7201598692660551 0.7366852689655172 0.6738345917431192 0.7388205896551724 0.6770409197247707 0.8065730758620689 0.6988150252293578 0.8303922586206897 0.7054204105504587 0.8713738862068966 0.7190867178899083 0.8939460586206895 0.7606068876146789 0.9110545379310345 0.8186361307339449 0.9097445586206896 0.8359292660550459 0.875850324137931 0.7790432614678899 0.8495551068965517 0.7711632316513761 0.8186125448275862
0 0.8106930206422018 1 0.7994156972477064 0.9867197620689655 0.7942163669724771 0.9532651862068966 0.7705806651376146 0.9813100413793103 0.768207628440367 1 0.8106930206422018 1
0 0.6160988233944954 0.7192180896551724 0.6031202110091743 0.7284318137931035 0.5917097201834862 0.7066939862068966 0.5226291628440367 0.6741367137931035 0.4304034885321101 0.6750610068965518 0.4112794220183486 0.7047745379310345 0.42739865596330273 0.7545302379310345 0.468331876146789 0.8134636827586207 0.48405688990825685 0.8105209999999999 0.4885028188073395 0.8034066206896552 0.4803293165137615 0.7933765413793104 0.5014157270642202 0.7854098310344828 0.5023968990825688 0.7962832413793104 0.5081831788990826 0.7879128517241379 0.5204434334862386 0.8029579689655172 0.5342718073394496 0.7870515275862069 0.5437199587155963 0.7870425344827586 0.544276247706422 0.8012623 0.5504874082568807 0.7895455551724138 0.570789759174312 0.7970546206896552 0.5760197499999999 0.7744644586206897 0.6312368876146789 0.7581003724137931 0.6328050091743119 0.7271488206896551 0.6160988233944954 0.7192180896551724
0 0.217454373853211 0.05500779310344828 0.20558833944954127 0.09266105862068966 0.21340266513761466 0.1148205551724138 0.240603873853211 0.14239876551724137 0.27126984174311924 0.1519891827586207 0.38808172935779817 0.18993818620689654 0.40259341743119265 0.08494511034482759 0.43361856422018347 0.08240610689655171 0.39703491055045875 0.0636199551724138 0.27224663073394495 0.04199006896551724 0.217454373853211 0.05500779310344828
0 0.22193973165137612 0.23359374137931035 0.22308296788990825 0.2059885448275862 0.1546901077981651 0.20521716896551725 0.13684068348623854 0.22489163448275865 0.13216698394495413 0.26170155862068967 0.14138736009174313 0.2913881103448276 0.15992448165137615 0.30349954137931034 0.2536219128440367 0.31888536551724134 0.24963152522935778 0.2666086551724138 0.2648659518348624 0.25822927586206895 0.2480283623853211 0.23273241379310347 0.22193973165137612 0.23359374137931035
0 0.4233600756880734 0.27480814137931037 0.44725859403669727 0.2818955379310345 0.45925603440366974 0.26180840344827583 0.369448245412844 0.2250884275862069 0.30775713073394495 0.21803700689655173 0.3233200779816514 0.25357293793103447 0.3927291536697247 0.33004552068965515 0.3813186628440367 0.3083076931034483 0.3938723899082569 0.3024403275862069 0.3834430711009174 0.2915759068965517 0.4270876513761468 0.2919526 0.4233600756880734 0.27480814137931037
0 0.3560754128440367 0.18160377586206897 0.34992995412844036 0.20210358620689656 0.359084628440367 0.22300707241379308 0.4596809151376147 0.2584620448275862 0.4649766100917431 0.24465494827586207 0.4585683394495413 0.2300225103448276 0.3560754128440367 0.18160377586206897
0 0.44349159403669725 0.07905075862068965 0.4441857316513761 0.011656672413793104 0.4040631628440367 0.010603744827586208 0.43129704357798165 0.07278870689655172 0.44349159403669725 0.07905075862068965
0 0.15948647018348625 0.8463807482758621 0.1655662247706422 0.817097875862069 0.15788330733944952 0.8125045068965517 0.14948203440366972 0.832169975862069 0.15948647018348625 0.8463807482758621
0 0.24801523165137615 0.7722672689655172 0.2513179220183486 0.7927580827586207 0.23065639220183487 0.7973784379310345 0.23045928211009176 0.7710292482758621 0.21826473165137614 0.7647671965517242 0.20845740366972476 0.7769056137931034 0.19812883027522935 0.8396520551724138 0.20813326834862386 0.8538628275862069 0.19868511926605503 0.8538718241379311 0.21326689678899083 0.8785343379310345 0.2516814839449541 0.9015011931034482 0.29666641284403666 0.9006218793103448 0.29953983944954127 0.8035865206896551 0.24801523165137615 0.7722672689655172
0 0.07177243119266055 0.8489737206896552 0.07608695412844037 0.8242932137931034 0.05670007110091743 0.8188744965517242 0.05957787844036697 0.8427116689655172 0.07177243119266055 0.8489737206896552