0 0.9883294617486339 0.3567370151515152 0.980187325136612 0.35804992803030306 0.9757299972677597 0.3767449431818182 0.9851824125683061 0.39275857954545457 0.9872778825136612 0.39251572727272727 0.9883294617486339 0.3567370151515152
0 0.8141572568306011 0.43984704545454545 0.8123577868852458 0.41492657954545453 0.7942053196721311 0.41916898484848486 0.794823237704918 0.4420877462121212 0.8141572568306011 0.43984704545454545
0 0.8657680792349728 0.41354857954545454 0.8630016530054645 0.36949242045454544 0.836014693989071 0.38063994696969694 0.8375995655737705 0.4226944053030303 0.8657680792349728 0.41354857954545454
0 0.9095113633879782 0.41329092803030304 0.906664781420765 0.39971967045454543 0.8939365928961749 0.40440275378787877 0.8979647267759562 0.4199757159090909 0.9095113633879782 0.41329092803030304
0 0.9045446857923497 0.496738821969697 0.8989859672131147 0.48294722727272726 0.8886208825136612 0.49163371969696973 0.8926490136612022 0.507206678030303 0.9045446857923497 0.496738821969697
0 0.9504907622950819 0.561454393939394 0.9456301147540983 0.5400966553030303 0.9240674316939891 0.5516848636363636 0.9362319863387978 0.5679188371212122 0.9504907622950819 0.561454393939394
0 0.8651268306010929 0.6574278181818182 0.8623604043715847 0.6133716553030303 0.8265389480874318 0.6314243068181818 0.8315340355191256 0.6661329621212122 0.8651268306010929 0.6574278181818182
0 0.7994976994535519 0.5987360151515151 0.7946370519125683 0.5773782803030303 0.7819088633879782 0.5820613598484848 0.7828758196721312 0.6011970568181818 0.7994976994535519 0.5987360151515151
0 0.770631112021858 0.615447984848485 0.763058325136612 0.5938699090909091 0.7465708852459015 0.6096818636363636 0.7502499808743169 0.6290378939393939 0.770631112021858 0.615447984848485
0 0.8650441338797814 0.4954354431818182 0.870333975409836 0.4825252045454545 0.8457902704918032 0.46719123863636364 0.8421654590163934 0.49167103030303033 0.8650441338797814 0.4954354431818182
0 0.8219989262295082 0.48812695454545457 0.8276378032786885 0.47143364393939396 0.7857741448087432 0.46612685984848484 0.7719988469945356 0.4821591515151515 0.8219989262295082 0.48812695454545457
0 0.8926540956284152 0.8921612272727273 0.9072619098360656 0.8819137083333334 0.8982929726775957 0.8754679166666666 0.8926540956284152 0.8921612272727273
0 0.722888106557377 0.7182892196969697 0.7160133961748634 0.6891450037878788 0.6825550382513661 0.7112010681818182 0.699096762295082 0.7392249356060606 0.722888106557377 0.7182892196969697
0 0.661098387978142 0.617983643939394 0.6718667896174864 0.6493499015151515 0.6923823606557378 0.6491109090909092 0.7037945573770491 0.6290752045454545 0.6918445983606557 0.5957072424242424 0.661098387978142 0.617983643939394
0 0.5025066639344262 0.7080079204545455 0.5148858142076502 0.7071079090909091 0.5177323961748634 0.7206791628787879 0.5058367240437159 0.7311470227272727 0.543028456284153 0.7722828106060606 0.5740435519125683 0.7767082424242424 0.5990164508196721 0.7577742310606062 0.6126573060109289 0.728391018939394 0.6103743606557377 0.6939027083333333 0.5699870081967213 0.6429787348484849 0.5346490273224044 0.6705992348484848 0.5190742595628415 0.6617110606060607 0.5144023360655737 0.6975400643939393 0.5025066639344262 0.7080079204545455
0 0.6134614098360656 0.61601925 0.5630321366120219 0.6443194204545454 0.583682150273224 0.6574313446969696 0.662709131147541 0.5857173712121213 0.729222519125683 0.5015524924242425 0.7254089836065574 0.46884554545454543 0.6857739890710383 0.4541912537878788 0.6580889535519125 0.47290492424242425 0.6545985819672131 0.5107356287878788 0.6818544234972678 0.5262899356060605 0.6870641092896175 0.5438645984848485 0.6134614098360656 0.61601925
0 0.7468113524590164 0.5182271477272727 0.7443138114754099 0.500872821969697 0.7285244426229508 0.5091186363636364 0.7356137540983607 0.5211288636363637 0.7468113524590164 0.5182271477272727
0 0.7650439781420766 0.4834998409090909 0.7703338169398908 0.4705895984848485 0.7284701584699453 0.4652828143939394 0.7313167404371584 0.478854071969697 0.7650439781420766 0.4834998409090909
0 0.5225362185792349 0.5057238030303031 0.5008390956284153 0.5039610984848485 0.4457379016393443 0.5680902727272727 0.3888372349726776 0.6072989772727273 0.5257861202185793 0.5593478106060606 0.5508133005464481 0.584249625 0.5840570601092896 0.5793275492424242 0.6104261038251366 0.5452612575757576 0.6132184016393443 0.5149966893939394 0.5768591803278689 0.479645678030303 0.545414893442623 0.5094882234848485 0.5356677267759562 0.5410934734848485 0.5225362185792349 0.5057238030303031
0 0.673984344262295 0.35985347727272726 0.7148810464480874 0.3460245757575757 0.7514807349726775 0.289920875 0.7509429726775956 0.23651720833333334 0.7203570710382514 0.19782379924242424 0.6677792950819672 0.20498657196969697 0.6335427076502732 0.26509368181818177 0.6340804699453552 0.3184973522727273 0.6467285 0.34429917424242423 0.673984344262295 0.35985347727272726
0 0.7582727513661203 0.1570727196969697 0.7517470737704918 0.12414543181818183 0.7244110765027323 0.13907603030303028 0.7324673415300547 0.17022195454545452 0.7582727513661203 0.1570727196969697
0 0.5065839999999999 0.3824621553030303 0.5239039535519125 0.3724349734848485 0.5423253032786886 0.39489440530303027 0.5624918360655738 0.3984384810606061 0.5820404535519126 0.37906379545454544 0.5835167568306011 0.33344660606060605 0.5545958852459016 0.30632275000000003 0.5287904726775957 0.3194719848484848 0.5077914234972678 0.31014313257575754 0.4933180519125683 0.3337415681818182 0.49393596994535516 0.3566603333333333 0.5065839999999999 0.3824621553030303
0 0.6109613278688525 0.4061876477272727 0.6166002049180328 0.3894943409090909 0.5866322213114754 0.37371969318181814 0.5799462322404372 0.4017622196969697 0.6109613278688525 0.4061876477272727
0 0.6768801284153005 0.03230600757575758 0.6877286912568306 0.03318736363636364 0.6882923224043715 0.01227030303030303 0.6768801284153005 0.03230600757575758
0 0.46399385519125685 0.2665649621212121 0.4614963114754098 0.24921063257575757 0.4514802650273224 0.25411405681818183 0.4524472213114754 0.27324975 0.46399385519125685 0.2665649621212121
0 0.4962706584699454 0.2425071931818182 0.499062956284153 0.2122426287878788 0.519444087431694 0.1986527159090909 0.5149324781420764 0.1735119090909091 0.4991431120218579 0.1817577196969697 0.4936386775956284 0.21180195075757574 0.4820920382513661 0.21848673863636361 0.48472402459016395 0.24919198106060605 0.4962706584699454 0.2425071931818182
0 0.33690070765027325 0.37058251515151513 0.30733604644808743 0.394860625 0.3156611912568306 0.4527083787878788 0.32685879234972676 0.4498066628787879 0.3293020491803279 0.4233251666666667 0.320198674863388 0.40352846212121213 0.3451715683060109 0.38459445075757576 0.36074633879781426 0.393482625 0.3908746338797814 0.34828745833333336 0.38837709016393446 0.33093313257575757 0.352421193989071 0.3356348674242424 0.33690070765027325 0.37058251515151513
0 0.4271795710382514 0.3398026515151515 0.44484856284153 0.3259924015151515 0.4464050218579235 0.2498903068181818 0.4313938879781421 0.22008507575757577 0.3995462786885246 0.2098748674242424 0.36775295081967213 0.24350048484848483 0.3809646174863388 0.2483852462121212 0.3794883142076502 0.2940024356060606 0.39213634153005467 0.3198042575757576 0.4271795710382514 0.3398026515151515
0 0.12089897540983607 0.5645683825757576 0.1819079262295082 0.5104477272727272 0.16348657650273224 0.48798829924242426 0.1494966830601093 0.5211545795454545 0.13427095355191257 0.5084833333333333 0.10645147267759562 0.5138460871212122 0.061715363387978145 0.5692887727272727 0.06338039344262295 0.5808583257575758 0.12089897540983607 0.5645683825757576
0 0.2534706857923497 0.5048273257575758 0.25591394808743173 0.47834582954545457 0.27087079781420764 0.46431524242424244 0.27283057923497267 0.4282658977272727 0.2570412158469945 0.4365117121212121 0.26190186065573773 0.45786945075757574 0.2318537213114754 0.47257970833333335 0.23413666939890712 0.5070680227272728 0.2534706857923497 0.5048273257575758
0 0.2692625928961749 0.689058784090909 0.26544905737704916 0.6563518371212121 0.2445844480874317 0.6603739015151515 0.23768386338797814 0.7055504090909092 0.2692625928961749 0.689058784090909
0 0.2963839972677596 0.6912621704545454 0.31222764480874315 0.7268521818181819 0.3210621420765027 0.7199470568181818 0.31566373224043714 0.6451856515151515 0.29882725683060113 0.6647806780303029 0.2963839972677596 0.6912621704545454
0 0.16557825956284153 0.27281260227272724 0.19645891530054646 0.2638871174242424 0.16815596174863387 0.25968202272727275 0.16557825956284153 0.27281260227272724
0 0.12927332513661202 0.2812974090909091 0.1605030163934426 0.26858885606060606 0.12948792076502733 0.26416342045454544 0.12927332513661202 0.2812974090909091
0 0.105965456284153 0.3118009696969697 0.1231509699453552 0.2884228712121212 0.08198538797814207 0.2755499431818182 0.025084724043715846 0.3147586515151515 0.105965456284153 0.3118009696969697
0 0.30131971857923495 0.29718045454545455 0.32323143715846997 0.28180917803030303 0.3276887650273224 0.26311416287878786 0.300781956284153 0.2437767878787879 0.2939615273224044 0.25846839393939397 0.2095904262295082 0.2992567878787879 0.2589725819672131 0.282305821969697 0.30131971857923495 0.29718045454545455
0 0.7844530710382513 0.06581968939393938 0.7674821557377048 0.07206379924242425 0.7564189972677596 0.08831643181818181 0.7631592704918032 0.10410972727272727 0.791811262295082 0.10453174999999999 0.803572494535519 0.08071297727272728 0.7844530710382513 0.06581968939393938