0 0.3930335819672131 0.36245413119533526 0.4027739926229508 0.4154153381924198 0.4101427213114754 0.4281302696793003 0.42429614590163933 0.4338269358600583 0.43040955901639344 0.434810415451895 0.4384931959016393 0.4256561268221575 0.4455235016393443 0.285794916909621 0.43926307049180324 0.2767757565597668 0.4470567081967213 0.2639596311953353 0.4478192762295082 0.24063246209912537 0.444156724590164 0.2273412594752187 0.4465122663934426 0.2179494329446064 0.40141855901639345 0.24381800291545191 0.3938672581967213 0.26175391253644315 0.3930335819672131 0.36245413119533526
0 0.5003899024590164 0.4121637580174928 0.49802225491803276 0.38432700874635567 0.5122669655737705 0.3746982521865889 0.49959505245901636 0.33621472303207 0.49155504098360653 0.3315015379008746 0.4914080245901639 0.32346585714285714 0.5018512368852459 0.31732926676384837 0.4816756836065573 0.29532369970845485 0.4782514352459017 0.2747427580174927 0.46852716557377055 0.27141965160349857 0.45616139180327864 0.2862360612244898 0.4638677786885246 0.3011548833819242 0.46502777213114754 0.31580223177842565 0.45978435327868855 0.32580426239067056 0.4641658475409836 0.32963577113702625 0.4725871426229509 0.32268537172011663 0.47523671803278694 0.32936490670553936 0.46744307950819675 0.3421810335276968 0.471105631147541 0.3554722346938775 0.46624753196721314 0.36622020845481046 0.4565709221311475 0.3614391545189504 0.44906324836065575 0.36550759183673465 0.44324386803278687 0.380595473760933 0.44791536065573767 0.3880888192419825 0.4495083344262295 0.4020241603498542 0.4592802639344262 0.4038893177842565 0.4644760221311475 0.39534523615160355 0.46981879754098366 0.394836833819242 0.4600072778688525 0.4192486734693877 0.46993026065573773 0.4415590393586005 0.48225240901639344 0.4406101005830904 0.48326135 0.4348122434402333 0.47863751803278687 0.42586095043731775 0.4821013573770491 0.4201648950437318 0.4809890237704918 0.4040595976676385 0.48483818196721307 0.39910948396501456 0.4930252098360656 0.4118583498542274 0.4961594606557377 0.42877745772594755 0.5033811721311475 0.43345670845481044 0.5064596918032787 0.4270147113702624 0.5003899024590164 0.4121637580174928
0 0.41509286967213116 0.5524291282798834 0.4085464762295082 0.5521576559766763 0.4049396557377049 0.562227556851312 0.3948736918032787 0.5442910364431487 0.3800013237704918 0.5480540655976676 0.3726883262295082 0.5587002361516036 0.3735146967213115 0.5835532215743441 0.3799698049180328 0.5991501151603499 0.3922006680327869 0.6135266005830904 0.38354107049180325 0.6277667390670554 0.3870089450819672 0.6344802099125364 0.395334918852459 0.6304457069970846 0.41041003442622953 0.6580794606413994 0.41555813196721314 0.6509933250728863 0.4142551573770492 0.6407198206997085 0.40712876721311475 0.6331246734693877 0.4050551532786885 0.6213592871720117 0.41236815 0.6107131166180758 0.41978050409836065 0.6095605758017493 0.4252145647540983 0.593726752186589 0.4314709598360656 0.5903363862973761 0.43093862459016397 0.5815547653061225 0.41793712213114753 0.5656863979591837 0.41509286967213116 0.5524291282798834
0 0.5531148532786885 0.4661775306122449 0.5619650926229508 0.4461055991253644 0.5698104262295082 0.4442410524781341 0.5700010680327868 0.43840926093294463 0.5581595598360656 0.43718824052478134 0.5470369942622951 0.426507527696793 0.5379403811475411 0.42905014868804664 0.5314456836065574 0.43973025364431484 0.5302461008196722 0.45135990233236156 0.540359724590164 0.46783847521865884 0.5531148532786885 0.4661775306122449
0 0.5347826819672131 0.4880461428571428 0.5182220204918033 0.48078972740524784 0.5128752098360656 0.4688886034985423 0.5070517942622951 0.4715669606413994 0.5039813450819672 0.5028280102040816 0.5100034737704918 0.5191369096209912 0.520256044262295 0.5188321137026239 0.5344490590163935 0.49825177988338193 0.5347826819672131 0.4880461428571428
0 0.437746768852459 0.4986213979591837 0.4470897549180328 0.513608086005831 0.47462192950819676 0.5111000102040816 0.4760638508196722 0.5045901443148688 0.4633006516393443 0.48143203790087463 0.444336787704918 0.48502539795918365 0.437746768852459 0.4986213979591837
0 0.45465719590163933 0.5453102784256559 0.4705425401639345 0.548158915451895 0.48993938360655737 0.5438535495626822 0.4916196065573771 0.530053943148688 0.4750589450819672 0.522797527696793 0.4512846418032787 0.5356809125364431 0.45465719590163933 0.5453102784256559
0 0.45678326803278685 0.7183994941690962 0.4642990131147541 0.7391501078717202 0.4738286065573771 0.7358954810495627 0.47719308852459014 0.7207057959183674 0.4691967032786885 0.7021251370262391 0.46356392950819675 0.6989717026239067 0.45678326803278685 0.7183994941690962
0 0.5216162778688525 0.8532112259475219 0.5119437040983607 0.8608396982507288 0.5106964606557377 0.8739272959183674 0.5228836983606557 0.9021712551020409 0.5295254131147541 0.8995268309037902 0.5339901221311475 0.8632138673469388 0.5305699081967213 0.8550424489795918 0.5216162778688525 0.8532112259475219
0 0.3143006106557377 0.8533735830903789 0.29706866721311476 0.8541189139941691 0.2906216295081967 0.8633410714285714 0.2900020426229508 0.8822943950437319 0.2956388516393443 0.8978573542274053 0.31032461229508196 0.9123356428571429 0.3229327245901639 0.9026390189504373 0.3223446573770492 0.8704962930029154 0.3143006106557377 0.8533735830903789
0 0.3074965016393443 0.9487164766763849 0.32078260737704917 0.9675164941690962 0.3392491360655738 0.9682822842565597 0.33623229590163933 0.9469882740524781 0.3266469721311475 0.9268817988338193 0.31191758524590163 0.9262709854227404 0.30705948606557376 0.9370189562682215 0.3074965016393443 0.9487164766763849
0 0.2351106655737705 0.5310961486880467 0.2493077155737705 0.5229253411078717 0.24833836475409835 0.5024462011661808 0.2512698672131148 0.4879685218658892 0.24168454344262294 0.46786204664723036 0.22695515655737705 0.46725123323615164 0.2172349229508197 0.47633765451895044 0.21113361475409836 0.5125827492711371 0.21383085 0.5178043367346938 0.2252870393442623 0.518279415451895 0.22745597459016392 0.5271289052478134 0.2351106655737705 0.5310961486880467
0 0.03931651721311476 0.8806582434402334 0.039793122131147544 0.8660787623906706 0.04725313606557377 0.8634682725947522 0.04483782786885246 0.837089472303207 0.039105698360655736 0.8244424081632653 0.0238916368852459 0.8135920233236152 0.02212416229508197 0.8551265758017493 0.02626735491803279 0.8662478236151603 0.035078004098360656 0.872452890670554 0.03681395901639344 0.8820143892128279 0.03931651721311476 0.8806582434402334
0 0.053906957377049175 0.8980524271137027 0.047459919672131146 0.907274583090379 0.04616501475409836 0.9218201297376093 0.05946751721311475 0.9566799970845481 0.06154736147540984 0.9567662463556851 0.07053142049180328 0.953488997084548 0.07384420737704918 0.9273477332361515 0.06526782459016393 0.9014433994169097 0.053906957377049175 0.8980524271137027
0 0.03369105081967213 0.7519516064139942 0.03845786475409836 0.756529055393586 0.045484899180327866 0.7546305728862973 0.0478404393442623 0.7452387463556852 0.04480554590163934 0.7378132696793003 0.046918749180327866 0.7233016559766764 0.044074496721311474 0.710044389212828 0.036467465573770494 0.7046191967930029 0.027660852459016394 0.7108236545189505 0.02545232704918033 0.7282511632653061 0.026802962295081965 0.7370667186588922 0.03436233278688525 0.743949858600583 0.03369105081967213 0.7519516064139942
0 0.27203523196721313 0.10340958163265307 0.2671294713114754 0.11561550145772595 0.2363757950819672 0.1289394198250729 0.22661193606557378 0.15189331341107873 0.21015063032786882 0.15413052623906706 0.20144337213114755 0.16982861370262392 0.19403101967213116 0.17098115451895043 0.1909048393442623 0.17888110058309037 0.19432505327868851 0.18705251749271137 0.21353125409836066 0.18857894314868803 0.2255157442622951 0.18542611807580173 0.23321406065573771 0.175525889212828 0.25198728278688526 0.1777643221574344 0.26464305409836064 0.16660974927113703 0.26416645 0.18118922886297376 0.2704228450819672 0.17779886588921281 0.27753309426229505 0.1357559110787172 0.2795429057377049 0.0993411443148688 0.27727461475409837 0.0809980247813411 0.27265481803278685 0.08445625655976675 0.27203523196721313 0.10340958163265307
0 0.39992014180327873 0.07659451166180758 0.403427606557377 0.057030982507288636 0.38874991639344264 0.06737174635568513 0.3867320336065574 0.07896746209912536 0.39068054836065574 0.08351097667638484 0.39992014180327873 0.07659451166180758
0 0.5573677631147541 0.9627282186588921 0.5564267721311476 0.9710373571428571 0.5755622614754099 0.9700471545189505 0.5713265106557377 0.9618471501457726 0.5573677631147541 0.9627282186588921
0 0.4944880713114754 0.6177683644314869 0.4997831860655738 0.6187179110787172 0.5012727672131148 0.6107500976676384 0.4865870065573771 0.5962718104956268 0.4775857147540984 0.5958985349854228 0.47022505819672133 0.6080026530612245 0.46998675491803277 0.6152923935860058 0.4832782549180328 0.6348225976676385 0.489391668852459 0.6358060787172011 0.4944880713114754 0.6177683644314869
0 0.4716790844262295 0.6387213644314869 0.4678695163934426 0.6173944795918368 0.4573786434426229 0.6249890174927113 0.45126926475409834 0.6364150641399418 0.4543518196721311 0.6423825932944607 0.4716790844262295 0.6387213644314869
0 0.5688894983606558 0.5726762172011661 0.5768341885245901 0.5803052973760933 0.589156337704918 0.579356361516035 0.5861174073770491 0.5595213586005832 0.5748041991803279 0.5546724373177843 0.5692707827868853 0.5610126311953353 0.5688894983606558 0.5726762172011661
0 0.6799197139344263 0.5225333688046647 0.6719790598360655 0.5273138134110787 0.6751609704918032 0.542774972303207 0.6933105704918032 0.5515572026239067 0.695765468852459 0.5516590058309038 0.6951378114754099 0.545793279883382 0.6903669614754099 0.5288063061224489 0.6799197139344263 0.5225333688046647
0 0.7177359786885246 0.46862444460641395 0.7096046827868853 0.47923668221574345 0.7093187196721311 0.4879843688046647 0.7172157491803278 0.4970713994169096 0.7279489598360656 0.4945966457725947 0.7293391852459017 0.4771352040816327 0.7267372704918033 0.4689977201166181 0.7177359786885246 0.46862444460641395
0 0.6731244385245901 0.7930675670553936 0.6778912532786885 0.7976450145772594 0.6927636204918033 0.7938819854227405 0.6879927713114754 0.7768950102040816 0.6782208409836066 0.7750298527696793 0.6718214639344263 0.7827940612244898 0.6731244385245901 0.7930675670553936
0 0.6975304336065573 0.7984594344023322 0.7047521450819672 0.8031386851311952 0.7108655598360656 0.804122164723032 0.7150483409836066 0.7889664139941691 0.7091255696721311 0.7821511428571429 0.6983923581967213 0.7846258935860059 0.6975304336065573 0.7984594344023322
0 0.575567531147541 0.6817175218658892 0.5689258163934426 0.684361944606414 0.558776637704918 0.7065698965014577 0.5705268606557378 0.7231163367346939 0.5791428327868853 0.7227436720116618 0.5874171106557377 0.7077575918367347 0.5862571172131148 0.6931102419825074 0.575567531147541 0.6817175218658892
0 0.9868981844262296 0.7447626472303207 0.989353081967213 0.7448644504373177 0.9900707934426229 0.7229094664723031 0.9865524549180328 0.7177397069970846 0.9767328639344263 0.7173324985422741 0.9736543442622951 0.7237744956268222 0.9757756180327869 0.7340819344023323 0.9868981844262296 0.7447626472303207
0 0.14619874098360655 0.6566123702623906 0.1386951024590164 0.673090332361516 0.13985509508196722 0.6877376807580174 0.15006404098360654 0.7013003571428571 0.17003684590163934 0.6919091384839651 0.16579429754098363 0.6712942623906706 0.1569319524590164 0.6541376180758017 0.14619874098360655 0.6566123702623906
0 0.34727491721311476 0.8598507317784257 0.3573408819672131 0.8777872521865889 0.3656668549180328 0.8737527492711371 0.36691409918032786 0.8606651501457726 0.3611343081967213 0.8494760349854227 0.350496418852459 0.84903489212828 0.34727491721311476 0.8598507317784257
0 0.36492773606557377 0.8211648177842565 0.3727771049180328 0.8317097944606414 0.3811507393442623 0.8262173440233236 0.38171862950819674 0.7963124416909622 0.37767479344262295 0.7946848236151602 0.3644430598360656 0.8109252463556851 0.36492773606557377 0.8211648177842565
0 0.3831201975409836 0.6657073221574344 0.38923764590163934 0.6791003294460641 0.40526597213114757 0.6775751224489795 0.4061278967213115 0.6637415816326531 0.39462001147540987 0.6523149271137026 0.3871123368852459 0.6563833644314869 0.3831201975409836 0.6657073221574344
0 0.18909526721311476 0.5350276311953353 0.20388038442622952 0.5589995481049562 0.20898082213114755 0.553371360058309 0.2107046704918033 0.5257042813411078 0.2064184975409836 0.5189568775510204 0.19091847213114754 0.5168541822157434 0.18909526721311476 0.5350276311953353
0 0.21077981475409835 0.46074075947521864 0.200241281147541 0.4697932448979592 0.1997646762295082 0.4843727259475219 0.20443616885245902 0.4918660699708455 0.21054958278688526 0.4928495510204081 0.2169966204918033 0.4836273935860058 0.21733024426229508 0.47342175801749276 0.21077981475409835 0.46074075947521864
0 0.4908910655737705 0.213950083090379 0.4832880704918033 0.220934416909621 0.48078954754098363 0.2347000860058309 0.48469040163934424 0.24070154956268222 0.4949906327868852 0.23893880320699706 0.5006670319672131 0.22822476676384837 0.5010483155737705 0.2165611807580175 0.4908910655737705 0.213950083090379
0 0.71073495 0 0.7068017647540983 0.0009951807580174928 0.7029049450819672 0.007403243440233236 0.7049308983606558 0.02062657725947522 0.717733687704918 0.01750768658892128 0.7194139114754099 0.003708081632653061 0.7174984844262295 0 0.71073495 0
0 0.4893472803278689 0.49930129883381924 0.4934945073770492 0.5228320728862974 0.49797132377049186 0.5237476836734694 0.5035524016393442 0.5159495408163266 0.5047043237704918 0.5057778396501458 0.501379431147541 0.4946905247813411 0.4893472803278689 0.49930129883381924
0 0.4837064360655738 0.4713288119533528 0.4923264442622951 0.48336567201166175 0.4993058180327869 0.48292513848396507 0.5033456172131148 0.4721432317784257 0.49747050573770485 0.4638700116618076 0.48610963852459016 0.46047903790087463 0.4837064360655738 0.4713288119533528
0 0.4611027057377049 0.2353436166180758 0.46871377131147535 0.253178333819242 0.47781038442622953 0.25063571282798836 0.47823932950819675 0.2375141807580175 0.473277837704918 0.22635899854227406 0.467549743442623 0.22612146064139943 0.4611027057377049 0.2353436166180758
0 0.4162488278688525 0.5546669518950438 0.4209679811475409 0.5607023483965015 0.42626309590163936 0.5616518950437318 0.43280545409836063 0.5495138411078717 0.4320784401639345 0.5341544854227406 0.4164871303278689 0.5473772128279883 0.4162488278688525 0.5546669518950438
0 0.5055839163934426 0.8423269081632654 0.5064935008196721 0.827035419825073 0.4923400762295082 0.8213387551020409 0.4898415540983607 0.8351044256559766 0.4944653860655737 0.8440557186588922 0.5055839163934426 0.8423269081632654
0 0.4351423459016393 0.7788188935860059 0.44140277704918035 0.787838055393586 0.4483821508196721 0.7873975218658893 0.4531449286885246 0.779565444606414 0.4523702549180328 0.7656640364431487 0.436294268852459 0.768647192419825 0.4351423459016393 0.7788188935860059
0 0.38862613032786886 0.7228727040816326 0.38968273278688526 0.7156168979591836 0.38462591967213117 0.7073776122448979 0.3766376049180328 0.7136160029154519 0.3794818581967213 0.7268732725947522 0.38862613032786886 0.7228727040816326
0 0.5438800581967214 0.6358757740524781 0.5539460221311476 0.6538122944606414 0.5638609344262295 0.6513036093294461 0.5627009401639345 0.6366562594752186 0.5536479532786885 0.6253314067055393 0.5462355991803278 0.6264839475218659 0.5438800581967214 0.6358757740524781
0 0.5182139491803278 0.4559706763848396 0.5312590770491803 0.4579715699708455 0.5395414254098361 0.4678045408163265 0.552248893442623 0.46760154518950436 0.5618697721311475 0.4490214956268222 0.5697627655737705 0.44569899999999996 0.5700487286885245 0.4369513119533528 0.5573889204918033 0.43569636005830903 0.5421748598360656 0.4248459752186589 0.5321169655737704 0.4317285058309038 0.5300990836065573 0.4433242230320699 0.5211931131147541 0.44003505102040813 0.5173439549180328 0.444985166180758 0.5182139491803278 0.4559706763848396
0 0.3845265631147541 0.6978839825072886 0.384041887704918 0.6876444110787172 0.37320932131147544 0.6806255349854227 0.37008314016393445 0.6885254795918367 0.37947378688524586 0.702054221574344 0.3845265631147541 0.6978839825072886
0 0.4144384926229508 0.7604412317784257 0.4056238073770492 0.7418266370262391 0.3961895360655738 0.7421653688046648 0.3993714475409836 0.7576265276967931 0.4087103975409836 0.7602036924198251 0.4144384926229508 0.7604412317784257
0 0.41669064180327864 0.729146249271137 0.41818022295081964 0.7211784358600584 0.40898425491803275 0.7142274271137026 0.40581041475409835 0.7235853206997085 0.4097112680327869 0.7295867827988338 0.41669064180327864 0.729146249271137
0 0.41552661311475414 0.7020893746355685 0.4209210844262295 0.7125325510204081 0.42708215819672124 0.712058081632653 0.42857174016393446 0.7040902682215744 0.42438088852459016 0.6944269679300291 0.4171115163934426 0.691205666180758 0.41552661311475414 0.7020893746355685
0 0.4246507098360655 0.6360411793002916 0.4277292286885246 0.6295991822157434 0.42344305491803286 0.622851778425656 0.4168966614754098 0.622580306122449 0.4159870770491803 0.6378717930029155 0.4246507098360655 0.6360411793002916
0 0.4539463229508197 0.5795890247813411 0.45775185573770494 0.5885063833819242 0.4721435836065574 0.5869133075801749 0.47445146475409833 0.5789794285714286 0.46848103196721314 0.5736221049562683 0.4561588827868852 0.5745710422740524 0.4539463229508197 0.5795890247813411
0 0.6763542278688525 0.06761903790087463 0.6740899721311475 0.06168544314868805 0.6758655163934426 0.0449699416909621 0.6639286877049181 0.04666481924198251 0.6689418737704919 0.06877157871720117 0.6763542278688525 0.06761903790087463
0 0.12246555573770493 0.9439632609329447 0.12959194590163933 0.9515584081632652 0.13459706229508198 0.9488461180758018 0.13338940901639346 0.9356567172011662 0.12828493606557376 0.9288753775510205 0.12332748032786886 0.930129721574344 0.12246555573770493 0.9439632609329447
0 0.12038387131147542 0.9073788236151603 0.1258260032786885 0.9163640495626821 0.1316970795081967 0.9122277448979592 0.13188772049180328 0.9063959533527698 0.12846750737704918 0.8982245349854228 0.12119813524590164 0.8950032317784257 0.12038387131147542 0.9073788236151603
0 0.4478530860655738 0.6406531720116618 0.44732075 0.6318715495626822 0.4373541418032787 0.6234286588921283 0.43581689999999995 0.6328544198250728 0.442077331147541 0.6418735816326531 0.4478530860655738 0.6406531720116618
0 0.4717348155737705 0.6620824679300292 0.47794758606557375 0.6725595758017493 0.4832903614754098 0.6720511734693878 0.48386632213114755 0.6669653236151604 0.47972313114754095 0.6558440758017493 0.4748609959016394 0.6541825218658892 0.4717348155737705 0.6620824679300292
0 0.5456361901639344 0.7074848994169096 0.5391334213114755 0.6933459533527697 0.5311927672131147 0.6981263979591837 0.5317251032786885 0.7069080189504373 0.536444256557377 0.712943416909621 0.5456361901639344 0.7074848994169096
0 0.5204514852459017 0.6757820976676385 0.5235817008196721 0.6802916793002916 0.5303187360655738 0.674731360058309 0.5219887278688524 0.6663563367346939 0.5204514852459017 0.6757820976676385
0 0.38996967622950823 0.11778972448979592 0.3852068975409836 0.12562180029154518 0.38059113606557377 0.14148955685131195 0.38189411147540986 0.15176306268221573 0.3897871049180328 0.1484405670553936 0.3937315844262295 0.14057455539358601 0.39401351147540986 0.11941734256559768 0.38996967622950823 0.11778972448979592
0 0.4203420680327869 0.11612938921282799 0.42264994918032783 0.10819551020408164 0.41749781639344263 0.10287212099125363 0.4108561016393443 0.10551654518950437 0.4108601368852459 0.11792606997084548 0.4203420680327869 0.11612938921282799
0 0.020446447540983608 0.5805912011661808 0.02434730163934426 0.5865926632653061 0.03050837540983607 0.586118195335277 0.03531881557377049 0.5768281705539359 0.03208924262295082 0.5628249606413994 0.02169369098360656 0.5675036020408164 0.020446447540983608 0.5805912011661808
0 0.22594948770491802 0.33508636297376093 0.22435651393442624 0.3211510218658892 0.21391330163934424 0.32728761078717206 0.21367499918032787 0.33457735276967926 0.219260112295082 0.33918873469387756 0.22594948770491802 0.33508636297376093
0 0.21490686557377048 0.4222239052478134 0.21866473852459017 0.43259921282798836 0.22713369344262296 0.42419086588921284 0.22530241803278686 0.4175452638483965 0.21490686557377048 0.4222239052478134
0 0.42847718278688524 0.857378418367347 0.43377633278688527 0.8707374897959184 0.43661655 0.8715852317784256 0.44147464999999997 0.8608372594752186 0.4373314573770492 0.8497160116618075 0.4316033631147541 0.8494784723032069 0.42847718278688524 0.857378418367347
0 0.4723430598360656 0.7562728206997084 0.47388030163934425 0.7468470597667639 0.4645890122950819 0.7428119460641399 0.4622811319672131 0.7507458250728862 0.46618198606557376 0.7567472886297376 0.4723430598360656 0.7562728206997084
0 0.48053815819672135 0.7938407361516036 0.47644262704918033 0.7812615408163266 0.4707621926229508 0.7795660539358601 0.4693679319672131 0.784617972303207 0.47471474262295077 0.7965190947521866 0.48053815819672135 0.7938407361516036
0 0.4120481606557377 0.958891833819242 0.4157583721311475 0.9707250889212828 0.4207158278688525 0.9694707448979591 0.4175339163934426 0.9540095874635568 0.4120481606557377 0.958891833819242