0 0.0095295828125 0 0.012981593750000001 0.49550227222222226 0.0237509921875 0.9065659069444444 0.08295895703125 0.8832534652777778 0.23487513984375 0.7911196055555556 0.25509908359375 0.7740153819444444 0.293300940625 0.7551487736111112 0.31738960546875 0.7310121611111111 0.33066615312500003 0.7279565402777777 0.3703501984375 0.6965448736111112 0.37894358281249996 0.6949766194444444 0.3847679625 0.6885989361111111 0.38354484765625 0.68097655 0.39756703984374997 0.67234355 0.40258207578125005 0.6618111416666667 0.4022271796875 0.6075894263888889 0.39668007265625 0.5965802666666667 0.37333650390625 0.49555748611111117 0.34211789609375 0.38635468194444444 0.33406995859375 0.35175894722222223 0.33147812890625 0.31426936805555555 0.317128340625 0.2728515527777778 0.31218127890625 0.23402020694444445 0.29227528359375 0.18020293194444445 0.2701232546875 0.14172749305555557 0.22161865 0 0.0095295828125 0
0 0.44376994765625 0 0.44639254765625 0.18535774444444442 0.44266432578125 0.21324464027777776 0.44018224296874997 0.31202068055555554 0.44039208828125 0.46357960416666666 0.44432105625 0.5858613291666667 0.44519409921875 0.5997481555555555 0.44913161874999996 0.6038381680555556 0.45285128828125 0.6941429847222221 0.4657686640625 0.6959615055555556 0.4954135359375 0.6842243527777777 0.5320240046875 0.6612191986111111 0.54455490859375 0.6637409583333334 0.5468737406249999 0.6595215236111112 0.6109376484375 0.6484628569444445 0.6438016945312499 0.6505639972222222 0.66185240625 0.6599240166666667 0.7009364054687499 0.6563345347222221 0.702850565625 0.6500377388888889 0.6977445296875 0.6466671416666667 0.7087022453125 0.6478309555555556 0.71139845 0.6415179819444444 0.7118528976562499 0.5914509902777778 0.7187092953125 0.5634993833333334 0.74242058828125 0.5414563097222223 0.747812996875 0.5288303625 0.7521096890625001 0.5280462361111111 0.7516595171875 0.5190173722222222 0.86896611484375 0.5165907305555556 0.9048673390624999 0.5047241569444444 0.9075544437499999 0.49702088333333333 0.9058356562500001 0.4734181319444445 0.8715247249999999 0.25025922500000003 0.87342978515625 0.24257212777777776 0.8877838499999999 0.2248940875 0.89387640390625 0.1997392597222222 0.8928577625 0.16360762638888887 0.8971678296875 0.10511794305555555 0.90219196640625 0.09597583472222224 0.91312238203125 0.09296874861111111 0.91815561875 0.08521694166666667 0.9203379523437499 0.060143001388888895 0.9349965906250001 0.029249018055555555 0.940873365625 0 0.44376994765625 0
0 0.38187364453125 0.12690139027777778 0.37713588124999997 0.12004695416666666 0.37167067343750004 0.12155049722222222 0.37097962890625 0.13546967916666666 0.3753400203125 0.14441765555555555 0.380814328125 0.14430441249999998 0.38187364453125 0.12690139027777778
0 0.9508564156249999 0.1818746888888889 0.948446584375 0.17219111944444443 0.9414263875 0.17511731805555555 0.94344064765625 0.1841138263888889 0.9508564156249999 0.1818746888888889
0 0.9092715859375 0.16187759583333333 0.90935348515625 0.1743903 0.9129045328125001 0.1791835513888889 0.9217933890625 0.16300905416666667 0.9186015140625001 0.1533416611111111 0.9092715859375 0.16187759583333333
0 0.9880712062500001 0.07195149305555557 0.9915403539062501 0.06423204027777778 0.99224049921875 0.051703159722222225 0.98906682421875 0.04481636805555556 0.9839971875 0.04700697222222222 0.97821830703125 0.060336158333333334 0.9787139781249999 0.0763165236111111 0.9880712062500001 0.07195149305555557
0 0.951497684375 0.22009985972222224 0.9572947656249999 0.20955127499999998 0.9595953984375001 0.20255124166666666 0.954057390625 0.19293238194444445 0.9505336421875 0.19231002916666667 0.9431815742187499 0.20428127083333333 0.9444683890625001 0.22163575972222221 0.951497684375 0.22009985972222224
0 0.9399452953124999 0.4268264027777777 0.9334887453125 0.39636921388888885 0.9249044609375 0.3993277694444444 0.9258139039062501 0.41877579722222225 0.9310200390625001 0.43743969861111115 0.93571230234375 0.4373426333333333 0.9399452953124999 0.4268264027777777
0 0.985412496875 0.3229896930555556 0.982220621875 0.3133223013888889 0.96972611796875 0.3163617444444444 0.965979696875 0.3414680388888889 0.96876689921875 0.34905806944444445 0.9824208195312499 0.3439089097222222 0.985412496875 0.3229896930555556
0 0.949342103125 0.1297626902777778 0.9621411804687501 0.11350730416666666 0.9634504703125 0.0745465375 0.96027679453125 0.06765974583333334 0.955971003125 0.06705357222222222 0.9517198109375 0.07478920138888889 0.94179893671875 0.11253762083333332 0.949342103125 0.1297626902777778
0 0.9664608953125 0.17598993472222224 0.9739767625000001 0.18904410138888889 0.98180630234375 0.19027262499999997 0.9930503914062501 0.17543989444444444 0.9921318484375 0.15460156805555555 0.9827109203125 0.14923449583333334 0.9698117453125 0.15019657777777778 0.96557875234375 0.16071280694444445 0.9664608953125 0.17598993472222224
0 0.3525478171875 0.3068810708333333 0.3557760921875 0.3221096652777778 0.361664171875 0.3254640847222222 0.36351463281249996 0.3094351847222222 0.3595680140625 0.30395487083333333 0.3525478171875 0.3068810708333333