0 0.5370647514970059 1 0.49184304491017966 0.9775286259842519 0.48051574251497003 0.8673912874015748 0.46107379640718565 0.8735895708661418 0.4385898353293413 0.9553767480314961 0.39029626347305385 0.9689532244094488 0.38947481437125747 1 0.5370647514970059 1
0 0.32023873053892216 0.4725946771653543 0.3459486017964072 0.29514022047244093 0.323577625748503 0.3004523307086614 0.2992968143712575 0.45015152362204724 0.2640354491017964 0.5159925118110236 0.26304507784431136 0.5599877086614173 0.28389504491017964 0.5924700511811023 0.30502085329341316 0.5948348307086614 0.3211870209580838 0.5614712480314961 0.34418058083832337 0.5523207007874016 0.32023873053892216 0.4725946771653543
0 0.9950515299401198 0.4187076535433071 0.9692308203592814 0.4212978228346457 0.952647 0.3719855826771653 0.9206824520958085 0.39855598425196853 0.9067518203592814 0.3802474881889764 0.9324616946107784 0.2027930275590551 0.913019751497006 0.20899131102362203 0.8762163353293413 0.379062625984252 0.8423840299401197 0.4171483503937008 0.994403245508982 0.46754566141732284 0.9950515299401198 0.4187076535433071
0 0.8009178532934133 0.4549378661417323 0.7346114011976048 0.44695735826771654 0.7197114431137724 0.40620817716535434 0.6974324101796406 0.40148109448818897 0.7048325269461078 0.2990231062992126 0.6954228443113772 0.30020302362204726 0.667335616766467 0.41653617322834646 0.6240936347305389 0.45580181496062994 0.6332274730538922 0.484739468503937 0.8984532844311377 0.5166614803149606 0.9328871347305389 0.5411731968503937 0.9243758802395209 0.5083971062992126 0.8095210568862277 0.47767476771653544 0.8009178532934133 0.4549378661417323
0 0.5926386826347305 0.5550088503937008 0.5661854491017965 0.5570724763779528 0.549948374251497 0.5340393622047244 0.5381613413173653 0.47409797244094487 0.5881520269461078 0.14694432283464567 0.5728842844311378 0.1463518937007874 0.5212097365269461 0.46494248425196855 0.4650773592814371 0.5647370118110235 0.46000473353293414 0.6054837283464567 0.5058079640718564 0.6072610157480315 0.5607660778443114 0.5715400669291338 0.6181934910179641 0.5869012362204724 0.6142242215568863 0.5071776811023622 0.5926386826347305 0.5550088503937008
0 0.8342982125748503 0.7227524291338583 0.8579852664670659 0.7661601377952756 0.9660588113772455 0.7723851181102362 0.9792426227544909 0.6911025748031496 0.9763418383233532 0.6710976338582677 0.9933355239520958 0.5473813503937008 0.9745161616766468 0.549741188976378 0.9547773383233532 0.6524929173228347 0.9199757035928143 0.6681379606299213 0.9103112245508982 0.632999562992126 0.8756724431137725 0.6950021062992126 0.8597821137724552 0.6982481220472441 0.8505563263473053 0.6793496614173228 0.8157546886227545 0.6949946968503936 0.8144175778443113 0.7127107716535434 0.8342982125748503 0.7227524291338583
0 0.24956092814371258 0.8136234881889765 0.2760850658682635 0.8679565590551181 0.29144475748502996 0.8585097992125984 0.2887915658682635 0.8275060551181103 0.3428302125748503 0.8921770039370078 0.3633334341317365 0.898380216535433 0.39592056886227545 0.8679713740157481 0.4294770329341317 0.8600032165354331 0.42859964970059883 0.8275233385826772 0.3956868083832335 0.7652171732283465 0.3918803952095808 0.731851125984252 0.42425480838323354 0.5322522007874015 0.4049048083832335 0.5284112874015748 0.39060639820359283 0.5502595472440945 0.35797718562874253 0.713540157480315 0.3243996766467066 0.7879441968503936 0.2835560838323353 0.8218952677165355 0.2858835748502994 0.760184 0.2771884251497006 0.7474862874015747 0.2618287335329341 0.7569330511811024 0.24956092814371258 0.8136234881889765
0 0.8500215359281438 1 0.8688029700598802 0.8036608385826771 0.8458094071856287 0.8128113858267717 0.8142414700598803 0.9884934960629921 0.8083157784431138 1 0.8500215359281438 1
0 0.7407073862275448 1 0.7413834610778443 0.9261823897637795 0.726830251497006 0.9117123346456693 0.7150221766467066 0.9182068228346457 0.6961920479041916 1 0.7407073862275448 1
0 0.8003529221556887 0.8373132283464567 0.814028751497006 0.819303409448819 0.7887497814371258 0.7572934606299213 0.7479981347305389 0.7812053385826772 0.7187078203592815 0.7723435984251968 0.7007868832335329 0.7407474291338583 0.6843869550898203 0.6713568110236221 0.6940935149700599 0.5736234448818898 0.6854903113772455 0.5508865433070866 0.6601903053892215 0.5553124724409448 0.6440030958083832 0.6551119370078741 0.6029047035928143 0.6527446929133859 0.5371078502994012 0.7174008188976378 0.4954788233532934 0.7088328267716536 0.4824255778443114 0.7230042007874016 0.5576819790419162 0.7800007283464566 0.7494981047904192 0.8098467755905512 0.8003529221556887 0.8373132283464567
0 0.26515205988023954 0.07338201181102362 0.25352787724550896 0.05979812598425197 0.22161319461077844 0.2092011062992126 0.24308574850299403 0.23784500787401575 0.3604309101796407 0.2532135866141732 0.46675343712574846 0.31759572440944883 0.4885018293413174 0.3161220590551181 0.49650348502994013 0.2762615157480315 0.4516197185628742 0.17409233858267717 0.45440693712574853 0.06218512204724409 0.4355875778443114 0.06454496456692914 0.4102454880239521 0.20184266141732285 0.37002448203592814 0.23195529133858267 0.35245029341317363 0.22663824803149607 0.3363051646706587 0.19356594488188977 0.3225373892215569 0.22161494881889762 0.3043406137724551 0.22013634645669292 0.2624567874251497 0.17525003543307086 0.26515205988023954 0.07338201181102362
0 0 0.48723802362204727 0.006443508982035928 0.48436670866141734 0.021619305389221556 0.4949983267716535 0.021343467065868264 0.5251158976377952 0.03305959281437126 0.5286605944881889 0.056237047904191616 0.4994316653543307 0.12067574550898202 0.5189274921259842 0.13096280838323351 0.5502274488188976 0.17224509580838324 0.5325163149606299 0.15950976946107784 0.3836983543307087 0.1864648143712575 0.19856701968503937 0.18016805688622753 0.18055473622047244 0.1601035269461078 0.19059145669291339 0.14248725748502994 0.3181461811023622 0.11956460179640718 0.3836934212598425 0.04177578143712575 0.4749224173228347 0.007066092814371258 0.4805282716535433 0 0.47582554330708665 0 0.48723802362204727
0 0.05608744610778443 0.13093393307086615 0.05216804790419161 0.1740429566929134 0.07887607485029939 0.2082976496062992 0.11003414970059881 0.20564406692913387 0.12788417964071855 0.18084354330708663 0.14399544011976048 0.006612188976377953 0.09505322754491018 0.004364791338582677 0.0823778263473054 0.08251280708661417 0.05608744610778443 0.13093393307086615
0 0 0.8806484291338582 0.21898336227544912 0.9453103976377953 0.1699043532934132 0.916367811023622 0.1314092874251497 0.8221717322834645 0.1582934251497006 0.5806436968503936 0.14240309580838323 0.5838897125984251 0.11028348203592814 0.8198069566929134 0.09171891916167664 0.8584851102362204 0.06925599700598802 0.8738364015748031 0.048752775449101796 0.86763318503937 0.04637542215568862 0.8065118740157481 0.02647374251497006 0.8629061023622047 0 0.8531456574803149 0 0.8806484291338582
0 0.2250806526946108 0.471992374015748 0.19639188023952095 0.5257280748031496 0.23393865269461075 0.5310475905511811 0.24034839520958085 0.4725848031496063 0.2250806526946108 0.471992374015748
0 0.23524147604790416 0.9019076299212598 0.23851725449101793 0.9290729330708661 0.26035759281437126 0.9175600787401574 0.2540608353293413 0.8995477913385826 0.23524147604790416 0.9019076299212598
0 0.25076402095808387 0.9388183740157481 0.2517333502994012 0.9612590590551181 0.27232851796407187 0.957423090551181 0.26958338023952094 0.9364585354330709 0.25076402095808387 0.9388183740157481
0 0.34006403293413173 0.9376483346456693 0.3277253203592814 0.9379420787401576 0.32993982035928143 0.9527058779527559 0.34006403293413173 0.9376483346456693