0 0.6463564457627119 0 0.6509854016949153 0.018839902127659573 0.6559793677966101 0.20006306170212768 0.6409342203389831 0.22353452127659573 0.6326758610169492 0.2209957255319149 0.6313011677966102 0.20532687021276597 0.6247122237288136 0.2205077680851064 0.6118331372881356 0.21633066170212764 0.599052972881356 0.20673887872340424 0.5666150966101695 0.14580076595744682 0.5924640271186441 0.2219197765957447 0.6250049050847458 0.24085347234042553 0.5772169576271187 0.29281032978723404 0.5536166847457628 0.32998702978723404 0.5379076542372881 0.1352330659574468 0.5384991406779661 0.12103987021276597 0.5492162457627118 0.11627580212765957 0.5502013745762712 0.09871876382978723 0.538898906779661 0.06279142127659575 0.5339752966101695 0.1322817489361702 0.5467370983050848 0.3065273531914894 0.5426028169491526 0.3509951297872341 0.5334582491525424 0.3605986957446809 0.5371927644067797 0.3743793680851064 0.5125084423728813 0.43452778510638296 0.5082772813559322 0.46611537021276594 0.5126981237288135 0.4968779063829787 0.5001117203389831 0.5130465063829787 0.4808415305084746 0.5132209425531915 0.47376002203389833 0.5371803595744681 0.4123077406779661 0.5733929255319148 0.40866806440677966 0.590787314893617 0.4611715779661017 0.5716438276595744 0.46874157288135593 0.5754956276595744 0.5029579864406779 0.5572644085106383 0.5112183881355933 0.5415083340425532 0.5317684288135593 0.5258276936170213 0.5825015661016949 0.5126740638297872 0.6416827440677967 0.5644093468085107 0.667337913559322 0.6147679744680851 0.6777602949152542 0.6079530723404256 0.6620349440677966 0.5595580617021277 0.6752107915254237 0.5474911340425532 0.6955609508474576 0.5609347191489362 0.7487446711864407 0.6136577021276596 0.7760692559322033 0.6817360212765957 0.7952405237288136 0.6869762617021277 0.8037976881355932 0.654976155319149 0.8011451813559322 0.6365186319148936 0.7922973745762711 0.6298781680851063 0.779121527118644 0.6419450957446808 0.770865206779661 0.6211114319148936 0.7038213508474576 0.5451786425531915 0.6938976559322033 0.48833041914893616 0.7199566694915254 0.44385085957446807 0.7479757440677965 0.45573156382978725 0.7550552152542372 0.4500670170212766 0.7308716169491525 0.4282574361702127 0.7434641406779661 0.3572042319148936 0.7303953745762711 0.2906770063829787 0.8047389847457627 0.14887232978723403 0.7970700694915255 0.1504352085106383 0.7616706813559322 0.19705282127659574 0.7304983762711864 0.2486725893617021 0.7113271101694916 0.24343234680851064 0.7067084237288136 0.22349916808510636 0.7107417440677966 0.20274093829787235 0.7378848118644068 0.13528966170212767 0.7285444389830509 0.1374277170212766 0.7073039898305085 0.17271623191489363 0.6836088796610169 0.17871787021276597 0.6696498237288135 0.16092274468085108 0.6542314338983051 0.004809355319148937 0.6553441 0 0.6463564457627119 0
0 0.2392696881355932 0.5715990170212766 0.2585378355932203 0.5897194489361702 0.28862404915254236 0.5793662680851064 0.3083888440677966 0.5521184404255319 0.3079003593220339 0.5243072234042553 0.2900089440677966 0.5035607808510638 0.26002165084745765 0.5084992829787234 0.24399341525423732 0.5312329127659575 0.2392696881355932 0.5715990170212766
0 0.16365438644067798 0.6557304191489362 0.1545098186440678 0.6653339872340426 0.1551961440677966 0.6823158489361701 0.17436741016949153 0.6875560893617021 0.18252889152542373 0.6772146936170212 0.1821372881355932 0.6622836680851064 0.16365438644067798 0.6557304191489362
0 0.06572070847457627 0.7432374489361702 0.08715287796610169 0.7520041829787234 0.10494945084745762 0.7415755680851064 0.11193204067796611 0.7230308276595745 0.10338099661016949 0.7001463297872341 0.08755264237288135 0.6937557340425532 0.07182116779661016 0.7002453319148936 0.061594588135593216 0.7145257468085107 0.06572070847457627 0.7432374489361702
0 0.2673652389830508 0.7793086042553191 0.2647127338983051 0.7608510808510638 0.2536040254237288 0.7506841234042553 0.23924928474576274 0.7545477063829787 0.22970903050847455 0.785809985106383 0.24445537457627117 0.7968774297872341 0.25949848135593223 0.7917008361702128 0.2673652389830508 0.7793086042553191
0 0.2304963186440678 0.7790823021276595 0.24612683220338985 0.7963022531914894 0.26392340508474577 0.7858736361702128 0.26815252711864407 0.7725809212765957 0.2646138118644068 0.7662657595744681 0.2571407 0.7752941531914894 0.2304963186440678 0.7790823021276595
0 0.21701962542372882 0.843983 0.23648561694915252 0.8512740765957447 0.25428218983050843 0.8408454617021276 0.25988804576271185 0.8249267340425532 0.25418735084745764 0.8096704 0.24140718644067796 0.8000786170212766 0.22705244576271183 0.8039422021276597 0.21299038644067797 0.8281514914893617 0.21701962542372882 0.843983
0 0.39174341694915255 0.7171376489361702 0.37905809152542375 0.7387209255319148 0.3823020847457627 0.7429852510638297 0.40353845254237286 0.744286474468085 0.4211392237288135 0.7263923446808511 0.41504488474576273 0.7144998531914893 0.39174341694915255 0.7171376489361702
0 0.36904567627118645 0.5958130361702128 0.35832653220338984 0.6188719723404255 0.378377886440678 0.6668544574468086 0.4132806288135593 0.6656051021276597 0.4433688830508475 0.6369570489361702 0.44405928983050846 0.6173491765957446 0.4301002338983051 0.5995540489361703 0.40247276271186444 0.602604370212766 0.3847771508474576 0.5893234404255319 0.36904567627118645 0.5958130361702128
0 0.3838929813559322 0.583170929787234 0.39323539322033896 0.5627380063829788 0.4149643271186441 0.5552607106382978 0.4261739949152542 0.5417181255319149 0.4237193322033898 0.5124312468085106 0.40081354915254236 0.49341033191489364 0.3847873525423729 0.49784909361702123 0.34653965762711864 0.5185436723404255 0.34231053559322033 0.5318363872340426 0.348204993220339 0.5728531021276595 0.3578400881355932 0.572765885106383 0.3705213305084746 0.5877723468085105 0.3838929813559322 0.583170929787234
0 0.3177271745762712 0.5682752574468086 0.30887732881355934 0.5799296595744681 0.31064566440677965 0.5922346765957447 0.32647402033898304 0.5986252680851064 0.3360122338983051 0.585657859574468 0.33394917457627116 0.5713020085106384 0.3177271745762712 0.5682752574468086
0 0.34572584576271187 0.7631046531914893 0.34041879491525423 0.7444844787234043 0.32134440847457624 0.752124429787234 0.3255694491525424 0.7754214510638298 0.34572584576271187 0.7631046531914893
0 0.836530286440678 0.7179651021276596 0.8342714254237288 0.6961437361702127 0.8250299745762711 0.692867114893617 0.820112486440678 0.7074728361702127 0.836530286440678 0.7179651021276596
0 0.8800809525423728 0.7524804361702128 0.8967955169491526 0.7467286659574468 0.9139985644067796 0.7687881191489362 0.9256987576271187 0.7647618808510639 0.9270775322033897 0.7438410000000001 0.9202948254237288 0.733261514893617 0.9017130033898305 0.7321229468085106 0.8843141559322034 0.7025979829787233 0.8638650762711864 0.6945690765957447 0.8591454271186441 0.6983454425531914 0.8615032118644068 0.714752129787234 0.8551121101694915 0.719103670212766 0.8600255152542373 0.7410876872340426 0.8800809525423728 0.7524804361702128
0 0.5260901762711865 0.30932780212765953 0.4984647457627119 0.294083255319149 0.48214382711864406 0.29647118085106383 0.4647388559322034 0.32183082127659574 0.47398030677966096 0.3251074468085106 0.4708311559322034 0.35201818085106384 0.4830218745762712 0.35750829574468085 0.5190066254237288 0.3515820914893617 0.5364075152542372 0.36281218510638297 0.5227431830508474 0.3470678936170213 0.5260901762711865 0.30932780212765953