0 0.4723333333333333 0.18839285714285714 0.4583333333333333 0.18928571428571428 0.4493333333333333 0.19419642857142858 0.458 0.19598214285714285 0.476 0.19419642857142858 0.4723333333333333 0.18839285714285714
0 0.4693333333333333 0.16651785714285713 0.464 0.1611607142857143 0.4623333333333333 0.1455357142857143 0.44433333333333336 0.14375 0.43 0.1575892857142857 0.43166666666666664 0.16071428571428573 0.43566666666666665 0.15892857142857142 0.43866666666666665 0.165625 0.43133333333333335 0.18080357142857142 0.43633333333333335 0.1875 0.44066666666666665 0.18794642857142857 0.4693333333333333 0.171875 0.4693333333333333 0.16651785714285713
0 0.42033333333333334 0.18392857142857144 0.41733333333333333 0.19955357142857144 0.42133333333333334 0.20133928571428572 0.426 0.1888392857142857 0.42033333333333334 0.18392857142857144
0 0.42933333333333334 0.20491071428571428 0.42766666666666664 0.20089285714285715 0.419 0.20089285714285715 0.4146666666666667 0.20669642857142856 0.41533333333333333 0.228125 0.41733333333333333 0.22901785714285713 0.42733333333333334 0.215625 0.42933333333333334 0.20491071428571428
0 0.4176666666666667 0.26517857142857143 0.4236666666666667 0.26607142857142857 0.424 0.2575892857142857 0.431 0.2544642857142857 0.432 0.24955357142857143 0.42633333333333334 0.24732142857142858 0.41633333333333333 0.2571428571428571 0.4116666666666667 0.25535714285714284 0.408 0.265625 0.41333333333333333 0.2700892857142857 0.4156666666666667 0.25892857142857145 0.4176666666666667 0.26517857142857143
0 0.421 0.2625 0.41633333333333333 0.26160714285714287 0.4126666666666667 0.2736607142857143 0.4206666666666667 0.28616071428571427 0.4226666666666667 0.26651785714285714 0.421 0.2625
0 0.42766666666666664 0.29375 0.43133333333333335 0.3066964285714286 0.436 0.30758928571428573 0.44 0.2941964285714286 0.42766666666666664 0.29375
0 0.43166666666666664 0.26517857142857143 0.42833333333333334 0.26517857142857143 0.42733333333333334 0.27901785714285715 0.432 0.28080357142857143 0.436 0.2736607142857143 0.43166666666666664 0.26517857142857143
0 0.468 0.34330357142857143 0.464338 0.33558125 0.46 0.33973214285714287 0.458 0.346875 0.458 0.3691964285714286 0.46 0.37008928571428573 0.46066666666666667 0.3566964285714286 0.468 0.34330357142857143
0 0.5143333333333333 0.3053571428571429 0.5063333333333333 0.30357142857142855 0.502 0.31026785714285715 0.506 0.31294642857142857 0.508 0.3325892857142857 0.5106666666666667 0.33348214285714284 0.5166666666666667 0.3138392857142857 0.5143333333333333 0.3053571428571429
0 0.5136666666666667 0.2910714285714286 0.51 0.2950892857142857 0.514 0.303125 0.516 0.2950892857142857 0.5136666666666667 0.2910714285714286
0 0.5016666666666667 0.25892857142857145 0.5033333333333333 0.27901785714285715 0.506 0.2799107142857143 0.5073333333333333 0.265625 0.5016666666666667 0.25892857142857145
0 0.5233333333333333 0.2629464285714286 0.5216666666666666 0.2571428571428571 0.514 0.2575892857142857 0.5126666666666667 0.2700892857142857 0.5146666666666667 0.27633928571428573 0.5206666666666667 0.27098214285714284 0.5233333333333333 0.2629464285714286