0 0.40901523776223775 0.45336704375 0.4154391888111888 0.4807862625 0.43664001048951046 0.484407375 0.44227072727272726 0.493110875 0.43931014685314684 0.50602426875 0.4559378916083916 0.5258961875 0.47312048951048946 0.51747639375 0.5015645244755245 0.5264636 0.5082528846153845 0.5601214 0.525409451048951 0.59247046875 0.5372257412587412 0.58158575 0.5351104545454546 0.53167714375 0.539947937062937 0.5216649125 0.5517381993006992 0.5515490625 0.5622063986013986 0.55024033125 0.5708237272727272 0.5052615687500001 0.5882707342657343 0.50308035625 0.6033120104895104 0.48552081874999997 0.6044217167832168 0.42893739374999995 0.596914090909091 0.41733272499999996 0.5996102552447552 0.39818075625 0.5848594195804195 0.38121000625 0.5838538356643357 0.274717975 0.5782231118881119 0.26601447500000003 0.5495146713286713 0.25078870000000003 0.5291070839160839 0.2658833125 0.5213350489510489 0.24804007499999997 0.5073774440559441 0.24978505 0.48051987762237763 0.2782293 0.45635847902097904 0.28752158125 0.4343644265734266 0.26518474375 0.4282048881118881 0.24400408750000002 0.4134540489510489 0.2270333375 0.3890282377622377 0.23008704375 0.3946329300699301 0.2795594125 0.4209096153846154 0.32017573125 0.3948713111888112 0.32656684375 0.3975414475524476 0.34818374375 0.3913558811188811 0.36777195625000003 0.3937616083916084 0.38315026875 0.4061067202797203 0.38474270625 0.40420378321678324 0.42261040625 0.4117114090909091 0.43421506875000004 0.40901523776223775 0.45336704375
0 0.6029393636363637 0.22843048124999998 0.5986567307692308 0.21015099375 0.5828222202797202 0.20899480625 0.5820029545454546 0.23104794375 0.5876336748251748 0.2397514375 0.5981018776223777 0.23844271250000001 0.6029393636363637 0.22843048124999998
0 0.6545131818181817 0.16240223125 0.6593506643356642 0.15239000625000002 0.647005555944056 0.150797575 0.6456574720279721 0.16037355625 0.6545131818181817 0.16240223125
0 0.32236108741258745 0.39521255625 0.3279918041958042 0.40391605625000004 0.3381955979020979 0.39636874375 0.3430330804195804 0.38635651875 0.34572925174825175 0.36720454999999996 0.34197543706293704 0.3614022125 0.3331197307692308 0.3593735375 0.32156785314685316 0.37649683125 0.32236108741258745 0.39521255625
0 0.2882863356643357 0.37752185625 0.2891055979020979 0.35546871874999997 0.2802498881118881 0.35344004375 0.27541240209790213 0.36345226875000003 0.2756768146853147 0.36969084375 0.28130753146853144 0.37839434375000003 0.2882863356643357 0.37752185625
0 0.10334806293706293 0.40064276874999993 0.09851058041958043 0.41065500625 0.09877499300699301 0.416893575 0.1250777027972028 0.4167410375 0.12965077972027972 0.40049023124999994 0.12240756643356643 0.39512415 0.11355185664335664 0.39309546875 0.11032686713286714 0.39977028125 0.10334806293706293 0.40064276874999993
0 0.1468594020979021 0.35130157500000003 0.14794307692307693 0.3354870125 0.13559796503496505 0.33389458125 0.1345142972027972 0.34970914375 0.1468594020979021 0.35130157500000003
0 0.3692316853146853 0.54927943125 0.37406917132867135 0.53926720625 0.3652134615384615 0.537238525 0.36386537762237764 0.5468145062499999 0.3692316853146853 0.54927943125
0 0.5551755384615384 0.6326505499999999 0.5600130244755245 0.62263831875 0.5592197937062937 0.60392259375 0.555465979020979 0.59812025625 0.5449977762237762 0.5994289937499999 0.5460554195804196 0.62438329375 0.5516861363636363 0.6330867875 0.5551755384615384 0.6326505499999999
0 0.5133246293706294 0.18318939375 0.5138534545454545 0.19566654375 0.5192197622377622 0.19813146875 0.5205678426573427 0.18855548125 0.5168140314685314 0.18275315 0.5133246293706294 0.18318939375
0 0.36888918531468534 0.66534745 0.3683603636363636 0.65287029375 0.3629940559440559 0.650405375 0.3549315804195804 0.667092425 0.35519598951048953 0.673331 0.3640516993006993 0.6753596749999999 0.36888918531468534 0.66534745
0 0.4453916048951049 0.6495115124999999 0.44459837062937063 0.6307957875 0.43761956993006995 0.631668275 0.43465898951048954 0.64458166875 0.4370647167832168 0.65995998125 0.4405541188811189 0.65952374375 0.4453916048951049 0.6495115124999999
0 0.43146002447552445 0.610487625 0.43037635314685313 0.6263021875 0.4357426608391608 0.62876710625 0.44058014335664336 0.61875488125 0.4403157342657343 0.6125163 0.43146002447552445 0.610487625
0 0.48800559440559443 0.74453004375 0.48425178321678325 0.7387277125 0.48237487412587415 0.73582654375 0.4775373881118881 0.74583876875 0.4799431188811189 0.76121709375 0.48853441608391607 0.75700719375 0.48800559440559443 0.74453004375
0 0.5817947237762238 0.55719885 0.5847292727272727 0.5850543187499999 0.5882186748251748 0.58461808125 0.5930561608391608 0.57460585 0.5922629265734265 0.555890125 0.5817947237762238 0.55719885
0 0.6083878811188811 0.522516025 0.607859055944056 0.510038875 0.6008802552447553 0.5109113625 0.6032859860139861 0.52628968125 0.6083878811188811 0.522516025
0 0.37573372377622377 0.4543920625 0.38030679370629367 0.4381412625 0.3679616888111888 0.43654882500000003 0.36687801398601394 0.4523633875 0.37573372377622377 0.4543920625
0 0.38945294405594405 0.40563965625 0.38543472027972026 0.39359874375000004 0.3800684125874126 0.39113381875000003 0.3752309265734266 0.40114605625 0.3776366573426574 0.41652436875000004 0.38461545804195807 0.41565188124999997 0.38945294405594405 0.40563965625
0 0.40280363986013984 0.51372411875 0.41731609440559436 0.48368743125 0.4119497902097902 0.48122251250000003 0.4054998111888112 0.49457214374999997 0.3915422027972028 0.49631711875000006 0.3901941188811189 0.5058931062500001 0.40280363986013984 0.51372411875
0 0.4435927867132867 0.5243037562499999 0.43983897202797206 0.518501425 0.4379620664335664 0.51560025625 0.4298995909090909 0.53228730625 0.4320409090909091 0.54142704375 0.44063220629370625 0.53721715 0.4435927867132867 0.5243037562499999
0 0.5480926223776224 0.7965984875000001 0.5413782307692308 0.80370955 0.5400301433566433 0.8132855375 0.5488858531468532 0.81531421875 0.5499695279720279 0.79949965625 0.5480926223776224 0.7965984875000001
0 0.591287493006993 0.8225564437499999 0.5982662937062937 0.82168395625 0.6020201083916084 0.8274862875 0.602574958041958 0.799194575 0.5937192482517483 0.79716589375 0.5853923636363636 0.80761436875 0.5856567762237762 0.8138529437500001 0.591287493006993 0.8225564437499999
0 0.4106839125874126 0.7824191125 0.40182820279720277 0.7803904375 0.3999512972027972 0.77748926875 0.3967263111888112 0.7841640875 0.3881350104895105 0.7883739875 0.39455896153846154 0.8157932125 0.41470213636363634 0.7944600187499999 0.4184559475524475 0.80026235625 0.4267828356643356 0.78981388125 0.4246415174825175 0.7806741374999999 0.4176627167832168 0.781546625 0.4144377237762238 0.78822145 0.4106839125874126 0.7824191125
0 0.5844086853146853 0.2464262625 0.583060597902098 0.25600225 0.5886913181818182 0.26470574999999996 0.5921807202797202 0.2642695 0.5932643916083916 0.24845493749999997 0.5844086853146853 0.2464262625
0 0.3476582132867133 0.2885679875 0.3487418881118881 0.272753425 0.33639677622377623 0.2711609875 0.3353131083916084 0.28697555 0.3476582132867133 0.2885679875
0 0.25288952797202796 0.328638275 0.26200965034965035 0.33690553749999996 0.2684596293706294 0.32355589375 0.27705093006993003 0.319346 0.2681952202797203 0.31731731875 0.2625645 0.30861381875 0.2571981923076923 0.3061489 0.25236070629370627 0.316161125 0.25288952797202796 0.328638275
0 0.27274226573426574 0.341835375 0.27139417832167834 0.3514113625 0.27541240209790213 0.36345226875000003 0.2721874125874126 0.3701270875 0.29230455944055944 0.3895627625 0.2992833601398601 0.388690275 0.300367034965035 0.3728757125 0.2931238216783216 0.367509625 0.292595 0.355032475 0.2990449825174825 0.3416828375 0.27274226573426574 0.341835375