0 0.24335011038961038 0.5396301269230769 0.191462170995671 0.4829669153846154 0.14546576623376625 0.5429085192307692 0.12867170562770563 0.529233073076923 0.10094288311688313 0.5682716769230769 0.028822666666666667 0.5786160730769231 0.015028064935064936 0.5733394884615385 0.016215194805194805 0.6186300038461539 0.08018719696969696 0.5965901192307692 0.1381974155844156 0.6115281 0.15397689393939396 0.5980405346153846 0.21247828571428573 0.6014523692307692 0.2242961385281385 0.6299586923076923 0.2674769913419913 0.585116626923077 0.292913670995671 0.5998667230769231 0.29888834199134195 0.5870912038461538 0.2744178939393939 0.5241811461538461 0.24335011038961038 0.5396301269230769
0 0.042540744588744586 0.46058716538461536 0.018789666666666666 0.4827395384615385 0.054865891774891776 0.5026749961538463 0.042540744588744586 0.46058716538461536
0 0.06854918614718615 0.5893493999999999 0.015000753246753248 0.5722975 0.015755010822510823 0.6010733884615385 0.024010183982683984 0.5896049 0.06854918614718615 0.5893493999999999
0 0.07609663419913419 0.43772275 0.06530948051948052 0.46148709615384614 0.08410046969696969 0.4792732538461539 0.12264868181818182 0.46668561923076923 0.13143890692640692 0.43881056153846154 0.11381010606060607 0.4192377076923077 0.07609663419913419 0.43772275
0 0.056878937229437224 0.5318933653846153 0.04456991125541125 0.5149131923076923 0.023470658008658007 0.5258080730769231 0.03196566666666667 0.5558324307692308 0.06105264069264069 0.5613804 0.06918796536796537 0.5488735423076924 0.10127033116883116 0.5605875769230769 0.11605134632034632 0.5450446538461539 0.10706516233766235 0.52654645 0.06850083333333333 0.514026426923077 0.056878937229437224 0.5318933653846153
0 0.2859430844155844 0.35566826153846154 0.2718169696969697 0.3558429846153846 0.28628665151515154 0.37309182307692307 0.2859430844155844 0.35566826153846154
0 0.19773205844155844 0.4122919807692308 0.19290345887445887 0.39817315 0.17196793073593075 0.4052259846153846 0.1764690800865801 0.4270289153846154 0.19059519696969696 0.4268541923076923 0.19773205844155844 0.4122919807692308
0 0.2530582142857143 0.3882721346153846 0.246232683982684 0.3700425923076923 0.22064839826839827 0.38424220000000003 0.2249858225108225 0.40988718076923075 0.23695128571428573 0.4094438038461538 0.2530582142857143 0.3882721346153846
0 0.28153863852813854 0.48451127692307694 0.2865148463203463 0.4696804 0.27487683333333335 0.4624396807692308 0.2708990909090909 0.4793259153846154 0.28153863852813854 0.48451127692307694
0 0.31985865584415585 0.3753350615384615 0.3567535043290043 0.37606026923076924 0.3610909307359307 0.40170525 0.3496327619047619 0.41573014230769234 0.3707481298701299 0.4299429153846154 0.3745299134199134 0.3666834153846154 0.3949581515151515 0.3460490769230769 0.43168927272727275 0.3506163346153846 0.4537708722943723 0.31666915384615385 0.45707759956709954 0.29004346538461534 0.4464219350649351 0.25975044230769234 0.40370002164502167 0.24285104615384615 0.37629864935064933 0.27420554999999996 0.3596683116883117 0.25668805 0.32077653463203465 0.2518521307692308 0.29188552164502163 0.29267743076923075 0.2940784112554113 0.34316140384615385 0.2650075562770563 0.3627210961538462 0.2758269458874459 0.38917206538461535 0.2947494264069264 0.3529008615384615 0.31985865584415585 0.3753350615384615
0 0.35184176839826836 0.49132177692307694 0.3149630346320346 0.5157042269230769 0.29754630952380956 0.5676122884615384 0.30172001298701295 0.597099323076923 0.3492544090909091 0.6030098923076923 0.38600164935064935 0.6326848115384616 0.407919525974026 0.6025796769230769 0.4358443051948052 0.6099143384615385 0.4366629285714286 0.5907040846153847 0.4620996082251082 0.6054541846153847 0.5091105930735931 0.5726755884615385 0.5358731861471862 0.5817969423076923 0.5240553333333333 0.5532906192307692 0.5246779956709956 0.48770710384615384 0.5063781818181818 0.4583947923076923 0.509505064935065 0.4105034961538461 0.4847555194805195 0.4306005115384615 0.44285222943722946 0.3944908615384615 0.4475171060606061 0.41245174615384617 0.4388906038961039 0.4364847538461538 0.38471051948051943 0.43361024615384614 0.35184176839826836 0.49132177692307694
0 0.7265850800865801 0.4645327423076923 0.7074505238095239 0.4293230230769231 0.7138841363636365 0.35480603846153846 0.7026219264069264 0.41520419230769234 0.5877797943722943 0.40864918846153847 0.5683500238095238 0.4313388846153846 0.5565805194805195 0.47815553076923073 0.5246779956709956 0.48770710384615384 0.5287040909090909 0.5461438461538461 0.5398509307359307 0.5649107153846155 0.5639455757575756 0.5601818961538462 0.5847012619047619 0.5318634576923077 0.6493571666666667 0.5437653807692308 0.6315968766233766 0.5782498884615385 0.6502241428571428 0.5998781000000001 0.7386311298701299 0.5896276461538462 0.7397772012987013 0.5627332961538462 0.7200038636363637 0.5679994346153846 0.6985449264069264 0.5363631038461538 0.738402935064935 0.49303906923076923 0.7661639935064934 0.5042157807692308 0.770125616883117 0.46222188846153844 0.7948912792207793 0.46723253076923077 0.7900626796536797 0.4531137 0.7629726385281386 0.45167644230769227 0.7839081666666666 0.4446236115384615 0.7855615281385281 0.4313107653846154 0.7607958658008658 0.42630012307692305 0.7571294567099567 0.4103946 0.7521693679653679 0.45033313076923076 0.7265850800865801 0.4645327423076923
0 0.7706812597402597 0.5511263653846153 0.7563914199134198 0.5551431384615385 0.7690278982683982 0.5644392115384615 0.7706812597402597 0.5511263653846153
0 0.7849710995670997 0.5471095961538461 0.7912732207792207 0.5266499730769231 0.7791440346320346 0.5309354076923077 0.7764922077922077 0.5421928961538462 0.7849710995670997 0.5471095961538461
0 0.8021248463203463 0.6033162615384615 0.818886670995671 0.5667763961538461 0.7858058398268398 0.5530070038461539 0.7813369242424243 0.5814193846153846 0.8021248463203463 0.6033162615384615
0 1 0.4825792730769231 0.9672363376623376 0.4751440076923077 0.9409971536796536 0.5047118192307692 0.9275581709956711 0.5397336538461538 0.9079485562770563 0.5411577423076923 0.8994857792207792 0.5613486999999999 0.9887597424242425 0.6072109692307692 1 0.6026311461538462 1 0.4825792730769231
0 0.8964742683982684 0.5300749730769231 0.8791890346320347 0.5279256769230769 0.8875042034632035 0.5366844230769231 0.8964742683982684 0.5300749730769231
0 0.9065742900432899 0.47146351538461534 0.8877994177489178 0.47878501153846154 0.9024328246753247 0.4921917961538461 0.9065742900432899 0.47146351538461534
0 0.8666840476190476 0.46457223846153844 0.8685011341991342 0.4474173423076923 0.8542112943722944 0.4514341115384615 0.8547185865800866 0.4650156153846154 0.8666840476190476 0.46457223846153844
0 0.9016464372294373 0.5616173653846154 0.8924965281385281 0.5469612076923077 0.8757185844155844 0.5583934115384616 0.8803834588744589 0.5763542961538461 0.8966702294372294 0.5764482384615385 0.9016464372294373 0.5616173653846154
0 0.9663668095238095 0.6739499153846154 0.9784798787878788 0.6445568230769231 0.9518810108225109 0.6315934192307693 0.9472483722943722 0.6638478499999999 0.9663668095238095 0.6739499153846154
0 0.869792264069264 0.6464919076923077 0.876126619047619 0.6762476 0.9158531363636363 0.6869809269230769 0.9080291428571429 0.666696026923077 0.919651038961039 0.6488290884615384 0.9003527554112554 0.6174614192307692 0.869792264069264 0.6464919076923077
0 0.8046935367965368 0.7214391115384616 0.794086222943723 0.7664690615384616 0.723635487012987 0.7886082692307692 0.7081995757575757 0.8195193923076923 0.7107199112554112 0.8623192692307693 0.7404940173160173 0.90271435 0.7883558614718615 0.9009408192307692 0.7928570129870129 0.92274375 0.7905530238095239 0.9288210038461538 0.7953288961038961 0.9283762538461539 0.7998301493506493 0.9120235884615385 0.8234175043290043 0.8937132653846155 0.843027119047619 0.8922891769230769 0.8577345909090909 0.9225647461538462 0.8586214199134199 0.9224821615384615 0.8531593744588745 0.8838930346153846 0.8704446103896104 0.8860423307692308 0.8719181298701298 0.8514638769230769 0.8857006796536796 0.8338656038461538 0.8783678593073593 0.80205455 0.9225632943722943 0.784375496153846 0.862408538961039 0.7942765115384615 0.832486829004329 0.7828311384615384 0.8168549567099568 0.7673689923076923 0.8046935367965368 0.7214391115384616
0 0.5123664177489178 0.7256455538461538 0.512514025974026 0.69669585 0.49157849783549784 0.7037486807692308 0.49408271645021645 0.7214409 0.5123664177489178 0.7256455538461538
0 0.2560994069264069 0.7246798038461539 0.26043683333333334 0.7503247846153845 0.28088118831168835 0.7547980999999999 0.29066987878787875 0.7289783999999999 0.28168369264069265 0.7104801923076923 0.2665591125541126 0.7085995538461538 0.2560994069264069 0.7246798038461539
0 0.4273145086580087 0.7845932884615385 0.4186557748917749 0.7584109846153846 0.3910745606060606 0.7684998807692307 0.3970814653679654 0.805939676923077 0.4153651666666667 0.8101443269230769 0.4273145086580087 0.7845932884615385
0 0.5591144242424242 0.8009816923076922 0.5531075194805195 0.7635418961538462 0.5128898268398269 0.7643347192307692 0.5125784935064935 0.7971264769230769 0.5498169090909091 0.8152752423076923 0.5591144242424242 0.8009816923076922
0 0.5530430497835498 0.6631112653846154 0.5266401406926408 0.696521126923077 0.5579038852813853 0.7274454115384615 0.5881369264069265 0.7060990307692308 0.5969271515151515 0.6782239692307692 0.5856165887445888 0.66329915 0.5530430497835498 0.6631112653846154
0 0.3951999090909091 0.7226639384615385 0.40186171428571427 0.7447355346153846 0.45338996969696965 0.7588675307692307 0.45140915584415586 0.7798644769230769 0.46820321861471864 0.793539926923077 0.47717328571428574 0.7869304730769231 0.47481667099567104 0.7402885461538461 0.48228098051948054 0.7180422307692308 0.4716253181818182 0.6877492115384616 0.44121243073593075 0.6878299884615385 0.3951999090909091 0.7226639384615385
0 0.3523142705627706 0.7096065923076923 0.3541313593073593 0.6924516961538462 0.34216589826839827 0.6928950807692308 0.3446701190476191 0.7105873038461539 0.3523142705627706 0.7096065923076923
0 0.35931964285714285 0.7491017461538462 0.35714287012987017 0.7237254230769231 0.3471743398268398 0.7282795192307693 0.3495148354978355 0.7498137884615385 0.35931964285714285 0.7491017461538462
0 0.3459637987012987 0.6547432423076922 0.3416263722943723 0.6290982576923078 0.3314941168831169 0.6374944038461539 0.33399833766233766 0.6551866230769231 0.3459637987012987 0.6547432423076922
0 0.3026514567099567 0.7536426769230768 0.30978831818181823 0.7390804615384615 0.30263533766233763 0.7285350192307692 0.29417256277056275 0.748725976923077 0.3026514567099567 0.7536426769230768
0 0.6472100800865801 0.823523 0.6651502121212121 0.8103040961538461 0.6387150692640693 0.7934986384615385 0.6365705324675325 0.8183376384615385 0.6472100800865801 0.823523
0 0.6768713636363636 0.6881644769230769 0.684008222943723 0.6736022615384615 0.6703732835497835 0.6622508307692307 0.6663955411255411 0.6791370653846154 0.6768713636363636 0.6881644769230769
0 0.5197204588744588 0.2727270115384616 0.505266893939394 0.2805858346153846 0.5199003008658009 0.29399262307692303 0.5197204588744588 0.2727270115384616
0 0.5715922813852813 0.3042825653846154 0.5714124372294372 0.28301696153846156 0.552637564935065 0.2903384576923077 0.5553055108225109 0.3041886230769231 0.5715922813852813 0.3042825653846154
0 0.18389860606060607 0.6094859076923077 0.1536494458874459 0.6057246346153846 0.14834578787878788 0.6282396153846154 0.12107590476190476 0.6055367500000001 0.07869755844155844 0.6060609115384615 0.07357374458874459 0.6498414961538461 0.12177915584415584 0.665491523076923 0.17280011904761902 0.6660420115384615 0.19938286796536797 0.6538977615384616 0.19272106493506494 0.6318261653846153 0.20152740692640692 0.6290587653846155 0.18389860606060607 0.6094859076923077