0 0.05742431304347826 0.4533909573643411 0.0609729347826087 0.48815525193798454 0.07392059782608695 0.4916268759689923 0.09391753913043478 0.471628992248062 0.09453725434782607 0.4444848062015504 0.08090163043478261 0.4235971937984496 0.05742431304347826 0.4533909573643411
0 0.21208062608695652 0.3361984341085272 0.22564800217391304 0.31252587209302324 0.21835341304347827 0.2991906821705427 0.2040095434782609 0.309324992248062 0.21208062608695652 0.3361984341085272
0 0.30058952608695655 0.45356558139534886 0.2719220717391304 0.4253962868217054 0.25487431739130434 0.45886473255813953 0.2542546043478261 0.4860089186046511 0.2572037956521739 0.499479480620155 0.27997286739130434 0.5007076472868217 0.2978856434782609 0.4768997093023256 0.30058952608695655 0.45356558139534886
0 0.3892072434782609 0.5186170658914728 0.4112201086956522 0.45786906589147286 0.37523778043478256 0.464802496124031 0.35149486956521736 0.506229484496124 0.3618271782608696 0.5291574961240311 0.3892072434782609 0.5186170658914728
0 0.4527264108695652 0.5418256395348837 0.4519296326086957 0.5767253062015504 0.4774708369565217 0.5991795155038759 0.4633722739130435 0.646118523255814 0.48057680434782607 0.6533325193798449 0.49598304347826083 0.5966653139534883 0.5370190130434783 0.5585745813953489 0.5398114282608696 0.5313627093023255 0.5305212 0.5103397248062016 0.47176979999999996 0.5160449883720931 0.4527264108695652 0.5418256395348837
0 0.64745225 0.6190714651162791 0.6360575717391304 0.6426763410852713 0.6171229956521739 0.6161413333333333 0.589654402173913 0.6305595038759689 0.6027588413043479 0.6747135620155039 0.6243973 0.6779144418604651 0.6401373760869565 0.6541741899224806 0.6426439130434782 0.6870334573643411 0.6535074065217391 0.686695027131783 0.6646364934782608 0.6747233759689922 0.6718628347826087 0.6434983914728681 0.666740947826087 0.630095511627907 0.64745225 0.6190714651162791
0 0.7303006847826087 0.5564282480620155 0.7269291239130435 0.5139084728682171 0.7153776673913044 0.4968309108527132 0.6719236891304348 0.4981846356589147 0.6792662413043478 0.6045179224806201 0.6921253717391305 0.6118672868217054 0.7207245804347826 0.5954764031007752 0.7303006847826087 0.5564282480620155
0 0.7863555934782609 0.7639310426356589 0.8087022978260869 0.7361099922480621 0.8094990739130434 0.7012103255813953 0.7959519804347825 0.6764449689922482 0.7656227282608696 0.6735148372093024 0.7532744956521739 0.6913369418604651 0.750393552173913 0.7224265581395349 0.7659362826086956 0.7548797093023255 0.7863555934782609 0.7639310426356589
0 0.510205204347826 0.8771585116279069 0.5215998847826087 0.8535536356589147 0.5034417999999999 0.8405568720930233 0.4953504369565217 0.8621213488372094 0.510205204347826 0.8771585116279069
0 0.4382202673913043 0.9394632945736434 0.4144976391304348 0.9324523604651163 0.39634216304347825 0.9717677906976745 0.42610535217391304 0.9708405736434108 0.4411694565217391 0.9529338565891473 0.4382202673913043 0.9394632945736434
0 0.48075936304347827 0.2173912558139535 0.4481688804347826 0.21840655038759688 0.4378162847826087 0.2439164534883721 0.4471065108695652 0.26493944186046514 0.48082760869565216 0.26195143410852717 0.48075936304347827 0.2173912558139535
0 0.5018869195652174 0.19542066279069767 0.5056126043478261 0.22242947674418606 0.5205559043478261 0.23358889922480622 0.5391566413043478 0.2271969496124031 0.5808123260869565 0.16196203100775192 0.5167619739130435 0.16201990310077521 0.5018869195652174 0.19542066279069767
0 0.6584374500000001 0.3281055271317829 0.6354027847826087 0.33851058527131783 0.6399934891304347 0.37517990697674414 0.6600789652173913 0.3513042868217054 0.6618975391304348 0.3667475658914729 0.6758872869565217 0.3721242131782946 0.6805868065217391 0.35647787984496127 0.6584374500000001 0.3281055271317829
0 0.6501210608695651 0.2644273914728682 0.6595201021739131 0.23313471705426358 0.6477915847826087 0.22381264341085272 0.6329165304347826 0.25721339922480624 0.6501210608695651 0.2644273914728682
0 0.7412176369565217 0.22090213178294574 0.7050785326086956 0.18715313178294574 0.6929073608695653 0.19721975581395348 0.7100916065217391 0.25287166666666666 0.7285152804347826 0.2542352054263566 0.7412176369565217 0.22090213178294574
0 0.6376971891304348 0.047815391472868216 0.6348365282608696 0.030467089147286824 0.6163243217391304 0.03298129069767442 0.6157046086956522 0.06012547674418605 0.6222227043478261 0.05992241860465117 0.6376971891304348 0.047815391472868216