0 0.05479703472222222 0.29767103777777776 0.0654144625 0.29993356 0.08113042777777778 0.29718812666666666 0.0938593375 0.27682881555555555 0.0951998388888889 0.26100775555555555 0.08509963333333333 0.22620670222222222 0.0632429611111111 0.2071837022222222 0.034964683333333337 0.21682913111111113 0.027737231944444444 0.23661951111111112 0.03508670694444445 0.27170502888888887 0.05479703472222222 0.29767103777777776
0 0.11005369166666666 0.5776010111111112 0.12182759166666668 0.5696623733333334 0.12138980555555556 0.5495445177777778 0.10326601388888888 0.4416417511111111 0.09714273749999999 0.4277127266666667 0.09006445277777778 0.42620438 0.08538627083333333 0.4434907777777778 0.08844305277777778 0.49246230888888887 0.0999883513888889 0.5584787844444444 0.11005369166666666 0.5776010111111112
0 0.13273165694444444 0.7892089711111112 0.11485191388888888 0.7910579999999999 0.10745786666666667 0.8243076933333333 0.12104491805555556 0.83634468 0.14165795833333333 0.8263717733333333 0.14730858333333333 0.8045041111111112 0.13273165694444444 0.7892089711111112
0 0.23980092916666665 0.68404184 0.2459067736111111 0.6901314488888889 0.25333568472222223 0.6725605844444444 0.2633933027777778 0.5998293533333333 0.2583393388888889 0.5365021022222223 0.24856261944444447 0.5587964599999999 0.24940332777777777 0.5833533422222222 0.22371690694444446 0.6980270755555555 0.23980092916666665 0.68404184
0 0.3868140333333333 0.07066571555555556 0.3883559958333333 0.057064168888888885 0.3907386666666667 0.06801950444444445 0.4056662194444444 0.06423542888888889 0.40345014583333333 0.03982078 0.32866868055555554 0.04755427777777778 0.3019269041666667 0.07608376888888889 0.29331438055555553 0.18003042 0.29935821805555557 0.24661582666666665 0.30348431249999996 0.2461891288888889 0.30167116111111114 0.22621350666666665 0.31102752638888886 0.1916407066666667 0.3253158305555556 0.1655192622222222 0.3242736597222222 0.13874286666666666 0.3384127986111111 0.13392015333333332 0.3430735486111111 0.10879433777777779 0.3716850208333334 0.07223027777777778 0.3868140333333333 0.07066571555555556
0 0.5623958069444445 0.10851667555555555 0.563718875 0.08485620222222222 0.5589535319444445 0.06294553333333333 0.5449809902777777 0.05430893333333333 0.5402330791666667 0.04023767777777778 0.5351591930555556 0.034889706666666666 0.48362256527777775 0.031529775555555556 0.4115981388888889 0.03897815777777778 0.4117197666666667 0.04680679555555556 0.4263218472222222 0.1617948022222222 0.44789762222222224 0.23125467555555557 0.45752517499999995 0.23025904666666666 0.4651032527777778 0.1913894511111111 0.46422767916666663 0.15115374222222222 0.4725244402777778 0.08196513111111112 0.5436753541666667 0.08580882222222222 0.5623958069444445 0.10851667555555555
0 0.48236493333333336 0.6186309088888889 0.45355199999999996 0.6529754555555556 0.44311860138888887 0.645093031111111 0.4390099388888889 0.6533591444444444 0.4351898986111111 0.7030418377777778 0.46137412638888886 0.7238576555555556 0.4950046986111111 0.7349420222222222 0.5338655402777778 0.7118802866666667 0.5591393305555555 0.6767815644444444 0.5512726319444444 0.6742345755555555 0.545403113888889 0.6860433066666667 0.5400856847222222 0.6809923377777778 0.527585375 0.6273965355555555 0.505781 0.6318917777777777 0.49749394722222223 0.6170663466666666 0.48236493333333336 0.6186309088888889
0 0.5429178347222222 0.45218399555555555 0.5769687625 0.47554680222222223 0.6042745986111111 0.4704826311111111 0.6078583125 0.4029015933333333 0.5940872333333334 0.39648450888888886 0.5830843138888888 0.39762237111111115 0.5811394291666667 0.4067848911111111 0.5777843152777777 0.4004108155555555 0.5325987375 0.40732401555555553 0.5288929972222222 0.42002915555555553 0.5429178347222222 0.45218399555555555
0 0.3926350097222222 0.47892718222222225 0.3886406472222222 0.4502157377777778 0.3524259430555556 0.42595652444444443 0.3225708388888889 0.43352467555555557 0.3323552805555556 0.5030837711111111 0.348894525 0.5170558044444444 0.383462675 0.50788008 0.3926350097222222 0.47892718222222225
0 0.5724437152777777 0.11979948888888889 0.5784526888888889 0.17070606666666666 0.5869412041666666 0.18775101111111112 0.5891572777777778 0.21216566 0.5906295125 0.1672064577777778 0.5747392250000001 0.09155775333333334 0.5724437152777777 0.11979948888888889
0 0.31355737777777776 0.35716480666666667 0.31852418055555554 0.38129498888888885 0.33403868472222226 0.37633004222222227 0.3343893111111111 0.35725082666666663 0.3176660402777778 0.34889869333333334 0.31355737777777776 0.35716480666666667
0 0.31740455833333336 0.23130748444444446 0.30853055416666664 0.21766292666666667 0.29935821805555557 0.24661582666666665 0.30546406111111113 0.2527054377777778 0.30315111944444445 0.2731077577777778 0.31382084444444447 0.2988885222222222 0.32183670694444444 0.28013678444444445 0.31740455833333336 0.23130748444444446
0 0.5951028305555556 1 0.6358414416666667 0.9799373911111111 0.6876902722222222 0.9393706377777779 0.7164360680555556 0.9064735777777778 0.7562139402777777 0.9295645044444445 0.7512706597222223 0.8532631533333332 0.7176492236111112 0.85866008 0.6993491263888889 0.8482306688888889 0.6510098944444445 0.8509893066666666 0.6456750319444444 0.8380989222222223 0.6397880833333334 0.8420682422222222 0.63977065 0.8342288266666666 0.6460605236111111 0.8346985355555556 0.6432923611111111 0.8271435888888888 0.619306775 0.8229030066666667 0.5822416527777778 0.8581009511111111 0.5767750569444444 0.8743487111111111 0.5516852944444445 0.9038275311111111 0.5489694305555556 0.9197908222222222 0.5203230944444445 0.9406760577777779 0.4884533777777778 0.9260490711111111 0.48350400416666667 0.9097583022222222 0.4874112069444444 0.8992726755555556 0.4460805319444444 0.8721820066666667 0.4134747 0.8800346244444445 0.35547305 0.8681100644444444 0.3648875861111111 1 0.5951028305555556 1
0 0.8374590666666666 0.16408413777777778 0.848260523611111 0.16072676222222224 0.8462459111111111 0.13853162666666669 0.8617081194444445 0.11004843555555556 0.8743847333333333 0.06617088222222223 0.8730460847222221 0.05691824222222223 0.7918866458333332 0.05162705333333333 0.8005528180555554 0.09396931555555556 0.8374590666666666 0.16408413777777778
0 0.9658617638888889 0.5387104044444444 0.9826644722222222 0.4944061533333333 0.9948791888888888 0.33833087777777776 0.9734282013888889 0.10200379777777777 0.9623362999999999 0.10220720444444445 0.9647538347222222 0.12884136666666665 0.9734089472222222 0.13242699777777778 0.9844893166666667 0.25450024222222223 0.9833976958333334 0.27115138 0.9749677138888889 0.30950641777777776 0.9736607194444444 0.33403224444444446 0.9789335763888889 0.40741842666666667 0.9752278361111111 0.4201235666666667 0.9653116652777778 0.47869013111111114 0.9608600972222222 0.49890139333333333 0.9658617638888889 0.5387104044444444