0 0.06923076923076923 0.3517857142857143 0.047435897435897434 0.3464285714285714 0.04358974358974359 0.38035714285714284 0.06153846153846154 0.38392857142857145 0.07179487179487179 0.36964285714285716 0.06923076923076923 0.3517857142857143
0 0.22179487179487178 0.41785714285714287 0.21794871794871795 0.44107142857142856 0.2358974358974359 0.4446428571428571 0.23846153846153847 0.4232142857142857 0.22179487179487178 0.41785714285714287
0 0.1782051282051282 0.37142857142857144 0.1717948717948718 0.4125 0.19743589743589743 0.4232142857142857 0.20256410256410257 0.38392857142857145 0.1782051282051282 0.37142857142857144
0 0.1346153846153846 0.3964285714285714 0.13076923076923078 0.4089285714285714 0.14102564102564102 0.4160714285714286 0.14615384615384616 0.4017857142857143 0.1346153846153846 0.3964285714285714
0 0.1346153846153846 0.475 0.1282051282051282 0.4875 0.13846153846153847 0.4982142857142857 0.14358974358974358 0.48392857142857143 0.1346153846153846 0.475
0 0.0858974358974359 0.525 0.07948717948717948 0.5446428571428571 0.09230769230769231 0.5517857142857143 0.10512820512820513 0.5375 0.0858974358974359 0.525
0 0.1576923076923077 0.6 0.15128205128205127 0.6410714285714286 0.18205128205128204 0.6517857142857143 0.18974358974358974 0.6196428571428572 0.1576923076923077 0.6
0 0.22435897435897437 0.5714285714285714 0.21794871794871795 0.5910714285714286 0.23333333333333334 0.5946428571428571 0.2358974358974359 0.5767857142857142 0.22435897435897437 0.5714285714285714
0 0.25256410256410255 0.5892857142857143 0.24358974358974358 0.6089285714285714 0.26153846153846155 0.6232142857142857 0.26666666666666666 0.6053571428571428 0.25256410256410255 0.5892857142857143
0 0.16153846153846155 0.4767857142857143 0.16538461538461538 0.48928571428571427 0.18717948717948718 0.4875 0.1858974358974359 0.4642857142857143 0.16153846153846155 0.4767857142857143
0 0.20256410256410257 0.46964285714285714 0.2064102564102564 0.4857142857142857 0.25384615384615383 0.48392857142857143 0.2423076923076923 0.46785714285714286 0.20256410256410257 0.46964285714285714
0 0.09230769230769231 0.8482142857142857 0.10512820512820513 0.8589285714285714 0.10128205128205128 0.8428571428571429 0.09230769230769231 0.8482142857142857
0 0.28846153846153844 0.6821428571428572 0.2794871794871795 0.7089285714285715 0.3 0.7303571428571428 0.31794871794871793 0.7053571428571429 0.28846153846153844 0.6821428571428572
0 0.3192307692307692 0.5964285714285714 0.30512820512820515 0.6267857142857143 0.3141025641025641 0.6464285714285715 0.3333333333333333 0.6482142857142857 0.34615384615384615 0.6196428571428572 0.3192307692307692 0.5964285714285714
0 0.4717948717948718 0.7267857142857143 0.4756410256410256 0.7142857142857143 0.48717948717948717 0.7160714285714286 0.47692307692307695 0.7053571428571429 0.4756410256410256 0.6714285714285714 0.46025641025641023 0.6785714285714286 0.42948717948717946 0.65 0.3871794871794872 0.6946428571428571 0.382051282051282 0.7267857142857143 0.3923076923076923 0.7553571428571428 0.41410256410256413 0.775 0.44358974358974357 0.7732142857142857 0.48205128205128206 0.7375 0.4717948717948718 0.7267857142857143
0 0.391025641025641 0.6214285714285714 0.3282051282051282 0.5482142857142858 0.3346153846153846 0.5321428571428571 0.36153846153846153 0.5196428571428572 0.36153846153846153 0.48392857142857143 0.3371794871794872 0.4642857142857143 0.2987179487179487 0.475 0.2923076923076923 0.5053571428571428 0.3474358974358974 0.5892857142857143 0.4153846153846154 0.6625 0.4358974358974359 0.6517857142857143 0.391025641025641 0.6214285714285714
0 0.2782051282051282 0.5035714285714286 0.2743589743589744 0.5196428571428572 0.2846153846153846 0.5232142857142857 0.2923076923076923 0.5125 0.2782051282051282 0.5035714285714286
0 0.2564102564102564 0.4732142857142857 0.2602564102564103 0.4857142857142857 0.2923076923076923 0.48392857142857143 0.29615384615384616 0.4714285714285714 0.2564102564102564 0.4732142857142857
0 0.5064102564102564 0.525 0.4858974358974359 0.525 0.4705128205128205 0.5571428571428572 0.4641025641025641 0.5267857142857143 0.4371794871794872 0.49642857142857144 0.4 0.5267857142857143 0.4 0.5553571428571429 0.4217948717948718 0.5892857142857143 0.45256410256410257 0.5964285714285714 0.4782051282051282 0.575 0.6025641025641025 0.6303571428571428 0.5525641025641026 0.5892857142857143 0.5064102564102564 0.525
0 0.3974358974358974 0.3410714285714286 0.4025641025641026 0.2910714285714286 0.37564102564102564 0.23214285714285715 0.3269230769230769 0.22142857142857142 0.2948717948717949 0.25535714285714284 0.28974358974358977 0.3053571428571429 0.3192307692307692 0.3607142857142857 0.3564102564102564 0.3767857142857143 0.38333333333333336 0.36428571428571427 0.3974358974358974 0.3410714285714286
0 0.3038461538461538 0.15 0.2948717948717949 0.18035714285714285 0.31794871794871793 0.19464285714285715 0.3282051282051282 0.16607142857142856 0.3038461538461538 0.15
0 0.5115384615384615 0.4107142857142857 0.5256410256410257 0.3875 0.5282051282051282 0.36607142857142855 0.5166666666666667 0.34285714285714286 0.49615384615384617 0.35 0.47307692307692306 0.3357142857142857 0.44358974358974357 0.35892857142857143 0.441025641025641 0.4017857142857143 0.4576923076923077 0.42142857142857143 0.47692307692307695 0.41964285714285715 0.49615384615384617 0.4 0.5115384615384615 0.4107142857142857
0 0.4076923076923077 0.4089285714285714 0.4115384615384615 0.425 0.441025641025641 0.4232142857142857 0.4371794871794872 0.3964285714285714 0.4076923076923077 0.4089285714285714
0 0.3717948717948718 0.06964285714285715 0.382051282051282 0.06964285714285715 0.3730769230769231 0.05 0.3717948717948718 0.06964285714285715
0 0.5653846153846154 0.2892857142857143 0.5615384615384615 0.3053571428571429 0.5717948717948718 0.3125 0.5743589743589743 0.29464285714285715 0.5653846153846154 0.2892857142857143
0 0.5384615384615384 0.2517857142857143 0.5358974358974359 0.22321428571428573 0.5217948717948718 0.21428571428571427 0.5153846153846153 0.2375 0.5333333333333333 0.2517857142857143 0.5333333333333333 0.28035714285714286 0.5435897435897435 0.2875 0.5487179487179488 0.25892857142857145 0.5384615384615384 0.2517857142857143
0 0.6717948717948717 0.4125 0.6602564102564102 0.37857142857142856 0.6269230769230769 0.37142857142857144 0.6230769230769231 0.3875 0.6474358974358975 0.43214285714285716 0.6628205128205128 0.425 0.6846153846153846 0.4446428571428571 0.6743589743589744 0.4625 0.6743589743589744 0.4875 0.6846153846153846 0.49107142857142855 0.6974358974358974 0.4375 0.6717948717948717 0.4125
0 0.6384615384615384 0.3375 0.6410256410256411 0.29464285714285715 0.6538461538461539 0.2910714285714286 0.6269230769230769 0.2571428571428571 0.5961538461538461 0.2642857142857143 0.5794871794871795 0.2910714285714286 0.5743589743589743 0.3625 0.5897435897435898 0.3767857142857143 0.6243589743589744 0.3607142857142857 0.6384615384615384 0.3375
0 0.8756410256410256 0.5642857142857143 0.85 0.5571428571428572 0.8346153846153846 0.5678571428571428 0.8243589743589743 0.5357142857142857 0.8051282051282052 0.5553571428571429 0.8576923076923076 0.6107142857142858 0.9102564102564102 0.6303571428571428 0.9128205128205128 0.6196428571428572 0.8756410256410256 0.5642857142857143
0 0.7346153846153847 0.5 0.7410256410256411 0.48035714285714287 0.7269230769230769 0.4714285714285714 0.7256410256410256 0.5053571428571428 0.7384615384615385 0.5196428571428572 0.7384615384615385 0.5446428571428571 0.7564102564102564 0.5482142857142858 0.7615384615384615 0.5160714285714286 0.7346153846153847 0.5
0 0.7141025641025641 0.6857142857142857 0.7076923076923077 0.7160714285714286 0.735897435897436 0.7339285714285714 0.7333333333333333 0.6910714285714286 0.7141025641025641 0.6857142857142857
0 0.6820512820512821 0.6910714285714286 0.6679487179487179 0.6714285714285714 0.6564102564102564 0.7410714285714286 0.6641025641025641 0.7482142857142857 0.6820512820512821 0.7160714285714286 0.6820512820512821 0.6910714285714286
0 0.8128205128205128 0.32321428571428573 0.841025641025641 0.3339285714285714 0.8397435897435898 0.32142857142857145 0.8128205128205128 0.32321428571428573
0 0.8461538461538461 0.33035714285714285 0.8743589743589744 0.34464285714285714 0.8756410256410256 0.32857142857142857 0.8461538461538461 0.33035714285714285
0 0.8794871794871795 0.3517857142857143 0.8935897435897436 0.375 0.9692307692307692 0.38392857142857145 0.9192307692307692 0.34285714285714286 0.8794871794871795 0.3517857142857143
0 0.7166666666666667 0.29642857142857143 0.6897435897435897 0.3125 0.6923076923076923 0.33035714285714285 0.7115384615384616 0.3464285714285714 0.7525641025641026 0.3357142857142857 0.7974358974358975 0.35535714285714287 0.7217948717948718 0.3107142857142857 0.7166666666666667 0.29642857142857143
0 0.2935897435897436 0.1 0.2782051282051282 0.09285714285714286 0.258974358974359 0.10535714285714286 0.26794871794871794 0.12857142857142856 0.2948717948717949 0.13035714285714287 0.30256410256410254 0.11607142857142858 0.2935897435897436 0.1