0 0.05388257983193277 0.3896865820895522 0.10134785714285714 0.4528806268656716 0.21249841176470588 0.5493311343283582 0.17556337394957985 0.5943026305970148 0.19074597058823528 0.6184803805970149 0.1380416092436975 0.6094233768656717 0.1872043529411765 0.6520841791044776 0.21676279831932774 0.659394906716418 0.2539178613445378 0.6256174440298506 0.3346298823529412 0.6699811044776119 0.35954660084033613 0.6549254813432835 0.3853434117647059 0.6846459776119402 0.4145351554621849 0.6732999888059702 0.40863600840336134 0.6938549402985075 0.4235985798319328 0.7068386641791045 0.4524236218487395 0.6768359589552239 0.4990821512605042 0.6989852276119404 0.553704 0.6987030186567165 0.5794274705882353 0.724692171641791 0.6212975966386555 0.7170124029850746 0.7146146554621848 0.7613109365671642 0.7774931848739496 0.7535226268656716 0.8249690966386555 0.7103625335820896 0.8222448613445378 0.6786569701492537 0.730467949579832 0.7127166417910448 0.7001027605042017 0.6643611380597015 0.6454075714285714 0.6609120037313433 0.6196107605042017 0.6311915074626866 0.5901256554621849 0.6276121194029851 0.5778139747899159 0.642602619402985 0.5481821890756303 0.6315605485074627 0.5287245714285714 0.6036731604477611 0.5765671848739496 0.5791697835820896 0.6277941008403362 0.6199540597014925 0.6484358025210084 0.6011888022388059 0.6552150336134455 0.6254099701492537 0.6699575882352942 0.6271996641791044 0.6842600966386555 0.6066012947761193 0.40187803781512604 0.45692549626865675 0.3777786974789916 0.4066717574626866 0.3939253529411765 0.3730028358208955 0.3832377983193277 0.3637287462686567 0.33568855042016804 0.4031574962686567 0.3516045504201681 0.4646486828358209 0.30878099579831936 0.42382098880597013 0.27103921008403364 0.4277477089552239 0.26440665966386556 0.410989223880597 0.28504835714285714 0.39222396641791046 0.22136308403361343 0.3589675037313433 0.2461331218487395 0.33644919402985074 0.2334547394957983 0.332782973880597 0.18730959243697481 0.3367531082089552 0.2387565294117647 0.3887314141791045 0.21118891596638656 0.3758128171641791 0.17565797899159663 0.385325697761194 0.2059498319327731 0.4299498582089552 0.18759232352941177 0.45803261940298506 0.1642997268907563 0.4488236567164179 0.11462360084033614 0.3800434514925373 0.05388257983193277 0.3896865820895522
0 0.32252758823529415 0.8025197686567165 0.34596686554621847 0.8191914179104477 0.3603427142857143 0.8023243955223881 0.34331597058823526 0.791217197761194 0.32252758823529415 0.8025197686567165
0 0.26238392857142856 0.7356595074626865 0.27756652521008407 0.7598372611940298 0.3131708025210084 0.754055723880597 0.2791906512605042 0.7355726753731343 0.26238392857142856 0.7356595074626865
0 0.1818185924369748 0.6987585335820896 0.14422348739495797 0.7101479365671642 0.17215780672268907 0.7417232500000001 0.21446797478991594 0.7564315410447762 0.22243129411764706 0.7340000634328359 0.2539072268907563 0.7319715820895523 0.2429996512605042 0.7115034626865672 0.1687735042016807 0.6764355970149254 0.1818185924369748 0.6987585335820896
0 0.5827809621848739 0.3608319291044776 0.627742025210084 0.40351444029850747 0.661135449579832 0.3921467425373134 0.7332974285714285 0.4290911343283582 0.7646266806722689 0.4195999664179105 0.7154639369747899 0.37693916417910445 0.6860521722689076 0.37709111940298506 0.6728604033613445 0.3473055 0.6392469579831932 0.34747916791044775 0.6262752142857143 0.3288875746268657 0.5543332563025211 0.3031372126865672 0.43057766386554625 0.20675182835820896 0.3585623655462185 0.17727012313432836 0.31979381092436976 0.12895803731343283 0.2328159411764706 0.08649260820895523 0.18667079411764706 0.09046274253731344 0.21305432773109242 0.15003398880597013 0.3513324537815126 0.23701503358208956 0.4325578571428571 0.3074980970149254 0.4918947731092437 0.33331358582089554 0.5338382394957983 0.3293651567164179 0.5553600252100841 0.3553760186567164 0.5802767478991596 0.3403203955223881 0.5827809621848739 0.3608319291044776
0 0.838632806722689 0.44347380223880595 0.8367886596638655 0.4565443582089552 0.8600079117647059 0.462021973880597 0.857577037815126 0.44524178358208955 0.838632806722689 0.44347380223880595
0 0.8244769789915966 0.47153485447761195 0.831549575630252 0.5106813955223881 0.862658806722689 0.4899961977611941 0.8370820210084033 0.47146973134328357 0.8244769789915966 0.47153485447761195
0 0.8282386134453782 0.4491250858208955 0.802588487394958 0.426867276119403 0.7752408907563025 0.4251427089552239 0.7692684033613445 0.4419663171641791 0.8180644453781513 0.4659704029850746 0.8282386134453782 0.4491250858208955
0 0.8126786806722689 0.5126447574626866 0.8001469831932773 0.516441223880597 0.8109812142857143 0.5331779962686567 0.8126786806722689 0.5126447574626866
0 0.7191416008403361 0.45715219029850745 0.7257741512605043 0.47391067164179107 0.740370025210084 0.4682376791044776 0.7316732983193278 0.4533557201492537 0.7191416008403361 0.45715219029850745
0 0.4608588823529412 0.3577301268656716 0.4441255 0.36154830597014925 0.45068471428571427 0.3745754440298507 0.4608588823529412 0.3577301268656716
0 0.4330606092436975 0.43997163805970146 0.43342731512605037 0.4586283544776119 0.45465573949579835 0.46971384328358207 0.4421973781512605 0.4772416567164179 0.4908467394957983 0.4937830522388059 0.5134059285714286 0.46567858208955226 0.5127458613445378 0.43209649253731347 0.44950063025210085 0.4212280895522388 0.4330606092436975 0.43997163805970146
0 0.396880243697479 0.3095482910447761 0.40159530672268906 0.3356459850746269 0.38102694957983196 0.35814258582089553 0.41685124369747895 0.36355508208955223 0.4382996932773109 0.3858345970149254 0.46528058403361344 0.3689024514925373 0.46432715546218484 0.32039498880597017 0.43049368907563024 0.30937462313432834 0.396880243697479 0.3095482910447761
0 0.28314150420168066 0.29520904104477613 0.24488633193277312 0.27301635820895526 0.2868297983193277 0.2690679291044776 0.2610329915966387 0.23934743283582088 0.21547456722689076 0.2731683171641791 0.2770956722689075 0.30830130597014926 0.28314150420168066 0.29520904104477613
0 0.8843793487394958 0.7399093619402984 0.89093856302521 0.7529365 0.9139377983193278 0.7472200895522388 0.9052410714285714 0.7323381343283581 0.8843793487394958 0.7399093619402984
0 0.8520966680672268 0.7008930708955224 0.8337391596638656 0.7289758320895522 0.865141756302521 0.7232160037313433 0.8668392226890757 0.7026827649253732 0.8520966680672268 0.7008930708955224
0 0.6505733109243697 0.6030436194029851 0.6573525462184874 0.6272647873134328 0.6866909705882352 0.6233814850746269 0.7420462268907563 0.6604127126865672 0.7861272016806723 0.6583191007462686 0.7837696680672269 0.6452702537313433 0.6906726302521009 0.6121657462686567 0.684040075630252 0.5954072649253731 0.6505733109243697 0.6030436194029851
0 0.4027262268907563 0.8207640298507464 0.390194525210084 0.8245604962686567 0.40501041596638654 0.8300815335820896 0.4027262268907563 0.8207640298507464
0 0.43677971428571427 0.842978421641791 0.447467268907563 0.8522525074626865 0.4620631386554622 0.8465795149253731 0.45336641596638655 0.8316975597014925 0.43677971428571427 0.842978421641791
0 0.6136903487394958 0.8644547313432835 0.5966636008403361 0.8533475335820895 0.5714535168067226 0.8534777835820896 0.5765352857142857 0.898232197761194 0.6123595840336135 0.9036446902985075 0.6136903487394958 0.8644547313432835