0 0.4300881596491228 0.7588045635964913 0.40683816140350876 0.6760508092105264 0.37423765964912276 0.6515254210526316 0.4255689157894737 0.6049164934210527 0.4514180719298245 0.5699673662280702 0.45911402631578946 0.7740849451754386 0.4578916157894737 0.7886984495614036 0.44667830175438594 0.7920158662280702 0.4449058596491228 0.8100545679824561 0.4549573807017544 0.848977899122807 0.463024852631579 0.777735798245614 0.4574672807017544 0.5953077763157895 0.46363995964912275 0.5498674890350878 0.4734478912280702 0.5412994473684211 0.4702094456140351 0.5264602894736842 0.4981672350877193 0.467878302631579 0.5038813684210526 0.4357952807017544 0.5006737912280701 0.4032609451754386 0.5143010631578948 0.3884116951754386 0.534099894736842 0.3911397434210526 0.5424109561403508 0.3673890153508772 0.6070939105263158 0.3391522302631579 0.6115856315789474 0.3216827105263158 0.5568329596491228 0.3335883464912281 0.5492251473684211 0.3284555964912281 0.513293603508772 0.3421765679824561 0.5041271877192983 0.3572514736842105 0.48234207719298244 0.370393173245614 0.42966717192982457 0.376361125 0.37112714210526315 0.3138352105263158 0.3469600561403509 0.2577959824561404 0.3359605789473684 0.26328235307017545 0.3500144122807018 0.315788600877193 0.3359594649122807 0.3262999407894737 0.3156414701754386 0.3093019144736842 0.2633038701754386 0.24665812719298247 0.23818994385964914 0.17201101096491228 0.21872730350877195 0.16368880482456138 0.20855231403508773 0.19554617543859648 0.21047685964912283 0.21506677631578947 0.21927621754385965 0.22328119736842106 0.23333116315789473 0.2127698552631579 0.24090811052631578 0.23559778289473682 0.3064750561403509 0.3243768201754386 0.3142041052631579 0.3847640526315789 0.28551331403508773 0.4269071052631579 0.2572513157894737 0.4103704802631579 0.2497349894736842 0.41516979385964914 0.2736276210526316 0.4414128267543859 0.25761614385964915 0.5131163267543859 0.2681559614035088 0.5840048070175439 0.18565822631578946 0.7196789692982456 0.1936022298245614 0.7192175679824562 0.23197859824561404 0.6762695855263159 0.26623030175438595 0.6275017938596492 0.28569294210526314 0.6358239978070176 0.289572901754386 0.6571700263157895 0.28453114912280697 0.6780647434210526 0.2537317280701754 0.743840649122807 0.26341730701754384 0.7430357192982456 0.28676102105263157 0.7096863640350878 0.311356898245614 0.7070459166666666 0.32492243508771934 0.7275870131578948 0.33399401929824557 0.8916328048245614 0.319541149122807 0.9431286447368421 0.323151198245614 0.9797452346491228 0.3334856385964912 0.9790682280701755 0.3487202350877193 0.9329507456140351 0.33793571228070174 0.8775884846491228 0.34065833859649125 0.6891049035087718 0.35712724210526314 0.6670617280701754 0.3654989210526316 0.6709382390350878 0.36623192280701755 0.6873771688596491 0.3736567631578947 0.6726457938596491 0.3867031368421052 0.6789169122807018 0.39941331929824564 0.6907821864035087 0.4300881596491228 0.7588045635964913
0 0.7606864087719298 0.42936271271929827 0.7781330192982456 0.40823225 0.7847333736842105 0.367129875 0.7657292754385965 0.34545041008771926 0.7343809368421053 0.3516339276315789 0.712901150877193 0.3768766447368421 0.712197901754386 0.40576012938596495 0.7296742631578947 0.4299520789473684 0.7606864087719298 0.42936271271929827
0 0.8475843824561404 0.2662869649122807 0.8473396754385965 0.2818131842105263 0.866038449122807 0.2913916315789474 0.8758463807017544 0.2828235899122807 0.875877247368421 0.26512841666666664 0.8564146052631578 0.25680621271929827 0.8475843824561404 0.2662869649122807
0 0.9622835789473684 0.2591402807017544 0.9734054070175439 0.24589080263157895 0.9704116701754385 0.21552542105263156 0.9487797754385966 0.2032088355263158 0.9300501350877192 0.21132556359649124 0.9220752649122806 0.2294821403508772 0.929866050877193 0.2544790219298246 0.9458455421052633 0.2634882850877193 0.9622835789473684 0.2591402807017544
0 0.7891678192982455 0.1329803552631579 0.773493650877193 0.13607211403508773 0.7648772649122807 0.14772182236842107 0.7668018105263158 0.16724242324561403 0.7777704192982456 0.1794512280701754 0.7926807210526315 0.17761571052631578 0.8038334157894736 0.14667105701754385 0.7891678192982455 0.1329803552631579
0 0.7671380035087719 0.16164826973684213 0.7752043596491228 0.15342375877192985 0.8027333561403509 0.15352145175438595 0.7874262456140351 0.13332388157894737 0.7686966052631579 0.14144061184210527 0.7637772052631578 0.1545722192982456 0.7671380035087719 0.16164826973684213
0 0.8073474298245614 0.1282888245614035 0.8228386280701754 0.10533293421052632 0.819386345614035 0.08832481798245614 0.7997098649122807 0.07783365789473684 0.7809802245614035 0.08595038596491228 0.7745330912280701 0.1015944802631579 0.7797269473684211 0.11825906798245614 0.7924371280701754 0.1301243399122807 0.8073474298245614 0.1282888245614035
0 0.6046524298245614 0.179326475877193 0.6103963157894737 0.19256586622807018 0.6344421649122807 0.19335061403508771 0.6484056263157895 0.17290721052631577 0.6452586684210526 0.16800011403508772 0.6235044245614034 0.16344663815789473 0.6046524298245614 0.179326475877193
0 0.6184604421052632 0.31037652850877195 0.6360591561403509 0.3268053706140351 0.6524971929824561 0.32245737061403507 0.6645052421052632 0.3001885372807018 0.6459905543859649 0.24745663377192983 0.6100898771929825 0.24348243201754388 0.5779468052631579 0.2686173684210526 0.576388201754386 0.2888250263157895 0.5899537403508772 0.309366125 0.6184604421052632 0.31037652850877195
0 0.6630072596491228 0.34802343421052634 0.6506332666666667 0.3305640087719298 0.6367006736842105 0.3333122390350878 0.6262203596491228 0.3530685855263158 0.6035798947368421 0.3575344605263158 0.5914803614035088 0.369871225877193 0.5927325245614035 0.4005801359649123 0.6154336087719299 0.42374150219298246 0.6320854842105263 0.42156245394736847 0.6722640456140352 0.40589818201754385 0.6771834438596491 0.3927665745614035 0.6729066754385965 0.34938746271929827 0.6630072596491228 0.34802343421052634
0 0.6859839157894737 0.33796340570175437 0.6874807842105264 0.3531460986842105 0.7040103070175439 0.3587301600877193 0.7136044 0.3479931644736842 0.7123213684210526 0.3349794298245614 0.6963418754385965 0.32597017105263154 0.6859839157894737 0.33796340570175437
0 0.7082606666666666 0.16773409649122809 0.7049307385964912 0.14296287280701753 0.6836956561403509 0.15267937061403508 0.6883394824561403 0.17276915570175438 0.7082606666666666 0.16773409649122809
0 0.18838753859649124 0.15308986622807016 0.19407080526315787 0.1387020153508772 0.1776636350877193 0.12535484210526315 0.17903815087719296 0.14830064254385966 0.18838753859649124 0.15308986622807016
0 0.15862867192982455 0.12137055263157895 0.15453487368421054 0.09785556578947369 0.13443071754385963 0.08302649561403508 0.11701497368421054 0.0864617850877193 0.10030248070175439 0.06101359210526316 0.0881114596491228 0.06341829385964913 0.08578898947368421 0.08488219517543859 0.09229674385964913 0.09686534210526317 0.11133170701754386 0.10084963377192983 0.12792184912280702 0.13406093859649124 0.1485760350877193 0.14546480921052632 0.1535869192982456 0.14226526754385965 0.15187621228070175 0.12491362061403509 0.15862867192982455 0.12137055263157895
0 0.4705147701754386 0.5385613092105264 0.4838664684210526 0.5569334495614036 0.47879385087719295 0.5955233421052631 0.5065058192982457 0.6154851644736842 0.5233715333333333 0.615475072368421 0.5423458789473684 0.5918321271929825 0.5329964912280701 0.587042903508772 0.5373967263157894 0.5596413201754386 0.5251142228070176 0.5521139561403509 0.48789964736842106 0.5528211951754386 0.4705147701754386 0.5385613092105264