0 0.6451947129629629 0.5778225243055556 0.659585238425926 0.5225790069444445 0.6092306712962964 0.49215474305555557 0.5917077824074074 0.5111019409722223 0.5934034722222222 0.54229959375 0.6451947129629629 0.5778225243055556
0 0.4967461087962963 0.1293250625 0.5111600439814814 0.13851290972222222 0.5124789143518519 0.16277775694444446 0.5698284351851852 0.21522892361111112 0.6103381041666667 0.2778603263888889 0.7213633472222222 0.22983698958333335 0.7561735185185186 0.23027496875 0.7791368888888889 0.24742219791666667 0.7838475185185184 0.16342086458333335 0.7762873310185185 0.13099474305555556 0.6395431736111111 0.13250734027777777 0.5888117893518519 0.09515025694444444 0.573031787037037 0.10349633680555555 0.5467004467592592 0.08838515277777777 0.5289657384259259 0.03943457986111111 0.5035292499999999 0.08345419791666667 0.4967461087962963 0.1293250625
0 0.8454356944444444 0.5498584236111111 0.849486699074074 0.5390554166666667 0.9414345763888889 0.5240467916666667 0.9500312083333333 0.4902074027777778 0.9468754375 0.3894797222222222 0.9295881574074074 0.37009454861111113 0.9486655231481481 0.33707983333333336 0.9320612731481481 0.30892769791666663 0.9173411273148148 0.31543962847222223 0.9174117314814815 0.33807221527777775 0.8896437175925925 0.3178623715277778 0.8881364374999999 0.2901311180555555 0.9016083217592593 0.2819869375 0.8635951828703704 0.22262004513888886 0.8680702037037037 0.1769510763888889 0.8515837615740741 0.12963276041666666 0.8190582986111111 0.06456152083333333 0.8018416226851852 0.06780894097222222 0.7910546759259259 0.08268404166666667 0.7911252824074074 0.10531663194444445 0.776216724537037 0.10836215277777778 0.7842715347222222 0.12855490277777779 0.7773471851851852 0.1291605902777778 0.7840827453703704 0.2957499965277778 0.777535212962963 0.30328849305555555 0.7848363865740742 0.3096156215277778 0.7536532013888889 0.33324059375000004 0.728169513888889 0.41905898263888886 0.7574920069444444 0.42520130902777775 0.8836848240740741 0.40023145138888894 0.9070250138888889 0.4243114930555556 0.9102279837962962 0.4832404027777778 0.8714374143518518 0.5162380243055555 0.8142997083333333 0.5316846215277777 0.8161132013888889 0.5437160972222222 0.8454356944444444 0.5498584236111111
0 0.5837001689814815 0.4491104131944444 0.5974310694444444 0.4670652222222222 0.6251284791666666 0.4646424826388889 0.7255551851851852 0.43496065625 0.7542184305555556 0.3436398090277778 0.7555845 0.32610588541666663 0.7463520300925927 0.3269134618055556 0.6754362268518519 0.36620402430555554 0.5837001689814815 0.4491104131944444
0 0.29539769212962963 0.3715835833333333 0.33936972916666663 0.34858139236111113 0.32424935185185183 0.2837291458333333 0.299166275462963 0.27025021527777776 0.2855531782407408 0.2331292222222222 0.26845430555555555 0.2172104548611111 0.22565993055555555 0.2192123125 0.1703357175925926 0.24669038541666666 0.15980778703703702 0.2876644826388889 0.21894739583333334 0.2877157673611111 0.23199526157407407 0.3144375416666667 0.28004171064814815 0.34506370486111115 0.29539769212962963 0.3715835833333333
0 0.15943134722222221 0.1100701736111111 0.1522713888888889 0.14900822569444444 0.17504634722222223 0.1626890486111111 0.18597450694444445 0.19307912847222222 0.20361519907407408 0.15496575347222222 0.2019195115740741 0.12376809375000002 0.15943134722222221 0.1100701736111111
0 0.42371021990740737 0.3429454201388889 0.4956386759259259 0.3436194826388889 0.5837711550925926 0.3010815069444444 0.5967956134259259 0.2633719201388889 0.572513375 0.22195984375 0.5228418425925926 0.18276861458333332 0.5083101064814814 0.1927469513888889 0.5053189537037037 0.20171580902777778 0.5149282430555556 0.20784104166666667 0.4961570902777778 0.22515597569444445 0.49328374305555556 0.21495865625 0.48923273842592596 0.22576166319444443 0.47481880324074077 0.21657381597222222 0.4644086782407407 0.23838172916666667 0.4553646157407407 0.24265571874999997 0.4523028587962963 0.2289919861111111 0.4484402662037037 0.2432614027777778 0.4276672083333333 0.2450784583333333 0.42667796064814817 0.2695452013888889 0.3767236226851852 0.3104851076388889 0.3807274305555556 0.3414808715277778 0.3981325162037037 0.3416998611111111 0.4089194652777778 0.32682476041666664 0.42371021990740737 0.3429454201388889
0 0.8911736458333333 0.7513479722222223 0.8602260671296297 0.7366405798611111 0.8291606874999999 0.7410993680555555 0.7105752569444443 0.7566965798611112 0.7153561134259259 0.8659893333333334 0.6861042268518518 0.88247959375 0.7244707777777778 0.8843479305555556 0.8477902476851852 0.8491807465277778 0.8979329930555556 0.8117072430555555 0.9025964259259259 0.7695046805555555 0.8911736458333333 0.7513479722222223
0 0.9313068726851852 0.6363850659722222 0.9448965601851852 0.6090746979166667 0.9428240532407407 0.5709442291666667 0.9287163310185185 0.5460566006944444 0.9088147175925926 0.5425731041666667 0.8163722175925926 0.5698150902777778 0.8294906898148148 0.6191694583333334 0.8163956273148147 0.6342464548611111 0.8370508796296297 0.651595579861111 0.8618749421296296 0.6389755138888888 0.865690337962963 0.6665048715277778 0.9313068726851852 0.6363850659722222
0 0.6296499351851852 0.7184977326388888 0.7221630416666666 0.7138883298611112 0.7824803078703704 0.6929392777777778 0.7612598263888889 0.6651909340277777 0.6812059467592593 0.6216915277777777 0.6959967013888888 0.6378121909722222 0.6850213449074074 0.6492208888888888 0.6969387523148148 0.6551442222222222 0.6550864236111111 0.6744781145833333 0.6617045648148149 0.689572204861111 0.637563537037037 0.6934253055555556 0.6296499351851852 0.7184977326388888
0 0.7324553657407408 0.7112466006944445 0.6298383449074074 0.7219641388888889 0.6272240162037037 0.7378658090277779 0.6359618611111111 0.7492916006944444 0.7427004907407407 0.750403638888889 0.7449380023148149 0.72756915625 0.7324553657407408 0.7112466006944445
0 0.6900374282407407 0.8908427673611112 0.6772485787037037 0.8902199861111111 0.6927871527777777 0.9811573055555556 0.7248620231481482 0.9783516562500001 0.7287336018518518 0.9414426909722222 0.6900374282407407 0.8908427673611112
0 0.8207520856481482 0.9490666597222222 0.8206814791666667 0.9264340694444445 0.8043362453703703 0.9243809305555555 0.8008504722222222 0.9455831597222222 0.8207520856481482 0.9490666597222222
0 0.8202359560185185 0.0435611875 0.8247815833333333 0.020524809027777778 0.8126757685185185 0.011135062499999999 0.8120633402777777 0.042534618055555556 0.8202359560185185 0.0435611875
0 0.7122046041666666 0 0.6716921967592592 0.019984263888888888 0.6862001458333333 0.1162360625 0.7411003402777778 0.12362395138888889 0.7342937893518519 0.1050634513888889 0.7532533541666666 0.09121492013888889 0.7581286064814814 0.11691012847222221 0.7709174560185185 0.11753290625 0.7781480231481481 0.10122744444444445 0.7768763495370371 0.03516382638888889 0.7647705324074074 0.025774083333333333 0.7738145925925927 0.021500097222222223 0.7554674560185185 0.003949076388888889 0.7240285300925926 0 0.7122046041666666 0