0 0.4002154613821138 0.5152021742424242 0.37935954471544714 0.47110059469696974 0.36957741463414634 0.42055085606060605 0.39007772560975607 0.43569501893939394 0.43155248780487804 0.504593231060606 0.45134403861788613 0.49445757954545455 0.46666061585365853 0.5091482234848485 0.469604418699187 0.4893798712121212 0.4326070731707317 0.42829038636363637 0.42364979471544717 0.3800379128787879 0.46335142886178865 0.36941908333333334 0.46817955894308944 0.3409151893939394 0.48773648577235773 0.3441096136363636 0.4658210955284553 0.3110408484848485 0.48078206910569105 0.29677407196969696 0.4540385487804878 0.29220919318181815 0.43919121747967477 0.25085840151515154 0.401136843495935 0.23343674242424242 0.38499785975609757 0.24908385606060607 0.370977825203252 0.2426653484848485 0.3484722073170732 0.19396923863636362 0.3242056849593496 0.22893117803030305 0.2965187784552845 0.21241656439393938 0.292868656504065 0.2395401212121212 0.3074764735772358 0.22895095075757574 0.3357536097560976 0.2610929053030303 0.3564885447154471 0.2629069924242424 0.39996861382113824 0.3653571590909091 0.38948749796747967 0.42006767803030304 0.34118174593495937 0.378756428030303 0.33010307113821136 0.31993455303030305 0.28768981300813007 0.30435663636363636 0.29015947764227645 0.24597840151515152 0.28097002032520324 0.24369101893939393 0.273074662601626 0.21704075378787877 0.23867285162601626 0.2051305606060606 0.22135585772357724 0.2221580075757576 0.21853058943089432 0.2515788295454545 0.23773435569105691 0.2584508598484848 0.24504193089430895 0.30210879924242423 0.23102434349593495 0.32832531060606057 0.2210100345528455 0.3237406666666667 0.2039227743902439 0.26216800378787875 0.1729364593495935 0.23646432575757578 0.16751565650406505 0.21670585984848484 0.2022657357723577 0.15966841287878789 0.23312618089430895 0.0778145643939394 0.2282956036585366 0.0736834393939394 0.16774539024390245 0.1381057462121212 0.1347562154471545 0.11148513636363636 0.11272718089430894 0.1340339318181818 0.10106805691056911 0.19012478787878787 0.11155650406504065 0.23331932575757577 0.10566645325203253 0.24022100757575757 0.09741793495934958 0.21724834848484847 0.07880439634146341 0.22600365909090908 0.09105863617886178 0.2508101818181818 0.08658366463414634 0.2756364734848485 0.09919106300813008 0.29676539015151515 0.09306638821138212 0.3169971477272727 0.10402408333333332 0.3335315303030303 0.11380621341463415 0.38408127272727277 0.0979042987804878 0.4190333295454545 0.09755602845528455 0.4879809696969697 0.09095966056910569 0.5022378598484849 0.05384867276422764 0.4967659393939394 0.04654598780487805 0.5183780340909091 0.06127478048780488 0.5500763522727272 0.1145296443089431 0.605171196969697 0.11959728861788618 0.6286072689393939 0.1098200487804878 0.6433275643939395 0.12867065650406503 0.6538771931818183 0.13326660772357724 0.671338393939394 0.1798016788617886 0.6657676174242424 0.18510150406504067 0.6432385946969696 0.2017121788617886 0.6335663522727273 0.2265738211382114 0.6795017916666667 0.23894415040650407 0.6813257651515151 0.27122945325203257 0.7479365946969697 0.29714812195121953 0.7502042083333333 0.3020947886178862 0.7313527840909091 0.2550831341463415 0.6656786515151515 0.2575527987804878 0.6073004128787879 0.26909827642276424 0.6068271174242424 0.2870079430894309 0.6380620340909091 0.2875932825203252 0.5884193371212121 0.31021498983739837 0.6141328977272728 0.3249413394308943 0.6131962007575757 0.3705428048780488 0.7262157613636363 0.3754894695121951 0.707364340909091 0.3609952987804878 0.6623359469696969 0.36488004268292684 0.6218823143939394 0.3421373556910569 0.5538812575757576 0.3874944166666667 0.549690821969697 0.4002154613821138 0.5152021742424242
0 0.2783695975609756 0.1292416931818182 0.2760111321138211 0.09936734848484849 0.24290831097560978 0.12836430303030302 0.247741331300813 0.16513045075757576 0.25575277845528455 0.16879816287878788 0.2783695975609756 0.1292416931818182
0 0.47335351422764227 0.21082864015151515 0.4813600731707317 0.14922631818181817 0.4659249613821138 0.12488320833333333 0.4548536199186992 0.16396638636363636 0.47335351422764227 0.21082864015151515
0 0.43176266463414636 0.1649129696969697 0.4243389979674797 0.14423757196969697 0.41244036178861787 0.1483884696969697 0.41680168902439024 0.1791797462121212 0.4276408495934959 0.18606165909090908 0.43176266463414636 0.1649129696969697
0 0.5079105325203253 0.7219165871212122 0.5101455731707317 0.6768684242424242 0.5255782418699187 0.6685765151515152 0.5206291300813009 0.6547929166666666 0.5272230548780488 0.6079010113636364 0.5024799491869919 0.5716180454545454 0.49400169715447156 0.6272454962121212 0.47550669512195126 0.6456532803030303 0.4430845447154471 0.716552803030303 0.4749238008130081 0.7279309962121212 0.4856444268292683 0.7251604393939394 0.4929520020325203 0.7688183825757575 0.502259993902439 0.780758231060606 0.4930680914634147 0.7458358333333333 0.5079105325203253 0.7219165871212122
0 0.45087479065040653 0.5211177310606061 0.4388600630081301 0.5482511742424243 0.45688581910569104 0.5565035378787879 0.45087479065040653 0.5211177310606061
0 0.4058757764227642 0.5869006022727272 0.425314168699187 0.5804425568181819 0.40552017276422764 0.5579431856060606 0.39821748780487803 0.5795552840909092 0.4058757764227642 0.5869006022727272
0 0.39374740650406503 0.6696516098484848 0.42767507723577236 0.6429519204545454 0.4122399654471545 0.6186088106060605 0.381140006097561 0.6485226931818182 0.39374740650406503 0.6696516098484848
0 0.10168762195121951 0.597372356060606 0.08319017073170731 0.5831451212121213 0.0737660894308943 0.5941878143939393 0.06952329878048781 0.5730490113636364 0.05350773780487805 0.6636186325757576 0.06776483739837398 0.6893420833333334 0.08731931910569106 0.6599014886363636 0.10168762195121951 0.597372356060606
0 0.0993095975609756 0.30641785984848485 0.05431058536585366 0.3722007348484848 0.05855337804878048 0.3933395378787879 0.0993095975609756 0.30641785984848485
0 0.09094988008130081 0.3716977840909091 0.10167295325203253 0.40156224242424243 0.09695357723577236 0.30917853409090906 0.07445529268292683 0.3583874772727273 0.08294087804878048 0.40066508333333334 0.09094988008130081 0.3716977840909091