0 0.9070635486381323 0.338376597826087 0.8919251789883269 0.24224047826086959 0.8852585350194553 0.2360032028985507 0.8889858813229572 0.2817989963768116 0.8806685486381323 0.3025755797101449 0.8947685914396887 0.3623068695652174 0.9066109377431907 0.35646310507246376 0.9070635486381323 0.338376597826087
0 0.9893263054474708 0.32279138768115945 0.9983721206225681 0.31472570289855073 0.9984339299610894 0.3048332065217391 0.9893263054474708 0.32279138768115945
0 0.9587672801556419 0.45338626086956524 0.9554233151750973 0.43121883333333333 0.9412540389105059 0.4132024202898551 0.9432188813229572 0.4515318043478261 0.9587672801556419 0.45338626086956524
0 0.93977903307393 0.5889892789855072 0.9402316439688716 0.570902768115942 0.9318930194552529 0.5535817789855072 0.9320048346303501 0.5880620471014493 0.93977903307393 0.5889892789855072
0 0.9305511167315175 0.801946481884058 0.9339643151750973 0.7823990326086957 0.9096246770428015 0.7813100942028985 0.9305511167315175 0.801946481884058
0 0.8627558501945525 0.7067861739130434 0.8369252743190662 0.6873789166666666 0.7793642412451361 0.6895838586956522 0.8529475758754864 0.7092444420289855 0.8627558501945525 0.7067861739130434
0 0.8241617743190661 0.5352905217391304 0.8880060700389105 0.5156944927536232 0.8995555564202334 0.48260506159420286 0.8815897023346304 0.46050773188405797 0.8405035836575876 0.46649168840579713 0.8478251731517509 0.4855054275362318 0.875870865758755 0.4942925869565218 0.8275749708171206 0.5157430724637682 0.7489969785992218 0.5009289239130434 0.8241617743190661 0.5352905217391304
0 0.8523618618677042 0.6547531014492755 0.8739219571984436 0.6500683804347825 0.7905303501945525 0.6328660652173913 0.8523618618677042 0.6547531014492755
0 0.7449234747081712 0.6637075144927537 0.7358393793774319 0.637227365942029 0.7391620564202335 0.6212972173913044 0.8054450933852141 0.660041634057971 0.7779425350194552 0.6295506630434782 0.7622823210116731 0.5932159347826087 0.7569948054474708 0.5708166992753624 0.7633685875486382 0.5498083079710145 0.7407701653696498 0.5180882065217391 0.7536082568093385 0.47245412681159416 0.7197106225680934 0.42487397101449276 0.7213613151750973 0.3978601050724638 0.7145136284046693 0.3988574311594203 0.7190556750972763 0.4120975072463768 0.7020163365758755 0.3919247355072464 0.6901739902723736 0.3977684927536232 0.677788513618677 0.4253160688405797 0.65817196692607 0.43023260144927533 0.6351209338521401 0.4165990036231884 0.6357545894941634 0.39127789130434787 0.6255842276264592 0.408205365942029 0.6103073949416342 0.395499 0.5478422256809339 0.39893307608695655 0.5190510622568093 0.3809867572463768 0.452970359922179 0.37310531159420285 0.4247223326848249 0.3334551847826087 0.39547856031128403 0.3335953768115942 0.33003151361867705 0.3003928152173913 0.31493572373540857 0.28045184782608695 0.3057823988326848 0.2956865724637681 0.30311467120622565 0.3243931811594203 0.3318365992217899 0.3840543768115942 0.3594989124513619 0.36921316666666665 0.41179372178988327 0.38270656521739127 0.4442004143968872 0.4119684057971015 0.4571716108949416 0.4389121702898551 0.482709326848249 0.4310737572463768 0.5129009046692606 0.4709556956521739 0.5895140583657588 0.44744046014492755 0.5804512548638132 0.45905788405797104 0.5781669085603113 0.5113928586956522 0.5961807023346304 0.4536777355072464 0.6050624591439688 0.44929491666666665 0.6141465525291829 0.4757750652173913 0.6397960856031129 0.5024169275362318 0.6351848054474708 0.5308917282608696 0.6201103093385214 0.5490483369565218 0.5789336673151751 0.5586495942028985 0.5421872607003891 0.5470106485507247 0.5232043715953307 0.5266060652173913 0.521282112840467 0.5644718333333334 0.5142533813229572 0.5727037644927536 0.4873152470817121 0.5586065579710144 0.46851340272373543 0.5309673695652174 0.45676158171206227 0.533193829710145 0.45436541828793775 0.5510485289855073 0.44315672957198443 0.531571177536232 0.4273367626459144 0.5405686268115942 0.4105689902723736 0.5095439456521739 0.38735820233463036 0.5412425289855072 0.3744295914396887 0.5904939166666667 0.38590984630350195 0.599119365942029 0.3900898035019455 0.6268286485507246 0.4092537373540856 0.6399986268115943 0.4144507315175098 0.6660151594202899 0.42814610311284046 0.6640205108695653 0.43461041050583654 0.6393948188405797 0.4480342159533074 0.6482520724637681 0.46000966536964977 0.7149861594202899 0.47555806614785995 0.716840615942029 0.4916495992217899 0.6969912608695652 0.5170275642023346 0.7344850289855073 0.5357601770428017 0.8038390942028986 0.5371872431906615 0.7078646884057971 0.547288373540856 0.7326520869565217 0.5538432023346304 0.7044090942028985 0.5674480525291828 0.7060317427536231 0.5811647159533073 0.7421346702898551 0.5824053793774319 0.8094024673913044 0.5931401653696499 0.8088687572463769 0.6030176692607003 0.7646956123188406 0.6411644922178988 0.7982701739130434 0.644236892996109 0.8312895072463767 0.6734806653696498 0.8311493152173913 0.6804188754863814 0.8265346847826087 0.679380546692607 0.7901298586956521 0.7001046517509728 0.7799032789855073 0.7320587354085603 0.8272516231884058 0.7493909319066148 0.8746700688405797 0.7464090544747082 0.8380334347826086 0.6975966750972762 0.7632777065217391 0.6968299163424124 0.7160209746376812 0.6644232198443579 0.6867591376811595 0.6772613112840468 0.6411250543478261 0.6880866186770428 0.6369740434782608 0.7205838365758754 0.6626185760869565 0.7392046361867705 0.6974923695652173 0.7449234747081712 0.6637075144927537
0 0.6429004922178988 0.261518634057971 0.6251369747081712 0.27028427536231886 0.6118249824902724 0.29590729347826084 0.6200943774319067 0.3549431630434783 0.6586512276264592 0.2942360615942029 0.6412497996108949 0.2885324963768116 0.6429004922178988 0.261518634057971
0 0.6895190447470817 0.38499203623188405 0.7177244902723736 0.3484470108695652 0.7191036167315175 0.33228505434782607 0.6895190447470817 0.38499203623188405
0 0.6683210389105059 0.37520754710144927 0.6734062198443579 0.36674381159420294 0.652591593385214 0.38058769565217393 0.6775861770428016 0.3944530942028986 0.6683210389105059 0.37520754710144927
0 0.4390565758754864 0.8122597971014492 0.44692129961089494 0.8095697246376812 0.4428318618677043 0.7782431376811594 0.4390565758754864 0.8122597971014492
0 0.3282582898832685 0.6049416050724638 0.3505638560311284 0.6094160398550724 0.3266768287937743 0.5902405942028985 0.319195486381323 0.6165590326086956 0.3282582898832685 0.6049416050724638
0 0.35603241634241245 0.6245806702898551 0.38414734046692606 0.5916529492753623 0.3655478326848249 0.5948767355072464 0.35603241634241245 0.6245806702898551
0 0.38844446887159534 0.49783490579710143 0.37612822178988325 0.48366760507246376 0.32060126070038913 0.4824870471014493 0.36123476848249025 0.49458960869565216 0.38844446887159534 0.49783490579710143
0 0.7474899630350195 0.9506334094202898 0.7517391517509728 0.9366278188405797 0.7263611887159533 0.8991340507246377 0.7474899630350195 0.9506334094202898
0 0.7701363249027238 0.9025410615942029 0.7780010486381322 0.8998509891304347 0.7438318482490273 0.8631227427536232 0.7701363249027238 0.9025410615942029
0 0.5496099455252917 0.9125198623188405 0.5483692840466926 0.8452520652173913 0.5382202120622568 0.900277115942029 0.5414736556420233 0.9260618442028986 0.5496099455252917 0.9125198623188405
0 0.5752381848249027 0.9010641485507246 0.5746737607003891 0.8846703876811595 0.5678260739299611 0.8856677137681159 0.5694075350194553 0.9003687282608696 0.5752381848249027 0.9010641485507246
0 0.6405521284046692 0.8616888623188406 0.6136832237354085 0.8058767789855072 0.610541593385214 0.8145723224637681 0.6324158365758754 0.8752308405797102 0.6405521284046692 0.8616888623188406