0 0.6009383706293706 0.6872991059190031 0.5966712010489511 0.6274700576323987 0.5904025812937064 0.6109510545171339 0.576280562062937 0.5989004517133957 0.5700165087412588 0.5952476105919002 0.5605714825174825 0.6014041651090343 0.5376945104895104 0.7453689314641745 0.5432185445804195 0.757529277258567 0.5336687797202797 0.767658222741433 0.5302806136363637 0.7918454828660436 0.5326213924825175 0.8073821448598131 0.5291216389860139 0.8162425560747664 0.5790086127622378 0.8083785046728973 0.5888748767482518 0.7927654626168225 0.6009383706293706 0.6872991059190031
0 0.49454277534965035 0.589063015576324 0.4939166258741259 0.6193304485981308 0.477995784965035 0.6233458660436136 0.4869285332167832 0.6692166728971963 0.49478649737762237 0.6776144361370716 0.49404647727272727 0.6861219392523364 0.4824769982517482 0.6880962912772586 0.5010642491258741 0.7198657601246106 0.5023462263986014 0.7429609376947041 0.5121146005244755 0.7506195295950155 0.526653291083916 0.740347484423676 0.5202776494755245 0.7213677943925234 0.5206966040209791 0.7054782258566978 0.527274875 0.697213890965732 0.5231329903846155 0.6913101728971962 0.5135809431818182 0.6950060389408099 0.5115612281468531 0.6868514439252336 0.521110993006993 0.6767224984423676 0.5187702141608391 0.6611858364485982 0.5250297019230769 0.6519725186915888 0.5345863155594406 0.6611428115264798 0.5428655183566433 0.6600840856697819 0.5506096118881119 0.6467219221183801 0.5465724667832168 0.6368458115264798 0.5464608784965035 0.6215189626168224 0.5364807447552448 0.6153720763239875 0.5301142342657343 0.622124707165109 0.5244877447552447 0.6203698348909658 0.5374302412587413 0.5989197881619938 0.5295654283216783 0.5712227834890966 0.5166137989510489 0.5669405093457943 0.5149174326923077 0.5726010591900311 0.5187428181818182 0.5839888722741433 0.514498479020979 0.5884906277258567 0.5138677631118881 0.605891898753894 0.5093046407342657 0.6094446697819315 0.5021866958041958 0.5925394018691589 0.5007999798951048 0.5734166152647975 0.4937913409090909 0.5654051183800624 0.4898657823426574 0.5708558551401869 0.49454277534965035 0.589063015576324
0 0.5990596442307693 0.47820731775700936 0.6058542412587413 0.4812974392523364 0.6107338618881119 0.4722605732087227 0.6192339571678321 0.4954224657320872 0.6351570804195804 0.4978401292834891 0.6439645428321678 0.48978560436137075 0.64586581993007 0.4633141090342679 0.6408700454545455 0.4441579657320872 0.6297172386363636 0.42380966978193146 0.6403280874125874 0.4125552834890966 0.6374590498251749 0.4040144236760124 0.6283305227272727 0.4046868831775701 0.6156862604895106 0.36918819003115266 0.6095315113636364 0.3744291183800623 0.6097478374125874 0.3857835763239875 0.6163329562937063 0.3968184813084112 0.617186847027972 0.41007090809968844 0.6083793854895104 0.41812542990654206 0.6005237027972028 0.41616074922118385 0.5930983916083916 0.4304718987538941 0.5861990568181819 0.43135416822429906 0.5857778181818182 0.4408106557632399 0.5975681896853147 0.46305692211838 0.5990596442307693 0.47820731775700936
0 0.44558018531468535 0.5097108940809969 0.4341222937062937 0.5270120965732087 0.4257360708041958 0.5256101308411215 0.42488902884615387 0.5316569470404985 0.437098354020979 0.5380136448598131 0.44750657604895105 0.5540032834890967 0.4572726669580419 0.555228792834891 0.46523080419580415 0.5467880046728971 0.46777421153846155 0.5350806401869159 0.45906235664335665 0.5134304501557632 0.44558018531468535 0.5097108940809969
0 0.46712295017482514 0.49458418847352026 0.48358118181818177 0.509305292834891 0.4878323706293706 0.5241027788161994 0.4942011634615385 0.5237832274143301 0.5008773234265734 0.49224726012461056 0.49641209090909094 0.47252839563862925 0.48568965384615387 0.4684559330218069 0.4686052727272727 0.484002261682243 0.46712295017482514 0.49458418847352026
0 0.5694608531468531 0.5250464470404984 0.561386562062937 0.5052942258566978 0.5324047884615385 0.4961335996884735 0.5301778793706294 0.5023568691588784 0.5409094484265734 0.5321616542056075 0.56107919493007 0.5365106417445483 0.5694608531468531 0.5250464470404984
0 0.5570215026223777 0.46873680996884737 0.5407773146853146 0.45893708255451715 0.5200770253496504 0.45515081308411215 0.5167913146853147 0.46893259968847356 0.5332495472027972 0.4836537040498442 0.5594670209790209 0.48030107788161996 0.5570215026223777 0.46873680996884737
0 0.5740465270979022 0.28593039252336444 0.5685179265734266 0.26090388785046725 0.5582212928321678 0.2602410965732087 0.5530251722027972 0.27476205763239875 0.5592960751748252 0.2977141386292835 0.5648178269230769 0.3034414049844237 0.5740465270979022 0.28593039252336444
0 0.521442916958042 0.11648178971962615 0.5323748312937062 0.11260946884735201 0.5351299991258741 0.09939039875389408 0.5255642534965035 0.06448778504672897 0.5183461372377622 0.06442107009345795 0.5096548277972028 0.10066860436137072 0.5123121066433567 0.11072116822429906 0.521442916958042 0.11648178971962615
0 0.7375925952797203 0.2051366666666667 0.7556401713286713 0.21173653271028037 0.763386548951049 0.20480744704049844 0.7661394335664335 0.18515529750778817 0.7619929833916084 0.16638541900311526 0.7576664213286713 0.15959370560747663 0.7350858819930071 0.14932427725856698 0.7340700113636364 0.1496662757009346 0.7311099318181818 0.1836962881619938 0.7375925952797203 0.2051366666666667
0 0.7843239886363637 0.5777399828660436 0.768614909090909 0.5802436978193146 0.7673489117132868 0.6021800794392523 0.7626833339160839 0.6161383224299066 0.7704411258741258 0.6413746386292835 0.7857289685314685 0.6483274112149533 0.7968726433566433 0.6429433878504673 0.8072626005244755 0.6074683831775701 0.8050311267482517 0.6008254937694704 0.7931405821678322 0.5954177803738318 0.7918631704545455 0.585188761682243 0.7843239886363637 0.5777399828660436
0 0.7307885000000001 1 0.7382992054195804 0.9998152196261682 0.7510299423076924 0.9798768769470405 0.7684399536713287 0.9845787725856697 0.7792625638111887 0.9718126822429906 0.7871182456293706 0.9737773660436138 0.791255562937063 0.9668149236760125 0.7885982849650349 0.9567623598130841 0.7687450375874126 0.9469292757009345 0.75590043006993 0.9451076900311527 0.7467741870629371 0.9522132289719626 0.7274514825174825 0.9418174252336449 0.7130175305944055 0.9481170763239875 0.7151351346153846 0.9330000404984424 0.7082357989510489 0.9338823099688475 0.6961494755244755 0.9750178613707164 0.6920465970279721 1 0.7307885000000001 1
0 0.5698335192307692 1 0.5726012875874126 0.9992297772585671 0.5759940201048951 0.9879086775700935 0.5723826791958042 0.9814422398753894 0.5619813068181818 0.9847518411214954 0.5573151756993008 1 0.5698335192307692 1
0 0.523551666958042 0.37552651713395635 0.5181369370629371 0.3722599408099688 0.5156982683566433 0.3799949143302181 0.529399048951049 0.40150200778816203 0.5387416197552448 0.40575092523364487 0.5477608417832168 0.39618469626168223 0.5488196433566433 0.3886261775700935 0.5371340113636364 0.3624075202492212 0.5308699571678323 0.35875467912772585 0.523551666958042 0.37552651713395635
0 0.5496598365384615 0.3632801214953271 0.5512605961538461 0.387324285046729 0.5630418347902099 0.38383822897196257 0.5706811896853147 0.3744484563862928 0.5681309326923076 0.3668565794392524 0.5496598365384615 0.3632801214953271
0 0.4409736870629371 0.39103513862928346 0.43353924388111886 0.37961396728971963 0.4205876145104895 0.37533169158878504 0.42155080944055945 0.3974778878504673 0.4328060716783217 0.4074207118380062 0.43927960402097904 0.4031287679127726 0.4409736870629371 0.39103513862928346
0 0.31964784178321676 0.3961576230529595 0.3284575865384615 0.39453618068535823 0.32685911013986013 0.3769250965732087 0.3089139895104895 0.3599197585669782 0.30636601573426575 0.3587609626168224 0.30636829982517483 0.36519404361370716 0.30945366433566435 0.38508936137071653 0.31964784178321676 0.3961576230529595
0 0.2742306652097902 0.4366066962616822 0.2838874519230769 0.4289384392523364 0.28515801486013986 0.4198682165109034 0.2779353312937063 0.4069353411214954 0.2664705917832168 0.40493730062305294 0.2630801424825175 0.4226914813084112 0.26488809527972024 0.43235778037383177 0.2742306652097902 0.4366066962616822
0 0.3568060847902098 0.11477090965732087 0.3523454187062937 0.10791820716510904 0.33642229458041956 0.10550054361370716 0.33950765996503496 0.1253958613707165 0.34948779458041956 0.1315427492211838 0.3570224108391608 0.12612536760124612 0.3568060847902098 0.11477090965732087
0 0.33196162849650346 0.09864784267912773 0.3249529886363636 0.09063634267912773 0.31868893444055946 0.08698350155763239 0.31264349038461536 0.10111819937694703 0.3180605026223776 0.11081785514018691 0.32952524213286716 0.11281589563862929 0.33196162849650346 0.09864784267912773
0 0.4461332797202797 0.2735848909657321 0.45335139685314685 0.2736516059190031 0.46640091520979016 0.25466224766355144 0.45599041171328675 0.23223952803738318 0.4469666241258741 0.2289395950155763 0.43667455594405596 0.24114296417445483 0.43625560052447554 0.25703253271028037 0.4461332797202797 0.2735848909657321
0 0.8909698767482518 0.48393264953271026 0.9006243802447552 0.46983130996884737 0.9010433347902097 0.4539417414330218 0.891907958916084 0.4353149595015576 0.8700418470279719 0.43662652180685363 0.8721731486013986 0.4601079641744549 0.8795051363636364 0.4819346074766355 0.8909698767482518 0.48393264953271026
0 0.7039361118881119 0.18420196105919004 0.6954360174825175 0.16104006853582556 0.6863074903846154 0.1617125280373832 0.6835523225524475 0.17493159657320873 0.6883340533216783 0.18916636448598131 0.6993752718531469 0.19418781308411215 0.7039361118881119 0.18420196105919004
0 0.6812320900349651 0.21729265887850469 0.674221166958042 0.20284808099688473 0.6648808793706295 0.20503224454828659 0.6609644536713286 0.23621530529595017 0.6649993155594406 0.23965833489096572 0.6805990917832168 0.2282608520249221 0.6812320900349651 0.21729265887850469
0 0.6449845332167832 0.37286471962616824 0.6400957805944056 0.35616926323987536 0.6232163111888113 0.3509046495327103 0.6207799248251749 0.36507270249221185 0.6315069283216783 0.38201132554517137 0.6397861302447553 0.3809526012461059 0.6449845332167832 0.37286471962616824
0 0.8327332062937063 0.5933240186915888 0.8199842054195804 0.5617977211838006 0.814041215909091 0.5655269439252337 0.8091684440559441 0.5938630514018692 0.8128868076923077 0.6027901775700935 0.8288122141608392 0.6116409190031152 0.8327332062937063 0.5933240186915888
0 0.8018684178321679 0.662099531152648 0.8138614178321678 0.6571017725856697 0.8159790218531469 0.6419847352024922 0.8119418767482517 0.6321086246105919 0.8056778225524476 0.6284557834890966 0.79793144493007 0.6353848691588785 0.7964491223776223 0.6459667943925234 0.8018684178321679 0.662099531152648
0 0.4824110708041959 0.8014310482866044 0.4911137928321678 0.7973489174454829 0.4952488286713287 0.7839533940809968 0.49184924737762237 0.775975253894081 0.48091504982517486 0.7734144937694704 0.4738062368881119 0.782241546728972 0.47211215384615385 0.7943351791277259 0.4824110708041959 0.8014310482866044
0 0.23842060664335665 0.9276479190031154 0.2377784763986014 0.9128837912772586 0.22408454458041957 0.9106759392523365 0.22079883479020979 0.9244577274143302 0.22303030856643355 0.93110061682243 0.23364572465034963 0.9327123925233646 0.23842060664335665 0.9276479190031154
0 0.5157416451048951 0.5022234408099688 0.5140338636363637 0.47571858878504675 0.5094684589160839 0.47283827881619944 0.5027831669580419 0.47864192523364485 0.500451520104895 0.4888375856697819 0.5026852770979021 0.5019135591900311 0.5157416451048951 0.5022234408099688
0 0.5185127945804195 0.5340359345794392 0.5108643068181818 0.5176933862928349 0.5035391678321678 0.515165984423676 0.4981290043706294 0.5247655700934579 0.503334256993007 0.5359769299065421 0.5148012788461539 0.5444080498442367 0.5185127945804195 0.5340359345794392
0 0.5158443784965036 0.7917120560747664 0.5098922578671329 0.7697089579439252 0.5001261669580419 0.7684834485981309 0.4982203225524476 0.7820887819314641 0.5021527298951048 0.7959372834890965 0.5080980017482517 0.7986411401869159 0.5158443784965036 0.7917120560747664
0 0.598103298951049 0.47536036292834893 0.5938543924825175 0.4669959579439252 0.5884396634615385 0.4637293816199377 0.5802697648601399 0.47368187383177573 0.5793202683566434 0.49013416199376947 0.5970444965034966 0.48291888161993773 0.598103298951049 0.47536036292834893
0 0.5369470856643357 0.13478902024922118 0.5342989388111888 0.15046877725856697 0.5484209571678322 0.16251938161993768 0.5525559921328671 0.1491238598130841 0.5487306075174825 0.13773604517133956 0.5369470856643357 0.13478902024922118
0 0.6033242526223777 0.23170919781931465 0.5978002194055945 0.21954885358255452 0.5904750795454546 0.21702145327102804 0.5846391127622378 0.2232113644859813 0.5839013758741258 0.23815194704049844 0.6009926057692307 0.2419048598130841 0.6033242526223777 0.23170919781931465
0 0.6455992674825175 0.31043188629283486 0.6436911416083916 0.3176041401869159 0.6480470690559441 0.32842923520249223 0.6570685743006993 0.3252960872274143 0.6555771188811189 0.310145691588785 0.6455992674825175 0.31043188629283486
0 0.4740722325174825 0.33533559813084113 0.4655721381118881 0.31217370404984424 0.45495672202797205 0.3105619299065421 0.4545377674825175 0.3264514984423676 0.46271679632867135 0.3422313255451713 0.47057247814685316 0.3441960093457944 0.4740722325174825 0.33533559813084113
0 0.4808305795454546 0.5353905218068535 0.4674531468531468 0.5276985747663552 0.45991168094405593 0.5138167149532711 0.44664127010489507 0.5085854563862928 0.43454581468531467 0.5239886869158878 0.4259478312937063 0.5240984283489096 0.4246772683566434 0.5331686510903426 0.43773591958041963 0.5399116137071651 0.4523907631118881 0.5578325778816199 0.4636414597902098 0.5549092414330218 0.4670341923076923 0.5435881433021806 0.4759532421328671 0.5508604672897196 0.4805163627622378 0.5473076978193147 0.4808305795454546 0.5353905218068535
0 0.6470952884615385 0.33844844080996883 0.6464622910839161 0.3494166323987539 0.65697525 0.3614338800623053 0.6611125690559441 0.354471437694704 0.6528265174825175 0.33623092211838007 0.6470952884615385 0.33844844080996883
0 0.6228655673076924 0.25989254049844235 0.6299857945804196 0.2832308878504673 0.6398589073426574 0.28691708566978197 0.6382604318181818 0.2693060015576324 0.6288108391608391 0.26259639719626165 0.6228655673076924 0.25989254049844235
0 0.6170387316433567 0.2918147741433022 0.6146000629370629 0.299549746105919 0.6234143732517483 0.3107944626168224 0.6277634519230769 0.30232031619937694 0.6243638706293707 0.2943421744548287 0.6170387316433567 0.2918147741433022
0 0.6152444755244756 0.3207469563862928 0.6107815262237762 0.30746117289719627 0.6043057124125875 0.3053200358255452 0.6018670437062937 0.3130550093457944 0.6051618863636363 0.3250055420560748 0.6123822858391609 0.33150533644859814 0.6152444755244756 0.3207469563862928
0 0.5983901188811189 0.38624622274143305 0.5944645611888112 0.3916969626168224 0.5981829248251749 0.40062408878504674 0.604977520979021 0.40371421028037385 0.607625666958042 0.38803445327102803 0.5983901188811189 0.38624622274143305
0 0.5615732097902097 0.4330186386292835 0.5585971494755244 0.42201709034267915 0.5434163286713286 0.41752500311526486 0.5401283356643357 0.4248737118380062 0.5457571083916084 0.4330616651090343 0.5587087377622377 0.4373439376947041 0.5615732097902097 0.4330186386292835
0 0.2727942805944056 0.8757443177570093 0.2744952124125874 0.8829499283489096 0.27078598164335665 0.8997551230529595 0.28341882867132867 0.9030884143302181 0.28064996153846156 0.8777090000000001 0.2727942805944056 0.8757443177570093
0 0.5747137701048951 0.3714584049844237 0.5742925314685314 0.38091489252336447 0.5837444064685314 0.3940575794392523 0.5863948365384616 0.38481090342679125 0.5808708015734266 0.37265055919003115 0.5747137701048951 0.3714584049844237
0 0.5521986774475525 0.33870659657320873 0.5468864047202797 0.32503454828660433 0.5412599143356643 0.32327967601246105 0.540094090909091 0.3283775062305296 0.543177173076923 0.3418397429906542 0.5480613601398602 0.34566903894080997 0.5521986774475525 0.33870659657320873
0 0.48020186888111893 0.2593307866043614 0.4854094047202797 0.2769752258566978 0.4942191494755245 0.27535378348909656 0.4946403863636364 0.26589729595015577 0.4903914807692307 0.2575328894080997 0.48020186888111893 0.2593307866043614
0 0.5029332867132867 0.3034370529595016 0.500171270104895 0.29735688161993773 0.492529631993007 0.3003135747663551 0.5002828575174825 0.312683730529595 0.5029332867132867 0.3034370529595016
0 0.5769343854895105 0.9457240700934579 0.5827703522727273 0.9395341573208723 0.589346340034965 0.9248367414330217 0.589130013986014 0.913482285046729 0.5805320297202797 0.9135920249221183 0.5755453863636363 0.9201682024922118 0.5728995227272727 0.94228103894081 0.5769343854895105 0.9457240700934579
0 0.5450858557692307 0.9344556635514019 0.5417978618881119 0.9418043707165109 0.5465773103146854 0.9496060591900313 0.5537954283216783 0.9496727725856698 0.5551707290209791 0.9366301573208723 0.5450858557692307 0.9344556635514019
0 0.7720852622377622 0.7876473286604361 0.7721968496503496 0.8029741775700934 0.7837663286713287 0.8009998255451714 0.7848251302447553 0.7934413068535826 0.7795151398601399 0.7862023380062305 0.7720852622377622 0.7876473286604361
0 0.7932841311188812 0.700807753894081 0.7905198312937063 0.6882945015576324 0.7807560236013986 0.6935020716510903 0.7819264125874126 0.7012704018691589 0.7932841311188812 0.700807753894081
0 0.6190059379370629 0.1520085218068536 0.6149665096153847 0.13569933021806854 0.6120997534965035 0.13359154984423677 0.6058402648601399 0.14280486915887852 0.608923347027972 0.1562671074766355 0.6148686188811189 0.15897096417445483 0.6190059379370629 0.1520085218068536
0 0.5620352631118881 0.23946350934579438 0.5593848339160838 0.24871018535825545 0.5686226652097902 0.2569314953271028 0.5719106590909091 0.24958278660436137 0.5685110777972028 0.2416046464174455 0.5620352631118881 0.23946350934579438
0 0.5576679204545454 0.1964730124610592 0.5605392421328671 0.2114469548286604 0.5662727534965034 0.21566251401869158 0.5682879029720279 0.21095094859813085 0.5640367132867133 0.19615346261682243 0.5576679204545454 0.1964730124610592