0 0.18293124369747898 0.299087609375 0.1773973844537815 0.32254452734375 0.121717756302521 0.37120135546875 0.10610528781512606 0.40169224609375 0.11336296218487395 0.4252027421875 0.15173755882352943 0.42536349609375 0.1583614117647059 0.44115185546875 0.15782847899159663 0.51255484765625 0.17378910714285714 0.551219125 0.16303830042016806 0.60199402734375 0.1515144075630252 0.6173847265625 0.1575740714285714 0.63928198046875 0.14428798529411765 0.65916832421875 0.14858545798319328 0.68556123046875 0.1356162794117647 0.7093086484375 0.154714756302521 0.72128951953125 0.16352572478991598 0.69881126953125 0.1695157605042017 0.70687748828125 0.15813113235294118 0.74993025 0.169439 0.80980362109375 0.1918842205882353 0.83659419140625 0.22627825210084035 0.8142231015625 0.287940787815126 0.8903896640625 0.2929800924369748 0.8868726796875 0.26218720588235295 0.797326328125 0.22705846638655464 0.73285014453125 0.23290923529411764 0.713254296875 0.26522416596638654 0.69151779296875 0.28365757142857145 0.63048242578125 0.2940530903361344 0.62730951953125 0.30818189285714287 0.6566384140625 0.30007437815126053 0.70066984375 0.2801644348739496 0.704767828125 0.2826997142857143 0.7356563828125 0.3003529054621849 0.7559939765625 0.3360145798319328 0.74906716796875 0.3445086407563025 0.72272784375 0.35402306302521014 0.72180276171875 0.35222961554621846 0.6610043125 0.3962077037815126 0.6515391796875 0.4084037983193277 0.59240755859375 0.4587968445378151 0.5572376796875 0.46890670588235295 0.6154978046875 0.42270311974789915 0.71469262109375 0.401278262605042 0.71331629296875 0.3716762542016807 0.74214035546875 0.35673598529411765 0.72889032421875 0.3601523613445378 0.7575310546875 0.38894290546218485 0.74478584765625 0.4135368592436975 0.78477287109375 0.4373961113445378 0.73791262109375 0.4519498382352941 0.73347055078125 0.4684050231092437 0.75219490234375 0.5079079957983194 0.74013786328125 0.5237677415966386 0.69967700390625 0.5514299096638655 0.69914958984375 0.536172731092437 0.682038484375 0.5592205168067227 0.65125709375 0.5389936680672269 0.6514940078125 0.5343792857142857 0.62124003515625 0.4935390399159664 0.604021765625 0.5034087521008404 0.5554946875 0.5423859180672269 0.49808347265625 0.5396033613445378 0.4771648828125 0.5236043508403361 0.48996366796875 0.5033078697478992 0.4763695546875 0.4596083088235294 0.5411588203125 0.4382530840336134 0.55361352734375 0.44900389285714287 0.502838625 0.47110094957983195 0.46047402734375 0.45841743067226887 0.42278841015625 0.4116567836134454 0.411334953125 0.4360105924369748 0.3445347734375 0.43252458403361344 0.3020630078125 0.4480674201680672 0.25774108203125 0.4432057605042017 0.2374570703125 0.3946757941176471 0.3472564296875 0.3794882457983193 0.34397636328125 0.3558066407563025 0.36703561328125 0.35584501890756304 0.31557254296875 0.3369554411764706 0.3450847734375 0.325045006302521 0.3427833671875 0.32325156092436974 0.28198491796875 0.372624243697479 0.221400796875 0.36776258403361345 0.2011167890625 0.34098151050420167 0.19939637890625 0.30679637394957987 0.26326056640625 0.2940048424369748 0.263206984375 0.2677495756302521 0.30684074609375 0.2507302037815126 0.2942252890625 0.2455516344537815 0.2700802109375 0.1975929831932773 0.25701351171875 0.19262331092436974 0.27436153125 0.17303027941176471 0.2823205859375 0.18293124369747898 0.299087609375
0 0.34034330462184875 0.840754171875 0.31751154411764704 0.7962715 0.30919512815126055 0.79880982421875 0.30373090126050417 0.83609777734375 0.3375223697478992 0.8712986484375 0.34034330462184875 0.840754171875
0 0.5229491491596638 0.83251303125 0.533870474789916 0.87469430078125 0.5501167626050419 0.85192554296875 0.5426501932773109 0.78692194140625 0.5229491491596638 0.83251303125
0 0.49912827731092435 0.82791021484375 0.4951477142857143 0.80537837890625 0.4838710987394958 0.810799109375 0.4789710588235294 0.8419781640625 0.49119840546218485 0.848140640625 0.49912827731092435 0.82791021484375
0 0.5971915756302522 0.3349173046875 0.6024781596638655 0.3214303515625 0.586656794117647 0.310428140625 0.5849329789915966 0.2634607265625 0.5699230777310924 0.23637965625 0.5798624243697479 0.20168361328125 0.5701007226890756 0.21257865625 0.5619932037815125 0.25661008203125 0.5509638676470588 0.2520608515625 0.5179539957983194 0.258839234375 0.5505005630252101 0.33729487890625 0.5693517647058823 0.35924571875 0.5773825210084033 0.41814042578125 0.6033905084033614 0.38447662890625 0.5971915756302522 0.3349173046875
0 0.5301273193277312 0.42662689453125 0.5114153865546218 0.432338125 0.5234650882352941 0.4623016015625 0.5301273193277312 0.42662689453125
0 0.4698716911764706 0.39356668359375 0.47712936344537815 0.4170771796875 0.497850768907563 0.3969003359375 0.47787119537815126 0.38716728515625 0.4698716911764706 0.39356668359375
0 0.45313797478991596 0.3195181953125 0.4848503382352941 0.35535365234375 0.5010966281512605 0.33258490234375 0.46642406302521006 0.2996318515625 0.45313797478991596 0.3195181953125
0 0.13052872689075629 0.3487231015625 0.13518148949579833 0.3275140078125 0.14476554411764705 0.34041996484375 0.16404166386554622 0.32859983984375 0.15002087394957983 0.26163891015625 0.13021894537815126 0.22810486328125 0.11517066386554621 0.252486859375 0.13052872689075629 0.3487231015625
0 0.11688022268907562 0.532968609375 0.11222745798319328 0.55417769921875 0.1578213487394958 0.629312015625 0.11688022268907562 0.532968609375
0 0.15003786974789915 0.56044734765625 0.1421463760504202 0.52921470703125 0.13284085084033614 0.571632890625 0.15542533613445378 0.62608552734375 0.16149213025210085 0.53122561328125 0.15003786974789915 0.56044734765625