0 0.23065075454545456 0.5551976564885496 0.27318562424242426 0.5559010648854962 0.3237531727272727 0.6135414503816794 0.36092854242424244 0.622309927480916 0.35355840606060607 0.6420287290076335 0.3649465272727273 0.6335197709923664 0.3833652878787879 0.6532573625954198 0.3769955393939394 0.7189252328244274 0.403455196969697 0.7093065687022901 0.35923274242424247 0.8448779961832061 0.3950748121212121 0.7866281641221373 0.40881140909090913 0.7357587862595419 0.4456571545454545 0.6889407366412215 0.4975695090909091 0.6927889122137405 0.5082885090909091 0.6766587671755725 0.540773496969697 0.7011135076335878 0.5615423848484848 0.6612320305343512 0.6000592757575758 0.6507255992366412 0.6268567757575758 0.6104002366412213 0.6419283181818182 0.6092905267175572 0.6432714787878787 0.5727569656488549 0.6690603787878788 0.5727757557251909 0.6683929060606061 0.5478959198473282 0.6881548303030303 0.5310999541984733 0.7102652393939394 0.4719435610687023 0.7531379545454545 0.4419402671755725 0.7367281818181818 0.4278076030534351 0.7561555515151515 0.40720103816793896 0.7615183393939394 0.36461867175572515 0.7554913666666667 0.34780391221374046 0.7347257666666667 0.3531680992366412 0.6931995 0.31212053435114506 0.6895193636363637 0.2702039961832061 0.7216763636363637 0.2218135610687023 0.7076134303030303 0.1825791183206107 0.6754547818181819 0.24822819465648854 0.6566981727272727 0.25919730534351143 0.6419644787878788 0.22960031679389312 0.616844696969697 0.23720271374045804 0.6155113939393939 0.17018440076335878 0.5977568181818181 0.20984393511450383 0.5766566606060606 0.21139753053435115 0.5656096757575758 0.15468249618320612 0.5582379 0.1916599389312977 0.5451753484848485 0.19837456870229006 0.5404882515151515 0.17954353816793894 0.5294346909090909 0.19186308778625955 0.5126903606060605 0.1739198282442748 0.48589614545454546 0.17972790076335876 0.4855632333333334 0.15865865648854963 0.470827893939394 0.14632031679389312 0.43431834848484846 0.17969031679389313 0.4001589303030303 0.15344124809160306 0.38106776363636363 0.16059976335877862 0.3810661181818182 0.17785840458015267 0.4202488363636364 0.20949045419847329 0.4369915242424242 0.24469236259541982 0.417902 0.23459223282442745 0.39110449696969696 0.2749175916030534 0.34019581818181815 0.2825011984732825 0.30201019696969694 0.33133551908396947 0.17105342727272727 0.36015393511450383 0.15397453939393937 0.3384000763358779 0.14426085757575757 0.3487033549618321 0.15195897575757575 0.4018297404580153 0.1988398121212121 0.4865881679389313 0.17472534545454543 0.4883636984732824 0.17639485151515152 0.5419339656488549 0.20319070606060605 0.518867248091603 0.21122338484848485 0.5758042213740457 0.23065075454545456 0.5551976564885496
0 0.04109868787878788 0.41766277480916025 0.0551632696969697 0.43963857633587783 0.047793133333333335 0.45935737022900763 0.06554278181818181 0.4714737709923664 0.0876499 0.44683467175572517 0.10071080606060606 0.45737868702290074 0.1295173 0.42265824427480914 0.1087517 0.4280224312977099 0.10205725757575757 0.3863278358778626 0.1191394303030303 0.3735644007633588 0.12048094848484849 0.35428948473282446 0.11110510909090911 0.333886072519084 0.09770800303030303 0.336790106870229 0.09033622424242424 0.3737675534351145 0.0645489696969697 0.3564901145038168 0.04109868787878788 0.41766277480916025
0 0.7571493606060605 0.5221846946564885 0.7578168333333334 0.5470645305343511 0.7836057333333334 0.547083324427481 0.7571493606060605 0.5221846946564885
0 0.6888190181818181 0.5904970763358779 0.6955200363636364 0.5631570916030534 0.7410708606060605 0.5463799122137404 0.6868166 0.5158575763358778 0.6821262151515152 0.5315438358778626 0.704564603030303 0.5452326221374045 0.6670513878787879 0.5671708358778625 0.6888190181818181 0.5904970763358779
0 0.7641865818181818 0.4813966564885496 0.793662193939394 0.45429740458015266 0.7675403787878787 0.4332093740458015 0.7561522636363637 0.4417183282442748 0.7641865818181818 0.4813966564885496
0 0.2911123393939394 1 0.3361170212121212 0.9098612557251908 0.3287501727272727 0.8950627595419847 0.2949170909090909 0.9589175152671756 0.28388780606060604 1 0.2911123393939394 1
0 0.42187231818181814 0.7463028015267175 0.41751320000000003 0.8003169503816794 0.40411444848484845 0.8204796335877863 0.4134902878787879 0.8408830458015267 0.42990499393939396 0.8032397748091603 0.43091524242424245 0.7456369770992366 0.42187231818181814 0.7463028015267175
0 0.6398523212121212 1 0.6382103757575758 0.9643228396946565 0.6224713636363636 0.9405527175572519 0.6060599484848485 0.9436786946564886 0.6021400303030303 1 0.6398523212121212 1
0 1 0.5028132251908397 0.9550883818181819 0.5133633969465649 0.8917895545454545 0.5007655305343511 0.8948022212121213 0.5178022328244275 0.9450368545454546 0.5543733778625954 0.9406810272727273 0.5738702328244275 0.9544126909090909 0.5747767900763359 0.9624486545454545 0.5971964732824427 1 0.6055144541984733 1 0.5028132251908397
0 0.36163382121212123 0.25024090839694657 0.36934015757575756 0.2170740610687023 0.36130419393939395 0.19465437786259543 0.33920036363636363 0.18477618702290077 0.3288159181818182 0.20471692748091602 0.3398661909090909 0.22691466793893128 0.3291471909090909 0.24304481297709923 0.36163382121212123 0.25024090839694657
0 0.011539157575757577 0.3566911984732824 0.03273145454545454 0.3569152061068703 0.026704481818181816 0.34010044274809165 0.01632168181818182 0.34278253816793897 0.01143429696969697 0.35344981297709926 0.011539157575757577 0.3566911984732824
0 0.016886733333333334 0.5219920992366412 0.021240915151515154 0.5715859694656489 0.14256505454545454 0.571271427480916 0.1539564606060606 0.528245179389313 0.13353035151515152 0.48564402290076336 0.12549110000000002 0.4977416297709924 0.11477538484848486 0.4793544885496183 0.04980048181818182 0.4822209389312977 0.018986642424242424 0.49407781297709924 0.01612309090909091 0.4983869312977099 0.016886733333333334 0.5219920992366412
0 0.27284284848484847 0.6383836984732825 0.2617892878787879 0.6507032480916031 0.2852346363636364 0.6413065267175573 0.27284284848484847 0.6383836984732825
0 0.3719771696969697 0.6617663167938932 0.36796083333333335 0.6332978282442748 0.33915762727272725 0.6335009809160306 0.3438430787878788 0.6695906564885495 0.3719771696969697 0.6617663167938932
0 0.1967848 0.9642253282442749 0.24434954242424245 0.9012771335877863 0.20148011212121214 0.8967631297709924 0.18607072727272728 0.9285795381679389 0.1967848 0.9642253282442749
0 0.40953969696969694 0.1220687251908397 0.4011708212121212 0.07857980152671755 0.33787199393939393 0.06598193511450381 0.3207898181818182 0.07874537022900764 0.32346792424242427 0.09197148091603054 0.30136409696969696 0.08209329007633587 0.2906434484848485 0.11548207633587786 0.33786377575757576 0.1522751641221374 0.3428887181818182 0.14039949618320613 0.3887724545454545 0.1446915572519084 0.40953969696969694 0.1220687251908397
0 0.5408310272727274 0.09706090458015268 0.5361324242424242 0.1990403969465649 0.5502052212121212 0.13472296564885497 0.5408310272727274 0.09706090458015268
0 0.5636138363636364 0.011008408396946565 0.541173803030303 0.014578270992366414 0.5294494848484849 0.0365352786259542 0.5445193818181818 0.052684213740458015 0.5652849818181819 0.04732002671755725 0.5796890484848485 0.02133048473282443 0.5636138363636364 0.011008408396946565
0 0.7059406424242424 0.16352614122137404 0.7508223484848485 0.1391277786259542 0.7200101515151516 0.1337260038167939 0.6968993606060606 0.14693332061068703 0.7059406424242424 0.16352614122137404
0 0.7856360909090909 0.3283258435114504 0.7739232787878787 0.2294723358778626 0.7608623727272728 0.21892831679389313 0.7692361818181818 0.21064130152671756 0.7200068636363636 0.16824329770992366 0.7102915363636364 0.19580522900763359 0.7300501757575758 0.21352654580152672 0.7032526727272728 0.2538519083969466 0.7079364818181818 0.3072002328244275 0.7337220909090909 0.3417363167938931 0.7641997303030303 0.3433274885496183 0.7856360909090909 0.3283258435114504