0 0.5835694050991501 0.7875 0.5495750708215298 0.7553571428571428 0.5368271954674221 0.7214285714285714 0.5538243626062322 0.7321428571428571 0.5821529745042493 0.6964285714285714 0.6303116147308782 0.6928571428571428 0.669971671388102 0.65 0.7946175637393768 0.6321428571428571 0.8087818696883853 0.6535714285714286 0.8186968838526912 0.6446428571428572 0.8158640226628895 0.5946428571428571 0.7790368271954674 0.5125 0.8016997167138811 0.5125 0.8045325779036827 0.4625 0.7776203966005666 0.48214285714285715 0.7747875354107648 0.42857142857142855 0.7549575070821529 0.44642857142857145 0.7152974504249292 0.44285714285714284 0.6728045325779037 0.38571428571428573 0.6388101983002833 0.375 0.6473087818696884 0.35714285714285715 0.6359773371104815 0.36428571428571427 0.6203966005665722 0.34464285714285714 0.6317280453257791 0.2839285714285714 0.6062322946175638 0.2910714285714286 0.6586402266288952 0.16785714285714284 0.6203966005665722 0.21964285714285714 0.603399433427762 0.26607142857142857 0.5651558073654391 0.30714285714285716 0.5169971671388102 0.3 0.5056657223796034 0.3142857142857143 0.4773371104815864 0.2892857142857143 0.4546742209631728 0.325 0.4178470254957507 0.33214285714285713 0.3895184135977337 0.3678571428571429 0.37535410764872523 0.3678571428571429 0.37110481586402266 0.4017857142857143 0.34702549575070823 0.4 0.34560906515580736 0.4232142857142857 0.32577903682719545 0.4375 0.3002832861189802 0.49107142857142855 0.2577903682719547 0.5160714285714286 0.2719546742209632 0.5303571428571429 0.2521246458923513 0.5482142857142858 0.24362606232294617 0.5875 0.24787535410764872 0.6035714285714285 0.26770538243626063 0.6 0.3031161473087819 0.6410714285714286 0.3031161473087819 0.6803571428571429 0.26912181303116145 0.7232142857142857 0.2790368271954674 0.7607142857142857 0.31444759206798867 0.7017857142857142 0.3328611898016997 0.6928571428571428 0.34419263456090654 0.7214285714285714 0.36827195467422097 0.7160714285714286 0.3640226628895184 0.7785714285714286 0.3838526912181303 0.7428571428571429 0.40368271954674223 0.7428571428571429 0.4093484419263456 0.7964285714285714 0.4192634560906516 0.7625 0.43201133144475923 0.7571428571428571 0.4348441926345609 0.775 0.4461756373937677 0.7642857142857142 0.4603399433427762 0.7821428571428571 0.48583569405099153 0.7785714285714286 0.48441926345609065 0.7982142857142858 0.4971671388101983 0.8107142857142857 0.5339943342776204 0.7821428571428571 0.5637393767705382 0.8089285714285714 0.5821529745042493 0.8035714285714286 0.5835694050991501 0.7875
0 0.8937677053824362 0.6428571428571429 0.9206798866855525 0.5875 0.9093484419263456 0.5660714285714286 0.9178470254957507 0.5482142857142858 0.9022662889518414 0.5357142857142857 0.8796033994334278 0.5571428571428572 0.8682719546742209 0.5464285714285714 0.8385269121813032 0.5767857142857142 0.8583569405099151 0.5732142857142857 0.8611898016997167 0.6125 0.8441926345609065 0.6232142857142857 0.8413597733711048 0.6410714285714286 0.8484419263456091 0.6607142857142857 0.8611898016997167 0.6589285714285714 0.8711048158640227 0.625 0.8937677053824362 0.6428571428571429
0 0.23796033994334279 0.4160714285714286 0.26062322946175637 0.44107142857142856 0.26203966005665724 0.41785714285714287 0.23796033994334279 0.4160714285714286
0 0.311614730878187 0.4232142857142857 0.34844192634560905 0.40535714285714286 0.330028328611898 0.3821428571428571 0.32152974504249293 0.40714285714285714 0.2776203966005666 0.41964285714285715 0.32577903682719545 0.4517857142857143 0.3314447592067989 0.4375 0.311614730878187 0.4232142857142857
0 0.2507082152974504 0.4785714285714286 0.22096317280453256 0.5017857142857143 0.24362606232294617 0.5232142857142857 0.254957507082153 0.5160714285714286 0.2507082152974504 0.4785714285714286
0 0.7521246458923513 0 0.6855524079320113 0.10892857142857143 0.6912181303116147 0.12321428571428572 0.7280453257790368 0.06607142857142857 0.7521246458923513 0
0 0.6147308781869688 0.1875 0.6076487252124646 0.16785714285714284 0.5892351274787535 0.2017857142857143 0.5835694050991501 0.25535714285714284 0.5920679886685553 0.25535714285714284 0.6005665722379604 0.20535714285714285 0.6147308781869688 0.1875
0 0.4093484419263456 0.0035714285714285713 0.40793201133144474 0.0375 0.4206798866855524 0.060714285714285714 0.43626062322946174 0.05892857142857143 0.4447592067988669 0.005357142857142857 0.4093484419263456 0.0035714285714285713
0 0.08781869688385269 0.3982142857142857 0.09348441926345609 0.38035714285714284 0.08073654390934844 0.37857142857142856 0.07507082152974505 0.35714285714285715 0.015580736543909348 0.3392857142857143 0.009915014164305949 0.3892857142857143 0 0.34464285714285714 0.00141643059490085 0.4357142857142857 0.009915014164305949 0.4142857142857143 0.0113314447592068 0.4303571428571429 0.029745042492917848 0.44285714285714284 0.07507082152974505 0.4357142857142857 0.13314447592067988 0.4517857142857143 0.13172804532577903 0.4357142857142857 0.08781869688385269 0.3982142857142857
0 0.6260623229461756 0.7446428571428572 0.6373937677053825 0.7303571428571428 0.6076487252124646 0.7214285714285714 0.5977337110481586 0.7517857142857143 0.603399433427762 0.7732142857142857 0.623229461756374 0.7839285714285714 0.6345609065155807 0.7660714285714286 0.6260623229461756 0.7446428571428572
0 0.9235127478753541 0.6446428571428572 0.9277620396600567 0.6607142857142857 0.9376770538243626 0.6589285714285714 0.9447592067988668 0.6464285714285715 0.9235127478753541 0.6446428571428572
0 0.9716713881019831 0.4875 0.9645892351274787 0.44642857142857145 0.8385269121813032 0.4375 0.8243626062322946 0.4767857142857143 0.839943342776204 0.5178571428571429 0.8484419263456091 0.5071428571428571 0.8569405099150141 0.525 0.9178470254957507 0.5267857142857143 0.9475920679886686 0.5178571428571429 0.9716713881019831 0.4875
0 0.7110481586402266 0.3625 0.7223796033994334 0.36607142857142855 0.7337110481586402 0.35535714285714287 0.7110481586402266 0.3625
0 0.6317280453257791 0.3375 0.6331444759206799 0.36428571428571427 0.660056657223796 0.36607142857142855 0.6586402266288952 0.33214285714285713 0.6317280453257791 0.3375
0 0.8201133144475921 0.06785714285714285 0.7705382436260623 0.12321428571428572 0.8101983002832861 0.13035714285714287 0.8271954674220963 0.10178571428571428 0.8201133144475921 0.06785714285714285
0 0.9376770538243626 0.8589285714285714 0.9461756373937678 0.8589285714285714 0.9390934844192634 0.8428571428571429 0.9376770538243626 0.8589285714285714
0 0.6303116147308782 0.8714285714285714 0.6501416430594901 0.8821428571428571 0.6628895184135978 0.8517857142857143 0.6218130311614731 0.8142857142857143 0.6161473087818697 0.825 0.5736543909348442 0.8178571428571428 0.5524079320113314 0.8375 0.556657223796034 0.8785714285714286 0.6147308781869688 0.8946428571428572 0.6317280453257791 0.8839285714285714 0.6303116147308782 0.8714285714285714
0 0.42209631728045327 0.8160714285714286 0.42776203966005666 0.8517857142857143 0.4405099150141643 0.7571428571428571 0.42209631728045327 0.8160714285714286
0 0.43342776203966005 0.9089285714285714 0.4206798866855524 0.8928571428571429 0.40084985835694054 0.8964285714285715 0.38526912181303113 0.9196428571428571 0.39943342776203966 0.9303571428571429 0.4206798866855524 0.9285714285714286 0.43342776203966005 0.9089285714285714
0 0.2790368271954674 0.7785714285714286 0.23512747875354106 0.7982142857142858 0.26345609065155806 0.8053571428571429 0.28611898016997167 0.7946428571428571 0.2790368271954674 0.7785714285714286
0 0.26062322946175637 0.7303571428571428 0.28895184135977336 0.6946428571428571 0.28895184135977336 0.6446428571428572 0.26770538243626063 0.6107142857142858 0.23937677053824363 0.6071428571428571 0.21813031161473087 0.6196428571428572 0.22096317280453256 0.7125 0.23229461756373937 0.7232142857142857 0.2237960339943343 0.7303571428571428 0.26628895184135976 0.7732142857142857 0.2776203966005666 0.7482142857142857 0.26062322946175637 0.7303571428571428