0 0.41632847916666665 0.5085057291666666 0.39968265509259254 0.48803166319444446 0.34822902546296297 0.5140610451388888 0.3602069305555556 0.5705551319444444 0.4133090138888889 0.5395528368055555 0.41632847916666665 0.5085057291666666
0 0.2991786180555555 0.21595506250000002 0.4077183935185185 0.2736587951388889 0.450739425925926 0.21456625694444445 0.5100998171296296 0.16712198958333332 0.5124482893518518 0.14297423958333333 0.5271972569444444 0.13504446527777778 0.5223970532407407 0.08858580902777778 0.4989380509259259 0.042351156249999994 0.4791856736111111 0.089750625 0.45231365046296296 0.10256371527777779 0.4369517523148148 0.09284189236111112 0.3848271273148148 0.12577062847222223 0.2486862777777778 0.11233030208333333 0.23977303009259257 0.14409422222222223 0.24088277777777775 0.2284993402777778 0.2644869282407407 0.21335659722222222 0.2991786180555555 0.21595506250000002
0 0.10032241666666666 0.28445578125 0.08593797685185185 0.27666040277777776 0.06819857638888889 0.30336180902777776 0.08579282870370371 0.3380377986111111 0.06774696064814816 0.3559134027777778 0.06030798611111111 0.45635728472222226 0.06742763194444444 0.4909436736111111 0.1583731574074074 0.5139714097222222 0.16194749537037037 0.5251268645833334 0.19141639814814815 0.5215427881944444 0.19373584027777777 0.5096705173611111 0.13748200462962964 0.48924124305555555 0.10025149537037038 0.45286280902777776 0.10595492824074074 0.3942182777777778 0.13023007175925927 0.37217618402777775 0.25486080092592595 0.4081514236111111 0.2843297013888889 0.4045673472222222 0.26260624074074074 0.31653334375 0.23255343287037036 0.29019034027777774 0.24009566666666668 0.28450061111111113 0.2338954189814815 0.276391625 0.24770881712962964 0.11040385416666666 0.2408375787037037 0.10919422569444444 0.24972179398148148 0.08970578819444446 0.2350018587962963 0.08536008680555555 0.2360373773148148 0.06273557291666666 0.22592729629629632 0.046920809027777774 0.20891694675925926 0.042171895833333334 0.17374461342592593 0.10440050694444444 0.1553051898148148 0.15027674305555555 0.15781497916666665 0.19633219444444444 0.11741985416666667 0.25237825694444443 0.1304913425925926 0.2616968715277778 0.1278073726851852 0.28929430208333334 0.09928690046296297 0.30708029861111114 0.10032241666666666 0.28445578125
0 0.26098681944444446 0.30923077430555557 0.26159975 0.3268823784722222 0.28625558796296297 0.42069571527777777 0.3850207800925926 0.45913500347222225 0.41250573611111113 0.4639735208333333 0.42694823379629626 0.4472179409722222 0.3391092638888889 0.3563166597222222 0.27014846990740743 0.3108436145833333 0.26098681944444446 0.30923077430555557
0 0.7971466527777777 0.3176534652777778 0.856055425925926 0.3227607881944444 0.8473163587962963 0.28087183680555555 0.7933819675925926 0.24857029166666667 0.7508415810185185 0.2428357534722222 0.7331312083333332 0.25726168055555554 0.7179886875 0.29319209375 0.6924296203703704 0.30448194791666666 0.6746031296296296 0.36800978472222223 0.7174209537037037 0.3948456006944444 0.7338473981481483 0.36966743402777774 0.7830106180555555 0.34323484375 0.7971466527777777 0.3176534652777778
0 0.8340254976851852 0.2259009861111111 0.846206613425926 0.19646671875 0.8694752685185185 0.18477365625 0.864004074074074 0.14521435763888887 0.8210991597222222 0.15520497569444444 0.8180796967592593 0.18625207986111111 0.8340254976851852 0.2259009861111111
0 0.6390210694444444 0.3266584409722222 0.5910094884259259 0.28136460069444447 0.5910675486111111 0.2568136423611111 0.5704538310185185 0.2531847569444444 0.5672149907407408 0.23857962152777779 0.5635825925925926 0.25197512847222225 0.5547564375 0.24691261111111112 0.545317349537037 0.22419849305555553 0.5305683842592592 0.23212827083333332 0.5269940462962963 0.22097281597222224 0.5236971435185185 0.23091864583333332 0.5057383680555555 0.2119678090277778 0.515571011574074 0.20668129166666666 0.5129741319444444 0.19745228125 0.49892518750000003 0.18620722222222222 0.4477780208333333 0.22106240625 0.4218253981481482 0.2603528958333333 0.43319037499999996 0.2991953784722222 0.5191615162037037 0.34941733333333336 0.5908353101851852 0.3550174756944445 0.6062552662037036 0.3401883402777778 0.6163653472222222 0.3560031006944444 0.6337111921296297 0.35730233333333333 0.6390210694444444 0.3266584409722222
0 0.2874557291666667 0.7437110520833333 0.17000270601851852 0.7177712465277778 0.13924988194444443 0.7106030763888889 0.10779703009259259 0.7226097430555556 0.09564494444444444 0.73976853125 0.09849023148148149 0.7823742986111112 0.1468373078703704 0.8242184583333334 0.26817113425925926 0.8701395243055555 0.3064661921296296 0.8716179652777778 0.2780328078703704 0.8525775243055556 0.2874557291666667 0.7437110520833333
0 0.17487383101851853 0.5958228750000001 0.19004538425925924 0.5476169826388889 0.09912888888888889 0.5123137638888889 0.07915713425925926 0.514061 0.0640436412037037 0.5377159340277777 0.06035318518518519 0.5756623958333333 0.07272464814814815 0.60415584375 0.13679814814814814 0.6399966701388888 0.1417725300925926 0.6128024513888889 0.16596058564814817 0.6275867951388889 0.18727432407407407 0.61204084375 0.17487383101851853 0.5958228750000001
0 0.3174923634259259 0.63847346875 0.3070467870370371 0.6261083854166667 0.32246674537037034 0.61127925 0.2408732199074074 0.6477920659722222 0.21855299305555556 0.6736870486111112 0.2777392037037037 0.69989565625 0.3696912175925926 0.7125743611111112 0.3628780370370371 0.6868137743055556 0.3389964513888889 0.6808552326388889 0.34623221527777776 0.666339704861111 0.30536930787037037 0.6433567743055556 0.3174923634259259 0.63847346875
0 0.36209092592592595 0.7428150451388889 0.3712816087962963 0.73215240625 0.3693557222222222 0.7160240381944445 0.2676000925925926 0.696356375 0.2544705486111111 0.7115887187500001 0.25572544212962967 0.7346164409722222 0.36209092592592595 0.7428150451388889
0 0.30219183101851854 0.87963734375 0.26149024305555557 0.9268576111111112 0.2626857337962963 0.9463661388888889 0.29925335879629633 0.9528035833333333 0.31495685185185185 0.88013015625 0.30219183101851854 0.87963734375
0 0.1705447152777778 0.9038298715277777 0.16950919907407408 0.9264543854166667 0.1894809513888889 0.9247071493055555 0.18691310416666665 0.9032026597222222 0.1705447152777778 0.9038298715277777
0 0.20545134027777778 0 0.20863951157407407 0.021070618055555556 0.2168237060185185 0.020757013888888887 0.21730487499999998 0 0.20545134027777778 0
0 0.2594693310185185 0 0.25581878472222225 0.0030606180555555556 0.26464493981481485 0.008123131944444445 0.25218638657407405 0.016456121527777777 0.24810237268518517 0.08240322222222222 0.25460908796296294 0.09933800694444445 0.2673741041666667 0.09983081944444444 0.27332594675925925 0.0745630451388889 0.2916202199074074 0.09006420138888889 0.2840489583333333 0.10802940625 0.33904790046296296 0.10543095833333332 0.35760344212962963 0.010452802083333332 0.34004583101851854 0 0.2594693310185185 0