0 0.10048764379084968 0.10431734130434782 0.13025110784313726 0.13515675217391304 0.17879339869281047 0.1317482152173913 0.2793010359477124 0.07310148260869566 0.29199954901960784 0.026108745652173915 0.261967137254902 0.03151049347826087 0.23487462745098037 0.01585055652173913 0.12014311437908497 0.023906760869565214 0.0919961797385621 0.07308189782608697 0.007108192810457516 0.11604554347826086 0.0294328431372549 0.4805089652173913 0.038330467320261435 0.5027363086956522 0.05123406209150327 0.4941467326086957 0.08040045098039215 0.4997822434782609 0.07510412418300653 0.46063893260869565 0.044948666666666665 0.44299878260869563 0.022751450980392156 0.3567458543478261 0.01710882026143791 0.16615190217391304 0.028467281045751636 0.12803441739130433 0.058891686274509795 0.1094334108695652 0.10048764379084968 0.10431734130434782
0 1 0.5205947586956522 0.9879634215686274 0.5326478173913044 0.9894675359477124 0.5544950956521739 0.9558890130718956 0.588684602173913 0.9267636405228759 0.5907297239130436 0.8571772712418301 0.5506125021739131 0.8079148594771242 0.5057752413043478 0.7272799869281046 0.4752149782608696 0.7135513888888889 0.5025224434782609 0.6687192810457516 0.507865747826087 0.6176609673202614 0.5597473173913043 0.5959559509803921 0.5656619760869565 0.5307588758169934 0.5680446891304348 0.4852886732026144 0.5405034608695652 0.40982707843137256 0.5260446108695652 0.3850909934640523 0.5705896673913043 0.3233761666666667 0.6188289369565217 0.3019172516339869 0.6708273891304348 0.2880656045751634 0.6750929565217391 0.25195288235294117 0.6677499130434783 0.22132339869281045 0.6479477586956521 0.21658313071895427 0.6263277173913043 0.1442756568627451 0.5962803673913044 0.13440313071895424 0.5662395456521739 0.05032702614379085 0.4975033565217391 0.05838547712418301 0.5342574282608696 0.1259708594771242 0.6326903195652175 0.21202510784313724 0.7254357891304348 0.2867847483660131 0.7816544239130435 0.1889572026143791 0.822550652173913 0.16603518954248364 0.8603824608695653 0.20480516013071895 0.93229995 0.277332477124183 1 0.6006449379084967 1 1 0.9719581326086957 1 0.7191623847826087 0.9991303071895425 0.7184632913043478 1 0.716624045652174 1 0.5205947586956522
0 0.5595607843137255 0.3322239739130435 0.5728973888888889 0.3181157695652174 0.5555224705882353 0.2688441456521739 0.569251068627451 0.24153668260869565 0.5585535424836601 0.23021374782608697 0.5317162679738562 0.22770762608695652 0.5035799640522876 0.2417573891304348 0.4959316797385621 0.2818096434782609 0.5344555522875817 0.3076433391304348 0.5627330784313725 0.40664105652173915 0.6572377679738562 0.5229413347826086 0.658887774509804 0.4855055586956522 0.5727514967320261 0.37739882391304347 0.5595607843137255 0.3322239739130435
0 0.6768005751633988 0.4622948673913044 0.6580035784313726 0.4065372304347826 0.6217267941176471 0.3684716586956522 0.6471191437908497 0.4468167195652174 0.6768005751633988 0.4622948673913044
0 0.30835321241830066 0.49036175 0.3126194509803922 0.5098197869565217 0.3339324705882353 0.5171043891304348 0.34869115359477126 0.509482197826087 0.33148030392156863 0.4909331043478261 0.3369635424836601 0.47847399130434787 0.30835321241830066 0.49036175
0 0.2837038300653595 0.37793753695652177 0.2877239705882353 0.3513117804347826 0.24466491503267973 0.3422612043478261 0.19336050326797385 0.3480589804347826 0.17911686274509803 0.36552380869565215 0.19676071895424835 0.37855427391304347 0.24163384640522878 0.38089160217391305 0.23390352614379084 0.4055825891304348 0.2841139934640523 0.4547438586956522 0.2888542614379085 0.4763639 0.3313982712418301 0.47557183913043477 0.3071590588235294 0.43995394782608693 0.30833503594771244 0.40035616739130436 0.2837038300653595 0.37793753695652177
0 0.27992979084967323 0.4506470869565218 0.23390352614379084 0.4055825891304348 0.2518163300653595 0.382371897826087 0.19352456535947712 0.37878151086956524 0.17260353921568627 0.3582976478260869 0.15969994444444446 0.36688722391304346 0.16254410457516338 0.37985924782608693 0.18804133333333334 0.39124062173913043 0.18066199019607843 0.39505171739130435 0.17229357843137255 0.38685817391304345 0.1455793529411765 0.40739394782608696 0.13055172875816995 0.451257297826087 0.1124338431372549 0.4360648260869565 0.12010030065359477 0.48601815652173913 0.10995883333333333 0.49221849347826085 0.09878728104575163 0.4787335565217391 0.10305351960784313 0.4981915934782609 0.11323600326797385 0.49967188913043475 0.10321758823529412 0.5289141217391304 0.1475118071895425 0.5960531326086956 0.214213 0.615517697826087 0.2474815620915033 0.6098887152173913 0.2566339607843137 0.5916837391304347 0.28627437581699344 0.5994812543478261 0.2866663692810458 0.5862819934782608 0.2611691405228758 0.5749006195652174 0.28240013071895426 0.5668239565217391 0.27197154575163396 0.5192598652173913 0.2797838954248366 0.5099301413043479 0.25436870261437905 0.5139100326086957 0.23897192483660132 0.4886476891304348 0.2532565816993464 0.4788634934782609 0.23746781372549017 0.4668004130434783 0.25688472875817 0.465436997826087 0.26956039869281045 0.5007692130434782 0.2893282875816994 0.4785259043478261 0.27992979084967323 0.4506470869565218
0 0.08925222875816993 0.16547672173913044 0.09335440196078432 0.1542122304347826 0.08131683006535947 0.15176455 0.07630761764705883 0.16638566521739132 0.08925222875816993 0.16547672173913044
0 0.11522348366013073 0.1790201 0.11514145098039215 0.16365883695652172 0.09986772549019608 0.16143839130434784 0.09438448692810457 0.17389750217391306 0.11522348366013073 0.1790201
0 0.12835033333333334 0.2988392695652174 0.18738506535947713 0.2683505043478261 0.16137279411764704 0.24712649565217393 0.1240020588235294 0.2640199695652174 0.12835033333333334 0.2988392695652174
0 0.5580203267973857 0.13036552826086956 0.5074588823529412 0.10208415217391305 0.5071079019607843 0.1229640456521739 0.5474868627450981 0.1497651239130435 0.5618125392156863 0.14766156086956522 0.5580203267973857 0.13036552826086956
0 0.3105275980392157 0.11810753913043479 0.25357588562091504 0.10564190000000001 0.3471963790849673 0.14297385 0.3105275980392157 0.11810753913043479
0 0.3860530555555555 0.057922069565217386 0.35515462418300653 0.07436107173913044 0.3824659281045752 0.07902919782608696 0.3860530555555555 0.057922069565217386
0 0.5913387385620915 0.5670838326086957 0.6204230947712418 0.5573580782608696 0.664576091503268 0.5114496065217391 0.6463351568627451 0.47321524130434783 0.6366267026143791 0.47389694782608693 0.6543115751633988 0.4946080456521739 0.6399859019607843 0.4967116086956522 0.585117202614379 0.4412915630434783 0.5231562777777778 0.44344703913043476 0.4913508104575164 0.46324266521739127 0.4238656307189543 0.47017662173913044 0.4059118137254902 0.4857066804347826 0.40141764705882355 0.5101704326086957 0.4130632287581699 0.5258173760869566 0.4639756503267974 0.5332188586956522 0.5409413594771242 0.5695249847826087 0.5913387385620915 0.5670838326086957