0 0.49455176567164183 0.157128741 0.4905610007462686 0.150471412 0.47487517611940294 0.15086021600000002 0.4647070813432836 0.15596533299999998 0.4743718723880597 0.15834262799999999 0.49455176567164183 0.157128741
0 0.48020281641791046 0.102054628 0.4600923865671642 0.09927013999999999 0.4437816947761194 0.11413851200000001 0.44558620597014925 0.117709804 0.4500976402985075 0.11588512699999999 0.45332492238805966 0.12351296499999999 0.4448224104477612 0.140186124 0.45028804328358213 0.147901216 0.45512912164179103 0.148590068 0.48752474626865666 0.131848042 0.4876289425373134 0.12585047900000002 0.4817642029850746 0.11962023399999999 0.48020281641791046 0.102054628
0 0.4332312343283582 0.162740505 0.43869717910447764 0.148949786 0.43245069701492533 0.143204796 0.42878926492537317 0.160566806 0.4332312343283582 0.162740505
0 0.44211517537313433 0.167087903 0.440328030597015 0.162517017 0.43062850746268655 0.16213890900000003 0.4256658671641791 0.168447216 0.4259951985074627 0.192466554 0.42821618432835823 0.193553403 0.43966843208955225 0.17899577300000002 0.44211517537313433 0.167087903
0 0.4430166514925373 0.222638075 0.44423134104477613 0.217183937 0.4379327611940298 0.214437727 0.42654997761194025 0.224996982 0.42136188955223874 0.222794198 0.4170585358208955 0.234129559 0.4229406417910448 0.239360209 0.42576912835820896 0.226967084 0.42788591716417906 0.23405149700000002 0.4345836052238806 0.235312858 0.4351216402985075 0.22583125899999998 0.4430166514925373 0.222638075
0 0.4334557462686567 0.235769027 0.43166860074626867 0.231198141 0.4264631470149253 0.22999495099999998 0.42212506044776116 0.2433295 0.4308353410447761 0.257672837 0.4334557462686567 0.235769027
0 0.4475792492537314 0.282332049 0.4523164425373134 0.267512652 0.4385219589552239 0.266474779 0.4423737955223881 0.28112885899999995 0.4475792492537314 0.282332049
0 0.4482391589552239 0.244347482 0.44355437611940296 0.234662287 0.43982379029850743 0.23451686000000002 0.43843544104477616 0.249966938 0.44362352910447755 0.252169722 0.4482391589552239 0.244347482
0 0.4826982268656716 0.323711894 0.47875000522388056 0.31490664199999996 0.4738142858208956 0.319364496 0.4714370067164179 0.327273992 0.4710028552238806 0.352263838 0.4732238402985075 0.35335068799999997 0.47423044850746265 0.338385865 0.4826982268656716 0.323711894
0 0.535291423880597 0.283250577 0.5263727514925373 0.28090236700000004 0.5213927440298508 0.28821026699999996 0.5258173485074626 0.29138356 0.5276736462686566 0.313461881 0.5306407485074627 0.314577814 0.5377378559701492 0.29284851700000003 0.535291423880597 0.283250577
0 0.5349617805970149 0.28073705 0.5373564268656716 0.271827961 0.5348231641791045 0.26722798999999997 0.5306413723880598 0.271566193 0.5349617805970149 0.28073705
0 0.5264598932835821 0.254398586 0.5282299843283582 0.238463255 0.5220182350746269 0.230719077 0.5234927910447761 0.253282652 0.5264598932835821 0.254398586
0 0.53584745 0.229757763 0.5341120910447761 0.243693906 0.5362288798507463 0.250778319 0.5430481298507462 0.24504252199999998 0.5461888932835821 0.23616251900000002 0.5444364791044777 0.229592445 0.53584745 0.229757763