0 0.32265625 0.3145833333333333 0.33203125 0.30069444444444443 0.33359375 0.2798611111111111 0.345703125 0.25416666666666665 0.355078125 0.25555555555555554 0.362890625 0.28194444444444444 0.378515625 0.275 0.38203125 0.26875 0.384375 0.25069444444444444 0.38046875 0.18125 0.38359375 0.14791666666666667 0.393359375 0.10277777777777777 0.398046875 0.10138888888888889 0.404296875 0.10833333333333334 0.43671875 0.1673611111111111 0.43671875 0.18125 0.433984375 0.18611111111111112 0.412109375 0.20416666666666666 0.407421875 0.21805555555555556 0.435546875 0.21666666666666667 0.466015625 0.19305555555555556 0.472265625 0.17777777777777778 0.4828125 0.1701388888888889 0.484375 0.1326388888888889 0.490625 0.11875 0.483203125 0.06111111111111111 0.478125 0.06597222222222222 0.47578125 0.08402777777777778 0.47421875 0.15763888888888888 0.467578125 0.17083333333333334 0.459765625 0.17083333333333334 0.45546875 0.16319444444444445 0.448046875 0 0.4359375 0.0006944444444444445 0.439453125 0.13333333333333333 0.419140625 0.09722222222222222 0.39296875 0.07291666666666667 0.39296875 0.059027777777777776 0.40390625 0.0006944444444444445 0.39296875 0.0020833333333333333 0.38203125 0.06180555555555556 0.36875 0.0798611111111111 0.36640625 0.09097222222222222 0.36796875 0.22013888888888888 0.365234375 0.22916666666666666 0.341796875 0.22361111111111112 0.33203125 0.23402777777777778 0.32265625 0.27152777777777776 0.31875 0.3076388888888889
0 0.89921875 0.7243055555555555 0.976953125 0.7027777777777777 1 0.6770833333333334 1 0.3909722222222222 0.97890625 0.35208333333333336 0.96953125 0.3076388888888889 0.958984375 0.2875 0.917578125 0.24861111111111112 0.9 0.2048611111111111 0.865234375 0.14305555555555555 0.821484375 0.10555555555555556 0.764453125 0.08333333333333333 0.687109375 0.07222222222222222 0.662890625 0.075 0.648046875 0.09027777777777778 0.6421875 0.10208333333333333 0.64296875 0.11875 0.673828125 0.15694444444444444 0.6828125 0.17708333333333334 0.676171875 0.18611111111111112 0.667578125 0.18611111111111112 0.644921875 0.2013888888888889 0.64296875 0.21041666666666667 0.646484375 0.21944444444444444 0.681640625 0.25416666666666665 0.726171875 0.28888888888888886 0.838671875 0.33194444444444443 0.855078125 0.34305555555555556 0.86171875 0.36180555555555555 0.86171875 0.39375 0.85859375 0.40347222222222223 0.8609375 0.4270833333333333 0.85859375 0.4326388888888889 0.8625 0.4479166666666667 0.85859375 0.4701388888888889 0.85859375 0.50625 0.8546875 0.5159722222222223 0.8578125 0.5868055555555556 0.85546875 0.6131944444444445 0.847265625 0.6222222222222222 0.784765625 0.6444444444444445 0.780078125 0.6402777777777777 0.765234375 0.6513888888888889 0.753515625 0.6763888888888889 0.7453125 0.6770833333333334 0.7453125 0.7006944444444444 0.764453125 0.7097222222222223 0.812890625 0.7166666666666667 0.819921875 0.7222222222222222
0 0.2875 0.2548611111111111 0.28984375 0.2520833333333333 0.2890625 0.2298611111111111 0.291015625 0.2263888888888889 0.294140625 0.23194444444444445 0.29453125 0.22430555555555556 0.281640625 0.21944444444444444 0.27890625 0.19375 0.275390625 0.19027777777777777 0.28046875 0.25069444444444444
0 0.321875 0.3145833333333333 0.33125 0.30069444444444443 0.33125 0.2701388888888889 0.3390625 0.2520833333333333 0.337890625 0.24861111111111112 0.325 0.2548611111111111 0.321875 0.27152777777777776 0.3234375 0.29375 0.31640625 0.29930555555555555 0.31875 0.30486111111111114 0.3171875 0.3145833333333333
0 0.365625 0.28125 0.371875 0.27291666666666664 0.37265625 0.2590277777777778 0.36953125 0.22291666666666668 0.365234375 0.21388888888888888 0.3578125 0.2298611111111111 0.359375 0.2465277777777778 0.353125 0.2520833333333333 0.3625 0.2590277777777778 0.3640625 0.2659722222222222 0.3609375 0.2798611111111111
0 0.39296875 0.09513888888888888 0.39296875 0.06319444444444444 0.3984375 0.024305555555555556 0.387109375 0.016666666666666666 0.38359375 0.021527777777777778 0.38515625 0.04236111111111111 0.37890625 0.049305555555555554 0.3796875 0.06597222222222222 0.374609375 0.075 0.364453125 0.07361111111111111 0.36328125 0.07847222222222222 0.369140625 0.08333333333333333 0.377734375 0.07777777777777778 0.38203125 0.07013888888888889 0.38125 0.05625 0.388671875 0.05277777777777778 0.3921875 0.07013888888888889 0.390625 0.09236111111111112
0 0.2765625 0.16597222222222222 0.28125 0.15486111111111112 0.2734375 0.14097222222222222 0.281640625 0.1361111111111111 0.312109375 0.1375 0.31171875 0.16041666666666668 0.319140625 0.16527777777777777 0.326171875 0.1638888888888889 0.33125 0.15486111111111112 0.328125 0.14791666666666667 0.337109375 0.14166666666666666 0.33984375 0.15486111111111112 0.346484375 0.15833333333333333 0.35546875 0.12152777777777778 0.35546875 0.11458333333333333 0.348828125 0.10555555555555556 0.341015625 0.10972222222222222 0.326953125 0.10416666666666667 0.31796875 0.11180555555555556 0.32421875 0.12013888888888889 0.31328125 0.13541666666666666 0.31484375 0.10486111111111111 0.31171875 0.09652777777777778 0.3125 0.07569444444444444 0.309765625 0.06527777777777778 0.30546875 0.06597222222222222 0.31015625 0.05486111111111111 0.300390625 0.04722222222222222 0.2890625 0.04652777777777778 0.2875 0.02847222222222222 0.29609375 0.021527777777777778 0.294921875 0 0.26015625 0.0006944444444444445 0.26953125 0.035416666666666666 0.26640625 0.04236111111111111 0.2703125 0.059027777777777776 0.26875 0.12986111111111112 0.271875 0.16041666666666668
0 0.534375 0.8979166666666667 0.5453125 0.8770833333333333 0.541796875 0.8666666666666667 0.535546875 0.8708333333333333 0.5296875 0.8868055555555555
0 0.56953125 0.8604166666666667 0.575 0.8368055555555556 0.573046875 0.8277777777777777 0.567578125 0.825 0.5625 0.8298611111111112 0.559375 0.8451388888888889 0.563671875 0.8569444444444444
0 0.490625 1 0.49375 0.9854166666666667 0.491015625 0.9736111111111111 0.486328125 0.9722222222222222 0.4765625 0.98125 0.474609375 1
0 0.5625 0.96875 0.56953125 0.9631944444444445 0.566796875 0.9527777777777777 0.546484375 0.9402777777777778 0.540625 0.9423611111111111 0.548828125 0.9680555555555556