0 0.34884615384615386 0.2471131639722864 0.365 0.23325635103926096 0.38346153846153846 0.23787528868360278 0.4288461538461538 0.23325635103926096 0.445 0.24018475750577367 0.47115384615384615 0.24133949191685913 0.48346153846153844 0.2517321016166282 0.4980769230769231 0.25635103926096997 0.5030769230769231 0.24884526558891454 0.5069230769230769 0.22690531177829099 0.4888461538461538 0.19399538106235567 0.47115384615384615 0.19861431870669746 0.4596153846153846 0.1928406466512702 0.4096153846153846 0.1859122401847575 0.38961538461538464 0.18937644341801385 0.3526923076923077 0.18706697459584296 0.3334615384615385 0.16859122401847576 0.30653846153846154 0.15935334872979215 0.30153846153846153 0.16685912240184758 0.29923076923076924 0.18995381062355657 0.2823076923076923 0.20496535796766743 0.28115384615384614 0.21362586605080833 0.285 0.2090069284064665 0.29 0.21304849884526558 0.2823076923076923 0.22575057736720555 0.2815384615384615 0.24307159353348728 0.2857692307692308 0.2540415704387991 0.31076923076923074 0.2707852193995381 0.33192307692307693 0.2471131639722864 0.34884615384615386 0.2471131639722864
0 0.3334615384615385 0.4665127020785219 0.3353846153846154 0.46016166281755194 0.3353846153846154 0.4532332563510393 0.3269230769230769 0.4382217090069284 0.32384615384615384 0.41859122401847576 0.32769230769230767 0.4128175519630485 0.33384615384615385 0.3816397228637413 0.3303846153846154 0.37528868360277134 0.3219230769230769 0.371824480369515 0.31038461538461537 0.3533487297921478 0.30653846153846154 0.3579676674364896 0.30038461538461536 0.3556581986143187 0.2953846153846154 0.3689376443418014 0.2946153846153846 0.38856812933025403 0.29 0.3931870669745958 0.2953846153846154 0.42321016166281755 0.3180769230769231 0.4653579676674365 0.3269230769230769 0.4682448036951501 0.3296153846153846 0.46420323325635104 0.3334615384615385 0.4665127020785219
0 0.39692307692307693 0.5606235565819861 0.3930769230769231 0.5490762124711316 0.3930769230769231 0.542147806004619 0.3976923076923077 0.5363741339491916 0.38269230769230766 0.5334872979214781 0.35923076923076924 0.5710161662817552 0.3657692307692308 0.5727482678983834 0.3680769230769231 0.5635103926096998 0.3726923076923077 0.569284064665127 0.37615384615384617 0.5583140877598153 0.37846153846153846 0.5594688221709007 0.37615384615384617 0.6183602771362586 0.3719230769230769 0.6200923787528868 0.36730769230769234 0.6108545034642032 0.36 0.6125866050808314 0.37346153846153846 0.6304849884526559 0.39 0.6426096997690531 0.3976923076923077 0.5952655889145496 0.39692307692307693 0.5606235565819861
0 0.4346153846153846 0.6172055427251733 0.4423076923076923 0.5698614318706697 0.4423076923076923 0.5594688221709007 0.43576923076923074 0.5484988452655889 0.4207692307692308 0.5583140877598153 0.42153846153846153 0.5721709006928406 0.41615384615384615 0.5790993071593533 0.4107692307692308 0.598729792147806 0.41307692307692306 0.6345265588914549 0.42346153846153844 0.6466512702078522 0.4323076923076923 0.6472286374133949 0.4430769230769231 0.6391454965357968 0.4346153846153846 0.6172055427251733
0 0.43653846153846154 0.46882217090069284 0.4376923076923077 0.45669745958429564 0.42653846153846153 0.4491916859122402 0.40807692307692306 0.4653579676674365 0.39153846153846156 0.47170900692840645 0.40384615384615385 0.48903002309468824 0.4034615384615385 0.4953810623556582 0.41 0.49480369515011546 0.4046153846153846 0.48903002309468824 0.43653846153846154 0.46882217090069284
0 0.5161538461538462 0.4312933025404157 0.5161538461538462 0.4266743648960739 0.5088461538461538 0.4168591224018476 0.48115384615384615 0.4226327944572748 0.4703846153846154 0.43187066974595845 0.4623076923076923 0.44630484988452657 0.4642307692307692 0.4561200923787529 0.4723076923076923 0.4578521939953811 0.5073076923076923 0.44226327944572746 0.5161538461538462 0.4312933025404157
0 0.47307692307692306 0.516743648960739 0.475 0.523094688221709 0.47923076923076924 0.5236720554272517 0.47884615384615387 0.5184757505773672 0.47307692307692306 0.516743648960739
0 0.4723076923076923 0.49480369515011546 0.47615384615384615 0.4821016166281755 0.47115384615384615 0.47575057736720555 0.4553846153846154 0.48903002309468824 0.45653846153846156 0.4953810623556582 0.46692307692307694 0.5005773672055427 0.4646153846153846 0.5086605080831409 0.4676923076923077 0.5155889145496536 0.4753846153846154 0.50635103926097 0.4723076923076923 0.49480369515011546
0 0.44346153846153846 0.5046189376443418 0.43615384615384617 0.5075057736720554 0.4369230769230769 0.516743648960739 0.44 0.51905311778291 0.44461538461538463 0.5155889145496536 0.44346153846153846 0.5046189376443418
0 0.4346153846153846 0.5086605080831409 0.42346153846153844 0.5046189376443418 0.4157692307692308 0.5092378752886836 0.40692307692307694 0.5178983833718245 0.40923076923076923 0.5259815242494227 0.43346153846153845 0.5196304849884527 0.4346153846153846 0.5086605080831409
0 0.2453846153846154 0.3285219399538106 0.2423076923076923 0.3123556581986143 0.24846153846153846 0.30658198614318705 0.24884615384615386 0.3002309468822171 0.23115384615384615 0.302540415704388 0.215 0.3117782909930716 0.20076923076923076 0.3262124711316397 0.19846153846153847 0.33429561200923785 0.20076923076923076 0.3539260969976905 0.2123076923076923 0.35854503464203236 0.24307692307692308 0.3377598152424942 0.2453846153846154 0.3285219399538106
0 0.2630769230769231 0.3966512702078522 0.2630769230769231 0.38972286374133946 0.24961538461538463 0.3741339491916859 0.24192307692307694 0.37644341801385683 0.23384615384615384 0.3966512702078522 0.2353846153846154 0.42321016166281755 0.2403846153846154 0.4295612009237875 0.2469230769230769 0.4289838337182448 0.25461538461538463 0.4220554272517321 0.2630769230769231 0.3966512702078522
0 0.19 0.34699769053117785 0.18307692307692308 0.32505773672055427 0.1726923076923077 0.3163972286374134 0.1676923076923077 0.32505773672055427 0.1723076923076923 0.33545034642032334 0.17153846153846153 0.34699769053117785 0.16884615384615384 0.34988452655889146 0.165 0.3464203233256351 0.16076923076923078 0.355080831408776 0.16615384615384615 0.37240184757505773 0.1726923076923077 0.3810623556581986 0.1776923076923077 0.3816397228637413 0.18846153846153846 0.3689376443418014 0.19 0.34699769053117785