0 0.5875230282608696 0.07124679738562091 0.5825279456521739 0.010189640522875817 0.5354141108695653 0.009365519607843136 0.545445452173913 0.07554345098039215 0.5875230282608696 0.07124679738562091
0 0.4882370304347826 0.1414507222222222 0.47722948695652173 0.08023139869281046 0.49980647173913045 0.06712769607843137 0.49157738260869566 0.008598725490196078 0.48256872608695656 0.008441143790849674 0.44818594130434786 0.0133019477124183 0.4640559217391304 0.14982524183006538 0.4882370304347826 0.1414507222222222
0 0.33541072391304344 0.1002807614379085 0.3426229869565217 0.06622140849673203 0.3390914043478261 0.033680944444444444 0.33426413043478265 0.029407431372549017 0.30095820869565215 0.03411599346405229 0.2914653260869565 0.03711001960784314 0.30754893260869565 0.17525510130718955 0.34247388695652176 0.16536168954248365 0.33541072391304344 0.1002807614379085
0 0.3802539260869565 0.16167259477124182 0.4219783456521739 0.1541218954248366 0.40524846956521743 0.019372153594771242 0.37294197608695656 0.02393942156862745 0.36237470652173914 0.027085336601307186 0.3802539260869565 0.16167259477124182
0 0.6880725608695651 0.1131993431372549 0.6723968260869566 0.01176163725490196 0.6269443891304348 0.01096657843137255 0.6488500673913044 0.12370030718954249 0.6880725608695651 0.1131993431372549
0 0.5000482369565218 0.5015660294117648 0.5383729239130435 0.4928439738562092 0.5414493195652174 0.47093322875816995 0.5348711630434783 0.44047545424836604 0.5164300456521739 0.44143054575163393 0.4913259934782609 0.2302213071895425 0.4701914608695652 0.23651313725490195 0.5000482369565218 0.5015660294117648
0 0.34463054347826083 0.5169299738562092 0.3833083869565217 0.5114619607843137 0.38529548695652177 0.49961713398692814 0.38141074782608697 0.4638226241830065 0.3703137434782609 0.4620874705882353 0.3520091586956522 0.2532209411764706 0.31368447173913044 0.261943 0.34463054347826083 0.5169299738562092
0 0.4154080760869565 0.47553618300653594 0.42701990652173916 0.49206643464052285 0.4345555086956522 0.48108918300653597 0.4413251543478261 0.5032599509803921 0.46156188260869563 0.4987470359477124 0.43116045869565217 0.2387270980392157 0.3885382347826087 0.24805671241830066 0.4154080760869565 0.47553618300653594
0 0.6943650869565218 0.4526190163398693 0.7274646086956521 0.46611148366013067 0.74128485 0.44268184640522873 0.7015522130434783 0.19719699019607842 0.6571343782608695 0.21008442810457517 0.6734989326086956 0.2804583366013072 0.6943650869565218 0.4526190163398693
0 0.7783208652173913 0.10044065359477124 0.7636364978260869 0.013357611111111112 0.7180529 0.01256025816993464 0.7365964456521739 0.10799135294117648 0.7783208652173913 0.10044065359477124
0 0.8306055282608696 0.45153012745098037 0.7896517456521739 0.18474208169934642 0.7448807543478261 0.19437547385620915 0.7654235673913042 0.34345404901960785 0.7831709391304348 0.4466721960784314 0.8306055282608696 0.45153012745098037