0 0.4384665622009569 0.575546015503876 0.45502597846889953 0.5820848217054264 0.4661521650717704 0.5741611240310077 0.4724571148325359 0.5363402790697674 0.4590501722488038 0.5108910465116279 0.4599681555023924 0.4877390852713179 0.4505712009569378 0.4823489108527132 0.42871734928229666 0.5487417674418605 0.4384665622009569 0.575546015503876
0 0.48513113636363636 0.701467034883721 0.4929518516746412 0.7163124224806201 0.5025018014354067 0.7178439341085271 0.5123114832535886 0.6825267364341084 0.5372573421052631 0.6593448992248062 0.5359408325358852 0.6319513992248063 0.5171469258373206 0.6211710503875969 0.49189507416267947 0.6520702093023256 0.48513113636363636 0.701467034883721
0 0.5314434497607655 0.8059739883720931 0.5399686842105264 0.863647515503876 0.566078052631579 0.8717178372093023 0.5798977224880383 0.8564596976744185 0.5763004593301436 0.7956932674418604 0.5309381913875598 0.7884185775193798 0.5207299880382775 0.7731903139534884 0.515343023923445 0.7878591976744186 0.5314434497607655 0.8059739883720931
0 0.4486000980861244 0.744148550387597 0.4684187200956938 0.6987868875968992 0.4677142033492823 0.6559587480620155 0.4420638253588517 0.6363124457364341 0.4245864258373206 0.6529255968992248 0.415282 0.7057982054263565 0.4268067153110048 0.748419968992248 0.4486000980861244 0.744148550387597
0 0.5177552535885167 0.3028465193798449 0.5032310669856459 0.275276519379845 0.4807794282296651 0.26585118604651164 0.44882410526315786 0.2840257286821705 0.4483046459330144 0.35772314728682175 0.4381427057416268 0.3716262751937985 0.44611642105263155 0.382613 0.4538908732057416 0.368326992248062 0.49640666028708136 0.3867947868217054 0.5176947894736842 0.36496796124031006 0.5177552535885167 0.3028465193798449
0 0.5902694688995216 0.4736865736434108 0.5733577894736842 0.44573369379844957 0.5553751339712919 0.4447914379844961 0.5269245430622009 0.46546963178294576 0.5097994019138756 0.5034968527131782 0.5100449282296651 0.557900972868217 0.5358945693779904 0.6028200077519379 0.5744003684210527 0.6012287441860465 0.5931480119617225 0.5828776976744185 0.5989939665071771 0.5566328333333332 0.5902694688995216 0.4736865736434108
0 0.8710466363636363 0.7245238527131783 0.9016712488038277 0.7702086434108527 0.9279336148325359 0.7744203062015504 0.9592306842105263 0.7425490155038759 0.9664536172248804 0.6815762093023257 0.943450456937799 0.6254640697674418 0.906520894736842 0.6176001240310077 0.8739535837320573 0.6512093100775194 0.8710466363636363 0.7245238527131783
0 0.8552984712918661 0.7278231356589148 0.8624146674641148 0.6998403798449613 0.8461612440191387 0.6855842519379846 0.8353873157894737 0.714922019379845 0.8552984712918661 0.7278231356589148
0 0.8283920526315789 0.6186618914728682 0.8359672416267943 0.5791031511627907 0.8147858444976077 0.5679399263565892 0.8084808971291866 0.6057607751937985 0.8283920526315789 0.6186618914728682
0 0.8514378181818182 0.40101552713178296 0.8557075358851675 0.3842258720930232 0.8439230933014354 0.3784528217054264 0.8385361291866029 0.39312170542635655 0.8514378181818182 0.40101552713178296
0 0.8460187894736843 0.29530018217054266 0.850441504784689 0.2746518720930233 0.8386570622009569 0.26887881782945733 0.8355045909090909 0.2877892403100775 0.8460187894736843 0.29530018217054266
0 0.7536112846889953 0.32319606976744186 0.7602684928229666 0.30678929457364346 0.7464025574162679 0.2929160426356589 0.7407096004784688 0.3153022480620155 0.7536112846889953 0.32319606976744186
0 0.6468788564593301 0.34879468217054266 0.6562295430622009 0.3250534651162791 0.6377416315789474 0.3065557984496124 0.6296611866028708 0.32855912403100773 0.6468788564593301 0.34879468217054266
0 0.6267826435406698 0.219368 0.6059997703349282 0.2587502364341085 0.6272274306220096 0.29904485658914726 0.6562900119617225 0.26293202325581394 0.6570549976076554 0.24363872093023256 0.6469997894736843 0.2245517984496124 0.6267826435406698 0.219368
0 0.6514225071770334 0.20390348449612403 0.6654877033492823 0.24304946511627906 0.6844346100478469 0.2499711550387597 0.7106507081339712 0.22505142635658915 0.7117216889952153 0.19804080232558138 0.6952690023923445 0.15851194186046513 0.6774393444976077 0.15371102713178295 0.660114942583732 0.16646551550387598 0.6514225071770334 0.20390348449612403
0 0.7519567200956937 0.18313566666666667 0.7562264401913875 0.16634601162790696 0.7398200191387561 0.1559485426356589 0.7366675478468899 0.17485896511627907 0.7519567200956937 0.18313566666666667
0 0.8188205813397129 0.10260342635658914 0.8162338301435407 0.07694781782945737 0.7982511722488038 0.07600556201550387 0.8029194162679426 0.10976136821705426 0.8188205813397129 0.10260342635658914
0 0.5710129066985645 0.17159231782945736 0.587771586124402 0.20340385658914728 0.6140339521531101 0.20761551937984496 0.6330875909090908 0.1815471589147287 0.6323830717703349 0.13871901162790698 0.617705885167464 0.11500767441860466 0.5951012488038278 0.109441 0.5749303660287082 0.1333885930232558 0.5710129066985645 0.17159231782945736
0 0.6800865598086124 0.11724518992248062 0.6851212655502392 0.08116223643410853 0.6661743612440192 0.0742405503875969 0.6624098995215311 0.10858561627906976 0.6800865598086124 0.11724518992248062
0 0.595207980861244 0.0764509496124031 0.6117211339712919 0.05385836821705427 0.5618898851674641 0.038100600775193796 0.5633593899521532 0.06163543798449612 0.575955081339713 0.07724658139534885 0.595207980861244 0.0764509496124031
0 0.5300128899521531 0.20579075581395348 0.5366700956937799 0.18938398449612404 0.5217936483253589 0.14039991085271317 0.5198046842105263 0.190562496124031 0.5300128899521531 0.20579075581395348
0 0.4330438732057416 0.16694078294573644 0.4397010813397129 0.150534007751938 0.43030412679425833 0.14514383333333333 0.42507016028708133 0.15595405426356587 0.4330438732057416 0.16694078294573644
0 0.45829572727272727 0.13604162015503876 0.46495293301435403 0.11963484496124031 0.451239995215311 0.10190293410852713 0.44300655263157895 0.12776492248062016 0.45829572727272727 0.13604162015503876
0 0.29711006937799045 0.14125805426356589 0.3091542392344498 0.11018239534883721 0.2929008181818182 0.09592626356589147 0.2819738923444976 0.1291226937984496 0.29711006937799045 0.14125805426356589
0 0.2474922846889952 0.05952018604651163 0.25953645693779903 0.028444523255813953 0.24089554545454545 0.013805519379844962 0.2304276124401914 0.035425965116279066 0.2474922846889952 0.05952018604651163
0 0.2150175023923445 0.1513921472868217 0.22198070574162682 0.12726805426356588 0.20557428468899522 0.11687058527131783 0.19988132535885167 0.1392567906976744 0.2150175023923445 0.1513921472868217
0 0.23228144019138758 0.2007591007751938 0.2600133086124402 0.2285056046511628 0.276220466507177 0.21363034108527132 0.26723624162679427 0.16753279457364342 0.2578392870813397 0.16214262015503877 0.24513686124401915 0.17952153100775195 0.23508165311004786 0.1604346046511628 0.2273072009569378 0.17472061240310077 0.23228144019138758 0.2007591007751938
0 0.051643619617224884 0.18149843410852715 0.03234445693779904 0.15316267441860465 0.019136775119617224 0.15298617441860465 0.014089806220095693 0.15908025968992248 0.01091240909090909 0.23921567054263568 0.014347598086124402 0.2434732519379845 0.05508788755980861 0.24612352325581394 0.062051088516746414 0.22199942635658915 0.051643619617224884 0.18149843410852715
0 0.15199643540669855 0.34709494186046513 0.15895963636363636 0.3229708449612403 0.1471751961722488 0.3171977945736434 0.14163523205741627 0.3357253372093023 0.15199643540669855 0.34709494186046513
0 0.14189496411483254 0.29887662403100773 0.14901116028708133 0.2708938682170543 0.13037024880382775 0.25625486046511625 0.1219838086124402 0.28597550775193803 0.14189496411483254 0.29887662403100773
0 0.07910155980861244 0.33734648062015504 0.0883917822966507 0.37572670542635656 0.11180766746411483 0.39113146899224804 0.1330957966507177 0.36930464341085273 0.13640126794258373 0.3465355620155039 0.12502955023923445 0.3000551395348837 0.10719989234449762 0.2952542170542636 0.08479451674641149 0.31496027519379843 0.07910155980861244 0.33734648062015504
0 0.19340917942583732 0.27218913178294574 0.20692285406698563 0.2646483100775194 0.1981378923444976 0.243823496124031 0.19066943301435405 0.25039218217054265 0.19340917942583732 0.27218913178294574
0 0.2645606196172249 0.38650429457364344 0.2568928995215311 0.3678002480620155 0.24368521770334928 0.3676237480620155 0.2351457799043062 0.4012030542635659 0.2574444210526316 0.41448705038759687 0.2645606196172249 0.38650429457364344
0 0.31850859090909095 0.38933106589147287 0.3362457177033493 0.3358692054263566 0.31948703827751196 0.30405766666666667 0.2991168947368421 0.30273253100775194 0.2746762942583732 0.34346977519379845 0.2614686124401914 0.34329327519379843 0.2946337105263158 0.38550228682170545 0.31850859090909095 0.38933106589147287
0 0.3379978995215311 0.3876025503875969 0.3527446674641148 0.4045294534883721 0.4110086244019139 0.4196979651162791 0.4199003205741627 0.40753273255813954 0.4166553157894737 0.36818036821705424 0.39805507416267943 0.33736660852713174 0.38368947846889956 0.3512440930232558 0.35650913157894737 0.3701843914728682 0.3379978995215311 0.3876025503875969
0 0.1151452033492823 0.4887466124031008 0.1221084043062201 0.46462251550387595 0.10554898564593301 0.4580837054263566 0.1044780071770335 0.48509432945736436 0.1151452033492823 0.4887466124031008
0 0.10391228229665071 0.5296603604651163 0.1061005071770335 0.504770507751938 0.09416306937799043 0.5028561162790697 0.08877610526315789 0.5175249999999999 0.10391228229665071 0.5296603604651163
0 0.0021867272727272725 0.6089618527131783 0.00920982057416268 0.6154361472868217 0.01617302153110048 0.5913120542635659 0.004541578947368421 0.5816803410852713 0.002112511961722488 0.5882947635658914 0.0021867272727272725 0.6089618527131783
0 0.0026750454545454543 0.74494946124031 0.011017382775119619 0.7516378914728682 0.02036807177033493 0.7278966744186046 0.004114650717703349 0.7136405465116279 0.002579928229665072 0.7184612403100775 0.0026750454545454543 0.74494946124031
0 0.0025117727272727275 0.6994810348837209 0.015240837320574161 0.7057168488372093 0.02220403827751196 0.6815927519379845 0.005950617224880383 0.6673366201550387 0.0024410071770334927 0.6797742984496123 0.0025117727272727275 0.6994810348837209
0 0.12660944736842106 0.5934898178294574 0.12360997129186603 0.6085415813953489 0.13188967942583732 0.6118109844961239 0.12660944736842106 0.5934898178294574
0 0.14342859569377991 0.5631799147286822 0.1478513086124402 0.5425316007751938 0.13606686842105264 0.5367585503875969 0.1329143947368421 0.555668972868217 0.14342859569377991 0.5631799147286822
0 0.14604740669856459 0.7092197480620155 0.14447116985645933 0.7186749573643411 0.16006633732057418 0.7192343372093023 0.14604740669856459 0.7092197480620155
0 0.33753382296650714 0.5457683682170542 0.3298198373205741 0.4979329341085272 0.2995474832535885 0.4736622170542636 0.2620521985645933 0.5103643023255814 0.2622977248803828 0.5647684224806201 0.2863718660287081 0.5938699379844962 0.3202556842105263 0.5876542558139535 0.32803013636363637 0.5733682480620156 0.351446023923445 0.588773011627907 0.3561747344497607 0.5604073798449613 0.33753382296650714 0.5457683682170542
0 0.31962949521531103 0.6943417286821705 0.3205474784688995 0.6711897674418604 0.3106452655502392 0.6482441821705426 0.2928156076555024 0.6434432674418604 0.2802661794258373 0.656963515503876 0.2766547153110048 0.6874499147286821 0.29834136602870814 0.716168554263566 0.31962949521531103 0.6943417286821705
0 0.3520296076555024 0.755844042635659 0.3613802966507177 0.7321028217054264 0.3473613660287081 0.7220882325581396 0.34166840669856463 0.7444744341085271 0.3520296076555024 0.755844042635659
0 0.3936132105263158 0.8887166240310078 0.388791971291866 0.858819476744186 0.3731968014354067 0.8582601007751938 0.3729370741626794 0.8951088139534884 0.3936132105263158 0.8887166240310078
0 0.1651189043062201 0.894788441860465 0.16562416267942584 0.9123438488372093 0.17659735167464116 0.9082788178294574 0.1651189043062201 0.894788441860465
0 0.13752583014354067 0.9544361124031008 0.151651495215311 0.9314606511627906 0.13809155263157893 0.9098700813953488 0.12508313636363635 0.9349663100775194 0.13752583014354067 0.9544361124031008
0 0.37642760526315794 0.9888652906976744 0.38308481100478464 0.972458515503876 0.3716063636363636 0.9589681434108527 0.3636789138755981 0.9771128062015504 0.37642760526315794 0.9888652906976744
0 0.5647033014354067 1 0.5672273636363636 0.9942228333333334 0.5555959162679426 0.9845911201550387 0.5611358803827752 0.9660635736434109 0.5469639497607656 0.9599076434108527 0.536802009569378 0.9738107713178294 0.5406590023923445 0.997728488372093 0.5498829449760765 1 0.5647033014354067 1
0 0.6645868827751197 1 0.6617163588516747 0.9744271472868218 0.6451569425837321 0.9678883372093023 0.634536009569378 0.993367445736434 0.6398069593301435 1 0.6645868827751197 1
0 0.7829871794258373 0.8851456976744186 0.7841506913875598 0.9163978604651163 0.7943588947368421 0.9316261240310078 0.8319004449760765 0.9240554302325582 0.8291606961722489 0.902258480620155 0.8073673133971292 0.9065298953488372 0.7829871794258373 0.8851456976744186
0 0.9705881985645933 0.8802822713178295 0.971093456937799 0.8978376821705426 0.9820666459330143 0.8937726434108527 0.9705881985645933 0.8802822713178295
0 0.6268966961722489 0.7921577325581396 0.6364003803827751 0.7645578527131782 0.6199939593301435 0.7541603875968992 0.611913514354067 0.7761637131782946 0.6268966961722489 0.7921577325581396
0 0.6399335167464115 0.5845558372093023 0.6468967177033493 0.5604317403100775 0.6328777846889952 0.5504171511627907 0.6247973397129186 0.5724204767441861 0.6399335167464115 0.5845558372093023
0 0.716945114832536 0.5813733023255814 0.7234493205741627 0.5688251899224807 0.7118178779904306 0.5591934767441861 0.7016559377990431 0.5730966046511627 0.716945114832536 0.5813733023255814
0 0.9604510023923445 0.4087898410852713 0.9502890622009569 0.4226929651162791 0.9576507870813397 0.44911433333333334 0.9918868684210527 0.46431272093023257 0.9999673133971292 0.44230939534883723 0.994687081339713 0.42398822868217056 0.9604510023923445 0.4087898410852713