0 0.39375 0.37222222222222223 0.415625 0.37407407407407406 0.4354166666666667 0.3425925925925926 0.43125 0.29814814814814816 0.4395833333333333 0.2722222222222222 0.43125 0.2462962962962963 0.43125 0.18703703703703703 0.39791666666666664 0.12037037037037036 0.4083333333333333 0.053703703703703705 0.38645833333333335 0 0.11875 0.001851851851851852 0.228125 0.1 0.359375 0.2777777777777778 0.3645833333333333 0.28703703703703703 0.35833333333333334 0.30925925925925923 0.33541666666666664 0.32407407407407407 0.346875 0.34444444444444444 0.3614583333333333 0.3333333333333333 0.3645833333333333 0.3611111111111111 0.4166666666666667 0.4685185185185185 0.42083333333333334 0.45740740740740743 0.39375 0.37222222222222223
0 0.33645833333333336 0.7777777777777778 0.36770833333333336 0.7407407407407407 0.37083333333333335 0.7759259259259259 0.378125 0.7777777777777778 0.3875 0.7648148148148148 0.38645833333333335 0.737037037037037 0.403125 0.7444444444444445 0.40520833333333334 0.725925925925926 0.41770833333333335 0.7296296296296296 0.46458333333333335 0.687037037037037 0.421875 0.6962962962962963 0.43333333333333335 0.6722222222222223 0.43125 0.6203703703703703 0.403125 0.5777777777777777 0.3489583333333333 0.5666666666666667 0.321875 0.5962962962962963 0.296875 0.5555555555555556 0.259375 0.5703703703703704 0.21354166666666666 0.6111111111111112 0.18020833333333333 0.6 0.10729166666666666 0.6370370370370371 0.034375 0.6407407407407407 0 0.6611111111111111 0.003125 0.9962962962962963 0.20625 0.9981481481481481 0.2677083333333333 0.8777777777777778 0.33645833333333336 0.7777777777777778
0 0.6270833333333333 0.8092592592592592 0.6333333333333333 0.7833333333333333 0.6177083333333333 0.774074074074074 0.6041666666666666 0.7425925925925926 0.6041666666666666 0.6833333333333333 0.5947916666666667 0.6777777777777778 0.5958333333333333 0.7092592592592593 0.5697916666666667 0.7074074074074074 0.55625 0.7351851851851852 0.5583333333333333 0.7611111111111111 0.5333333333333333 0.8166666666666667 0.5479166666666667 0.8648148148148148 0.54375 0.8944444444444445 0.5333333333333333 0.9018518518518519 0.5354166666666667 0.987037037037037 0.5427083333333333 1 0.6958333333333333 0.9981481481481481 0.6479166666666667 0.8833333333333333 0.6270833333333333 0.8092592592592592
0 0.9302083333333333 0.3592592592592593 0.8760416666666667 0.36666666666666664 0.8239583333333333 0.4074074074074074 0.7072916666666667 0.4444444444444444 0.6927083333333334 0.43703703703703706 0.671875 0.45925925925925926 0.63125 0.4462962962962963 0.634375 0.45925925925925926 0.659375 0.4666666666666667 0.6677083333333333 0.5074074074074074 0.703125 0.5259259259259259 0.7260416666666667 0.5888888888888889 0.7614583333333333 0.5777777777777777 0.8322916666666667 0.6259259259259259 0.884375 0.6222222222222222 0.9177083333333333 0.674074074074074 1 0.6981481481481482 0.9989583333333333 0.31851851851851853 0.9302083333333333 0.3592592592592593
0 0.578125 0.2777777777777778 0.6260416666666667 0.2111111111111111 0.6572916666666667 0.2 0.6791666666666667 0.10185185185185185 0.709375 0.08518518518518518 0.71875 0.046296296296296294 0.7354166666666667 0.024074074074074074 0.7354166666666667 0.001851851851851852 0.5989583333333334 0.003703703703703704 0.5791666666666667 0.13518518518518519 0.565625 0.11851851851851852 0.5583333333333333 0.1425925925925926 0.56875 0.1648148148148148 0.55625 0.18333333333333332 0.5708333333333333 0.18703703703703703 0.5552083333333333 0.2074074074074074 0.5354166666666667 0.20925925925925926 0.55 0.2388888888888889 0.51875 0.30925925925925923 0.5270833333333333 0.32037037037037036 0.5614583333333333 0.2518518518518518 0.578125 0.2777777777777778
0 0.509375 0.17037037037037037 0.49375 0.18333333333333332 0.5020833333333333 0.19444444444444445 0.5125 0.18333333333333332 0.509375 0.17037037037037037
0 0.521875 0.11851851851851852 0.5020833333333333 0.13518518518518519 0.503125 0.15185185185185185 0.5270833333333333 0.1537037037037037 0.5354166666666667 0.1425925925925926 0.521875 0.11851851851851852
0 0.34479166666666666 0.42962962962962964 0.33958333333333335 0.4648148148148148 0.34791666666666665 0.4685185185185185 0.35208333333333336 0.4351851851851852 0.34479166666666666 0.42962962962962964
0 0.359375 0.36666666666666664 0.3541666666666667 0.3907407407407407 0.37083333333333335 0.40555555555555556 0.37083333333333335 0.37962962962962965 0.359375 0.36666666666666664
0 0.31875 0.39814814814814814 0.31875 0.43148148148148147 0.33125 0.4388888888888889 0.33645833333333336 0.3851851851851852 0.31875 0.39814814814814814
0 0.7354166666666667 0.3907407407407407 0.7375 0.3648148148148148 0.7239583333333334 0.34074074074074073 0.6875 0.3537037037037037 0.6895833333333333 0.38333333333333336 0.70625 0.39444444444444443 0.7041666666666667 0.43148148148148147 0.7125 0.4351851851851852 0.73125 0.412962962962963 0.7354166666666667 0.3907407407407407
0 0.5729166666666666 0.45 0.5791666666666667 0.45740740740740743 0.5802083333333333 0.43703703703703706 0.5729166666666666 0.45
0 0.490625 0.40370370370370373 0.4875 0.412962962962963 0.5 0.42407407407407405 0.5 0.40555555555555556 0.490625 0.40370370370370373
0 0.665625 0.737037037037037 0.6541666666666667 0.7462962962962963 0.6604166666666667 0.7611111111111111 0.66875 0.75 0.665625 0.737037037037037
0 0.6739583333333333 0.7703703703703704 0.6479166666666667 0.8055555555555556 0.6510416666666666 0.8185185185185185 0.66875 0.8166666666666667 0.6791666666666667 0.7907407407407407 0.6739583333333333 0.7703703703703704
0 0.41875 0.8314814814814815 0.42916666666666664 0.8388888888888889 0.43020833333333336 0.8222222222222222 0.41875 0.8314814814814815
0 0.43333333333333335 0.7944444444444444 0.4479166666666667 0.8166666666666667 0.44479166666666664 0.7962962962962963 0.43333333333333335 0.7944444444444444
0 0.403125 0.8 0.40625 0.8314814814814815 0.41458333333333336 0.8351851851851851 0.41875 0.8092592592592592 0.403125 0.8
0 0.40520833333333334 0.7407407407407407 0.4041666666666667 0.7611111111111111 0.41458333333333336 0.7685185185185185 0.41875 0.7537037037037037 0.40520833333333334 0.7407407407407407
0 0.5020833333333333 0.6648148148148149 0.5104166666666666 0.6685185185185185 0.5052083333333334 0.6444444444444445 0.5020833333333333 0.6648148148148149
0 0.5770833333333333 0.5944444444444444 0.5895833333333333 0.6055555555555555 0.5927083333333333 0.5703703703703704 0.5770833333333333 0.5944444444444444