0 0.741774262755102 0.14016133290816327 0.7369938010204081 0.13157445408163265 0.70658181207483 0.14022616326530613 0.683741637755102 0.15953548979591836 0.6430083239795918 0.15994881887755102 0.6213880136054422 0.1549604030612245 0.5658707474489796 0.1597218737244898 0.5526663358843538 0.1654356505102041 0.5336869073129252 0.15930447704081632 0.5107549991496598 0.19463670025510202 0.5129114719387755 0.21911274872448977 0.5176919336734693 0.22769962755102038 0.5341640552721089 0.22344063647959184 0.5486470663265306 0.21266550637755102 0.5774545688775511 0.2129045982142857 0.5958321164965986 0.20618179464285713 0.6451985867346939 0.2139176926020408 0.6658911301020408 0.20988158035714286 0.6823133579931974 0.22613546301020407 0.7008832168367347 0.22711613010204082 0.721868649659864 0.2545098558673469 0.7508765144557824 0.23744957015306123 0.7565509532312925 0.22556815178571427 0.7573363018707483 0.20637633801020408 0.750090375 0.19188927168367348 0.755957125 0.18771132525510206 0.7597430323129252 0.19304013392857144 0.7592916215986395 0.18339965178571427 0.74213393792517 0.16582471173469387 0.741774262755102 0.14016133290816327
0 0.7001243962585033 0.36555573214285714 0.6905135799319727 0.3688948469387755 0.6861177406462585 0.37571491071428575 0.68993743707483 0.41053654464285716 0.6936147159863946 0.41714183801020405 0.6883916862244898 0.438663737244898 0.6776945816326531 0.4547676772959184 0.6770428078231293 0.46242657397959186 0.6785555612244898 0.46955866709183675 0.6829932414965987 0.4672285803571429 0.6855673358843537 0.4718522857142857 0.6955458792517006 0.4691736989795918 0.7244113256802721 0.4238970701530612 0.733144268707483 0.39102055357142856 0.7285142772108844 0.3856471696428571 0.7295168835034013 0.3639023890306122 0.7252795671768707 0.34893309821428575 0.7183096335034014 0.3511294566326531 0.7145237253401361 0.3458006479591837 0.7001243962585033 0.36555573214285714
0 0.6314469319727891 0.5747772946428572 0.6331101539115647 0.5851228826530612 0.6404478154761906 0.5835870522959183 0.6182336777210885 0.5407418086734693 0.6015024574829932 0.5430637869897958 0.6060238197278912 0.5497136543367347 0.6053720467687075 0.5573725510204082 0.6000653350340136 0.5699144974489796 0.5959623843537415 0.6081643979591836 0.5999494447278911 0.6609459413265305 0.6192378647959184 0.6485012525510204 0.6356930918367346 0.6294958494897959 0.6278372321428571 0.6271576543367346 0.6219036938775511 0.6371020612244899 0.6174241726190476 0.6349421709183674 0.6204319914965987 0.5697078329081633 0.6230728741496598 0.5685650778061224 0.6258392806122449 0.5808922525510204 0.6314469319727891 0.5747772946428572
0 0.549395318877551 0.5774963890306122 0.5533823792517008 0.630277931122449 0.5420335017006802 0.6540407665816327 0.553090281462585 0.6636002053571428 0.5628515680272109 0.6634745854591837 0.57538731207483 0.6506732908163265 0.5812870612244898 0.6112360586734694 0.5772251607142856 0.5892238239795918 0.5719683418367347 0.5812528979591837 0.5741159736394558 0.5659796823979591 0.5585796709183674 0.5542603545918368 0.5503729778911565 0.5660080446428571 0.549395318877551 0.5774963890306122
0 0.5919077448979593 0.49639720153061223 0.5990281479591837 0.4974143380102041 0.5992035654761905 0.4903713954081632 0.6143383503401361 0.471937368622449 0.5967879931972789 0.4639583367346939 0.578050768707483 0.4450177614795919 0.565105455782313 0.45266855102040815 0.5652309795918368 0.46613848086734694 0.5983594804421769 0.4903268201530612 0.5919077448979593 0.49639720153061223
0 0.527013024659864 0.4519391237244898 0.5360388554421769 0.45049244515306125 0.5390724115646258 0.43975378316326535 0.5315673860544218 0.42332970663265307 0.5206192338435374 0.4124937844387755 0.49077533588435374 0.4045066441326531 0.48183318792517005 0.4149332767857143 0.48139867261904756 0.4200392079081633 0.4900736692176871 0.4326784119897959 0.527013024659864 0.4519391237244898
0 0.5179211972789116 0.5239043737244898 0.5206288673469388 0.5169951594387755 0.5141352899659865 0.5185755650510204 0.5132244175170068 0.5242974489795919 0.5179211972789116 0.5239043737244898
0 0.526646087585034 0.516030706632653 0.5306741989795918 0.5085501147959184 0.5289023477891156 0.49948100892857145 0.5407863180272109 0.49433860969387755 0.5426499039115646 0.48738482015306117 0.5265954039115647 0.4717914668367347 0.5205113962585034 0.4785223788265306 0.5235369005102041 0.4927865663265306 0.5190742738095238 0.5053730892857142 0.526646087585034 0.516030706632653
0 0.5519686224489796 0.5173679808673469 0.5567072431972789 0.521464881377551 0.5603008384353741 0.5190902206632653 0.5620139540816327 0.5089229349489797 0.5542667236394558 0.5053082602040816 0.5519686224489796 0.5173679808673469
0 0.5762129200680273 0.5064672283163265 0.563593494047619 0.510288568877551 0.5638276471088436 0.5224820165816326 0.5898188494897959 0.5309068073979591 0.5931115051020408 0.522105156887755 0.58421925 0.5120189158163265 0.5762129200680273 0.5064672283163265
0 0.788184387755102 0.32212292346938776 0.7898476096938775 0.33246851147959183 0.8216556692176871 0.35722822704081636 0.8347514532312925 0.3527909336734694 0.8391303979591838 0.3312244579081633 0.8373585467687075 0.3221553520408163 0.8231008443877551 0.30537466836734695 0.806244100340136 0.2942267168367347 0.7870474141156463 0.2906485089285714 0.7868719982993198 0.2976914515306122 0.7930815297619047 0.3044304706632653 0.788184387755102 0.32212292346938776
0 0.777045505952381 0.4330877551020408 0.7841659098639456 0.4341048903061224 0.7902499175170068 0.4273739795918367 0.794436550170068 0.3981040306122449 0.787474669217687 0.37529754081632655 0.7792510816326531 0.372298818877551 0.763013113095238 0.3887512576530612 0.7623613401360544 0.39641015306122446 0.7692564336734694 0.42498310331632655 0.777045505952381 0.4330877551020408
0 0.8690909761904761 0.31293226403061225 0.856881119047619 0.32190411224489796 0.8472204090136054 0.34575609948979596 0.8468446292517007 0.3700984183673469 0.8574668945578231 0.3847637869897959 0.8630077585034013 0.38441528826530613 0.8709971930272109 0.3752205637755102 0.8785352176870749 0.35638535586734693 0.8747074702380954 0.34656657015306125 0.8701611607142857 0.350173137755102 0.8674784370748299 0.34682591581632655 0.8677206420068028 0.3340165153061224 0.8737628078231292 0.3227956275510204 0.8690909761904761 0.31293226403061225