0 0.0672985404255319 0.4153527727272727 0.07088297872340425 0.4495387765151515 0.08356690638297873 0.4535919356060606 0.10307544893617021 0.43504545454545457 0.10359522765957446 0.4085249166666667 0.09018226382978724 0.38740080303030305 0.0672985404255319 0.4153527727272727
0 0.21829735531914893 0.30856791666666666 0.23150106170212764 0.28610053787878786 0.22431868085106382 0.27268597348484847 0.21031168085106383 0.28187104166666666 0.21829735531914893 0.30856791666666666
0 0.3053027404255319 0.42786757954545457 0.2771537404255319 0.39885757196969696 0.2605748531914894 0.43073044318181813 0.2600550723404255 0.4572509810606061 0.2629847276595745 0.470577375 0.2852744170212766 0.4729345909090909 0.3027308510638298 0.45055538257575756 0.3053027404255319 0.42786757954545457
0 0.3922473744680851 0.49599844696969697 0.4135987680851064 0.4376932045454546 0.3784023893617021 0.44264877651515155 0.3552959042553192 0.4819666893939394 0.3654821957446809 0.5049190075757576 0.3922473744680851 0.49599844696969697
0 0.4544924425531915 0.5219251628787879 0.4538241553191489 0.556023 0.4788949914893617 0.5792839053030303 0.46524575957446807 0.6244831742424243 0.48210815957446806 0.6324131515151515 0.4970062085106383 0.577764303030303 0.5370493468085107 0.5425877196969697 0.5396954893617021 0.5161112651515152 0.5305352531914894 0.49507531818181816 0.47304918510638294 0.49767367045454547 0.4544924425531915 0.5219251628787879
0 0.645331870212766 0.607370784090909 0.6342545276595745 0.62988225 0.6156370361702127 0.6029649507575758 0.5887976021276595 0.6156741553030304 0.6017650425531915 0.6595301628787879 0.6229544212765957 0.6637596590909091 0.6382844914893617 0.6413363636363637 0.6408428765957447 0.6736060037878788 0.6514746936170213 0.6738264242424242 0.6623292723404255 0.6626809053030303 0.6693023978723405 0.6325039734848485 0.6642463787234043 0.6191334924242424 0.645331870212766 0.607370784090909
0 0.7262214404255319 0.5502999242424242 0.7227855106382979 0.508536625 0.711424655319149 0.4912452386363636 0.6688973872340426 0.4903635416666666 0.676424029787234 0.5947497462121213 0.6890337021276596 0.602591553030303 0.716973444680851 0.5880100643939394 0.7262214404255319 0.5502999242424242
0 0.7817498893617021 0.7561213030303031 0.8035333021276596 0.7300416136363637 0.8042015914893617 0.6959437803030304 0.7908628808510638 0.6710310151515151 0.7611680468085107 0.6666251780303031 0.7491389042553191 0.6834316287878788 0.7464185063829787 0.7136967310606062 0.7617350723404256 0.7462308750000001 0.7817498893617021 0.7561213030303031
0 0.5118232276595744 0.852860106060606 0.5229005702127659 0.8303486363636363 0.5050863702127659 0.8167136515151515 0.4972357 0.8373969166666667 0.5118232276595744 0.852860106060606
0 0.38391739361702126 0.9752844848484848 0.38409290212765956 0.9771832159090909 0.41739580425531914 0.9778736704545455 0.4249123340425532 0.9458129128787879 0.44449512978723404 0.9234777878787879 0.44156547446808514 0.9101513901515151 0.41832398510638297 0.9020891628787879 0.38391739361702126 0.9752844848484848
0 0.4808931255319149 0.2059918446969697 0.44899767446808514 0.20533057575757577 0.43894638510638295 0.22975840151515153 0.44810662340425533 0.2507943522727273 0.48110238297872343 0.24958334469696966 0.4808931255319149 0.2059918446969697
0 0.5015019765957447 0.1855730909090909 0.505234925531915 0.21218179545454546 0.5198967063829787 0.2238563371212121 0.5380821765957446 0.21854808333333334 0.5786450957446808 0.15685095833333335 0.5159545 0.15365613257575758 0.5015019765957447 0.1855730909090909
0 0.6551536659574467 0.32331034090909094 0.632641214893617 0.33231907196969696 0.6372517063829788 0.3684214393939394 0.6568345042553192 0.3460863143939394 0.6586638510638297 0.36128499242424245 0.6723738319148935 0.3672545189393939 0.6769235744680852 0.35218809469696966 0.6551536659574467 0.32331034090909094
0 0.6468102255319149 0.2605992651515151 0.6559097127659574 0.23046641666666667 0.6444003489361702 0.22075232954545454 0.6299478255319149 0.25266928787878784 0.6468102255319149 0.2605992651515151
0 0.7358339787234043 0.22264798106060604 0.7003540872340426 0.18780070454545456 0.6884734531914893 0.19702985606060605 0.705470855319149 0.2523399772727273 0.7235078191489361 0.2546090227272727 0.7358339787234043 0.22264798106060604
0 0.633957555319149 0.04808228787878788 0.6311021553191489 0.030967242424242425 0.6129909382978724 0.03248684090909091 0.6124711574468086 0.05900738257575758 0.6188502489361702 0.059139636363636366 0.633957555319149 0.04808228787878788