0 0.5496761804878049 0.523409888888889 0.5521335268292683 0.547098496031746 0.5401642707317074 0.5735559087301587 0.5490687170731707 0.612113992063492 0.5609125658536586 0.6199076468253968 0.5773340463414635 0.6127292777777779 0.5854918756097561 0.5849900158730159 0.5588843609756098 0.5176159206349207 0.5496761804878049 0.523409888888889
0 0.4818503853658537 0.6733352222222222 0.48231285853658534 0.7014333968253967 0.5092241048780488 0.7244554404761905 0.5215304243902439 0.7603472738095238 0.5311481609756098 0.7585014047619049 0.5381302292682927 0.7430679126984128 0.5279971073170732 0.6926655277777778 0.500266743902439 0.6617472817460317 0.4818503853658537 0.6733352222222222
0 0.4972352658536585 0.8334640714285715 0.4515510146341464 0.8422319404761904 0.4518880780487805 0.9045811825396824 0.4669554756097561 0.9198095714285714 0.49299469268292684 0.9107853333333333 0.4978760585365854 0.8514612619047619 0.5130688658536585 0.8324385833333333 0.5066217658536585 0.8175691111111111 0.4972352658536585 0.8334640714285715
0 0.5549612658536586 0.7398376468253969 0.5781139975609756 0.7857279126984127 0.6005730219512195 0.7894709126984127 0.6094970512195121 0.7454777817460317 0.5965499390243902 0.691588757936508 0.5776711097560976 0.6750785158730159 0.5528605658536585 0.6959470595238095 0.5549612658536586 0.7398376468253969
0 0.5476146439024391 0.31441686904761906 0.5138996536585366 0.2967273293650794 0.49167186341463415 0.30703341666666667 0.4787051682926829 0.3356956150793651 0.4828536609756097 0.39932670634920636 0.5059534756097561 0.42106689682539683 0.5480046170731707 0.4009161904761905 0.5568561512195123 0.41532419444444446 0.5642477780487805 0.40383880555555557 0.5529918097560975 0.38989226984126985 0.5476146439024391 0.31441686904761906
0 0.4800729975609756 0.5025413650793651 0.4497598804878049 0.48218557539682544 0.4315218463414634 0.4836725238095238 0.4161507146341463 0.5127961904761904 0.41272926097560975 0.5980136547619048 0.4204050317073171 0.6247274325396825 0.4406908585365854 0.642980992063492 0.4799809195121951 0.6434937222222222 0.5033315536585365 0.5967317896825396 0.5000021780487804 0.5409968968253969 0.4800729975609756 0.5025413650793651
0 0.0667219756097561 0.6785139761904762 0.047004448780487804 0.736658753968254 0.05836624146341463 0.7989054484126984 0.09231246829268293 0.8306440753968254 0.11876124390243903 0.8255679365079365 0.1469207487804878 0.7778830674603174 0.1391391487804878 0.7028691388888888 0.1037859243902439 0.6693871904761906 0.0667219756097561 0.6785139761904762
0 0.15408113902439025 0.7523485912698413 0.16316390731707314 0.7808056865079366 0.1825777024390244 0.7670129642857143 0.16968350487804879 0.7372740158730158 0.15408113902439025 0.7523485912698413
0 0.17305204390243903 0.6279064722222222 0.18336349024390242 0.668207873015873 0.20277728292682928 0.6544151507936509 0.19387283658536586 0.6158570674603174 0.17305204390243903 0.6279064722222222
0 0.1401424243902439 0.42886062698412697 0.14559208292682926 0.445934880952381 0.15820213414634146 0.43747466269841273 0.15175503414634145 0.4226051904761905 0.1401424243902439 0.42886062698412697
0 0.13829253902439026 0.31646791269841273 0.14415175609756098 0.33749026984126984 0.1543573756097561 0.3294915158730159 0.1499051512195122 0.3102124761904762 0.13829253902439026 0.31646791269841273
0 0.2321712975609756 0.3467708531746032 0.24002539268292683 0.3633836468253968 0.252635443902439 0.3549234246031746 0.24536922926829266 0.33215775000000003 0.2321712975609756 0.3467708531746032
0 0.3392479878048781 0.36246069444444445 0.3503256341463415 0.38650821825396825 0.3665158780487805 0.36528076190476194 0.3568452292682927 0.3429765515873016 0.3392479878048781 0.36246069444444445
0 0.3350994926829268 0.2988295992063492 0.3670508463414634 0.3349777976190476 0.3860021682926829 0.29308689682539685 0.36226155853658537 0.2533495158730159 0.3420286487804878 0.25924603571428567 0.3330517073170732 0.27908909126984127 0.3350994926829268 0.2988295992063492
0 0.2885628 0.19299997619047618 0.274420343902439 0.23396794444444444 0.27728724878048777 0.26160465476190475 0.30560549268292686 0.2863700119047619 0.32443140731707315 0.2787301746031746 0.3361694292682927 0.23822367460317462 0.3248605487804878 0.20012705952380952 0.30639127804878047 0.18756492460317462 0.2885628 0.19299997619047618
0 0.2270449487804878 0.20279332936507935 0.23249461219512194 0.21986758730158731 0.2475090975609756 0.21094589682539683 0.2430568731707317 0.19166686111111111 0.2270449487804878 0.20279332936507935
0 0.16009701951219513 0.11296121031746033 0.1591524951219512 0.1393160753968254 0.17580521219512193 0.14618679365079365 0.17833505609756098 0.11147425793650793 0.16009701951219513 0.11296121031746033
0 0.36463266341463413 0.14618675396825395 0.35125640975609757 0.1709008492063492 0.35335711219512195 0.21479143253968253 0.3744620536585366 0.24094119444444442 0.40091082926829263 0.23586505555555556 0.4158724024390244 0.20279328968253968 0.40937238780487806 0.16377374206349207 0.38727000975609754 0.13982876587301588 0.36463266341463413 0.14618675396825395
0 0.2938008073170732 0.11347392857142857 0.3012982585365854 0.15028869047619048 0.3187171780487805 0.1409055357142857 0.31262672439024386 0.1058340873015873 0.2938008073170732 0.11347392857142857
0 0.4164269536585366 0.08993911507936507 0.41637403658536587 0.06578903968253969 0.3667000365853659 0.08337604365079365 0.38499098292682926 0.10603917063492063 0.40463601707317076 0.10629553968253969 0.4164269536585366 0.08993911507936507
0 0.4519918268292683 0.22002136904761904 0.4598459243902439 0.23663415873015872 0.4692324243902439 0.2207391984126984 0.4639081731707317 0.169413876984127 0.4519918268292683 0.22002136904761904
0 0.5481162804878049 0.1774126150793651 0.5559703756097562 0.19402540476190475 0.5633620024390243 0.18254001587301588 0.5573244585365854 0.17161864285714284 0.5481162804878049 0.1774126150793651
0 0.5203859170731707 0.14649436904761906 0.528240012195122 0.1631071587301587 0.5432544975609755 0.15418546825396826 0.5331742926829268 0.1279331626984127 0.5203859170731707 0.14649436904761906
0 0.6783123707317072 0.1322914246031746 0.6926135658536585 0.1637736865079365 0.7072184926829268 0.1509039007936508 0.6939147341463415 0.11721685317460317 0.6783123707317072 0.1322914246031746
0 0.7681484634146342 0.14726343253968255 0.7768216756097561 0.1717724246031746 0.7914266024390244 0.15890263492063492 0.7841603853658536 0.1361369603174603 0.7681484634146342 0.14726343253968255
0 0.7480213780487804 0.20146010714285714 0.7339514170731707 0.18402693253968253 0.7247432414634146 0.1898209007936508 0.7186332024390244 0.23730067063492064 0.7361050341463414 0.2520675912698413 0.7625008975609756 0.22284137698412698 0.765849856097561 0.1960250515873016 0.7569983219512194 0.18161704761904762 0.7480213780487804 0.20146010714285714
0 0.9371329804878048 0.23965923412698412 0.9458061902439023 0.26416823015873014 0.971305712195122 0.26176135714285714 0.961789512195122 0.17002605555555556 0.9450595707317073 0.19787088095238095 0.9371329804878048 0.23965923412698412
0 0.8451570170731708 0.34589907936507935 0.8538302292682928 0.37040807539682535 0.863626287804878 0.3584612142857143 0.8567696317073171 0.3396436428571429 0.8451570170731708 0.34589907936507935
0 0.8518549341463414 0.2922664246031746 0.8609377048780488 0.32072351984126984 0.8803515024390244 0.30693079761904757 0.8698617365853658 0.27673038095238095 0.8518549341463414 0.2922664246031746
0 0.8781783024390244 0.3214413492063492 0.8696638292682927 0.3693825873015873 0.8745256121951219 0.3926097301587302 0.8976254292682927 0.4143499246031746 0.9204410975609756 0.3978909484126984 0.9273702487804879 0.35830738095238096 0.9201040365853659 0.3355417063492064 0.8960067804878048 0.31600629761904764 0.8781783024390244 0.3214413492063492
0 0.7925102853658537 0.28754922222222223 0.8067585682926829 0.2948814087301587 0.8081126487804878 0.2724746507936508 0.800080231707317 0.2659628492063492 0.7925102853658537 0.28754922222222223
0 0.7727731731707317 0.42824521428571427 0.7618738487804877 0.39409669841269845 0.7484446853658537 0.3946607182539682 0.7418721731707317 0.41404230952380955 0.750954943902439 0.4424994007936508 0.7727731731707317 0.42824521428571427
0 0.6655906585365854 0.36425522222222223 0.6871580707317073 0.4185031626984127 0.7112024097560975 0.41388849206349204 0.7421759073170732 0.36969025793650795 0.7287467390243902 0.37025427380952386 0.7011946975609756 0.32923504365079365 0.6805522292682926 0.3311834563492063 0.6655906585365854 0.36425522222222223
0 0.6027889658536585 0.36758246031746034 0.5858876853658537 0.3996856071428571 0.5851743951219512 0.4400895515873016 0.5950233682926829 0.45229277777777777 0.653317668292683 0.4350646865079365 0.6672110804878049 0.41729807142857145 0.6472272121951219 0.3999932341269841 0.6183210902439025 0.38138076587301584 0.6027889658536585 0.36758246031746034
0 0.8919778634146341 0.48992786904761904 0.9006510731707317 0.5144368650793651 0.9112662487804879 0.5103862103174603 0.908399343902439 0.4827495 0.8919778634146341 0.48992786904761904
0 0.9109096024390244 0.5305881865079365 0.9147739463414635 0.556020111111111 0.9293788731707318 0.5431503253968254 0.922931775609756 0.5282808531746032 0.9109096024390244 0.5305881865079365
0 0.8958755341463415 0.6220610912698413 0.8917074609756097 0.6409812182539683 0.8999182 0.6373920277777778 0.8958755341463415 0.6220610912698413
0 0.8709062512195123 0.5704794007936508 0.8767654707317073 0.5915017619047619 0.886971087804878 0.5835030079365079 0.8825188634146341 0.5642239682539683 0.8709062512195123 0.5704794007936508
0 0.8837083731707317 0.7411707063492063 0.8701008829268292 0.7518357142857143 0.8859344829268293 0.7508102261904761 0.8837083731707317 0.7411707063492063
0 0.7525735926829269 0.5408430277777777 0.712001943902439 0.5043359126984127 0.682792087804878 0.5300754880952381 0.6780890463414634 0.5792985753968254 0.6600822487804877 0.594834619047619 0.6667605829268293 0.6237531785714285 0.6895762512195123 0.6072942063492064 0.6984277853658536 0.6217022103174603 0.7333185365853658 0.6270859801587302 0.7559029682926829 0.5965779166666667 0.7525735926829269 0.5408430277777777
0 0.7036266292682927 0.7072785952380952 0.7060839756097561 0.7309672063492063 0.7291837926829268 0.7527073968253969 0.7493637902439024 0.7226608015873016 0.7436828926829269 0.6915374563492064 0.7300224902439024 0.678052380952381 0.7121940146341463 0.6834874365079365 0.7036266292682927 0.7072785952380952
0 0.6660806243902438 0.7708584246031747 0.6771582682926829 0.7949059523809524 0.6869543268292683 0.7829590912698412 0.6796881121951219 0.7601934166666666 0.6660806243902438 0.7708584246031747
0 0.6465218365853659 0.9014534246031746 0.6435824341463415 0.9322178571428572 0.6650440195121952 0.9381656428571429 0.6623554365853658 0.9004279404761905 0.6465218365853659 0.9014534246031746
0 0.8765088170731706 0.931807619047619 0.8657153195121952 0.9459592619047619 0.8771496097560976 0.9498048095238095 0.8765088170731706 0.931807619047619
0 0.9050053804878049 0.9464719920634921 0.8926265682926829 0.9689813015873016 0.8987367658536586 0.9778753769841271 0.9186298585365853 0.9740574285714285 0.9198944585365854 0.971801369047619 0.9050053804878049 0.9464719920634921
0 0.19988496097560973 0.9811333849206348 0.23858714390243901 0.987799003968254 0.24797364390243903 0.9719040436507936 0.24710161707317072 0.9398577658730158 0.22369806585365853 0.962469626984127 0.20123904390243905 0.9587266269841269 0.19988496097560973 0.9811333849206348
0 0.05586972926829269 0.9403192698412698 0.045076231707317074 0.9544709087301587 0.056510521951219514 0.9583164603174603 0.05586972926829269 0.9403192698412698
0 0.3883420219512195 0.8120828095238095 0.3998292243902439 0.8400784404761905 0.41402459512195117 0.8232605476190477 0.4043539414634146 0.8009563373015872 0.3883420219512195 0.8120828095238095
0 0.36423101707317074 0.6032948928571429 0.3729042292682927 0.627803884920635 0.3875091585365854 0.6149340992063492 0.3778385073170732 0.5926298888888889 0.36423101707317074 0.6032948928571429
0 0.28687956585365854 0.6141137301587302 0.2943241048780488 0.6267784206349206 0.3093385902439024 0.6178567301587301 0.29808262195121954 0.6039101944444445 0.28687956585365854 0.6141137301587302
0 0 0.49909784920634925 0.006828609756097561 0.5148472261904762 0.04066900975609756 0.4982857023809524 0.04642240487804878 0.47100790873015874 0.03516643414634146 0.457061373015873 0.0013260341463414635 0.4736228968253968 0 0.47964215476190475 0 0.49909784920634925