0 0.24286759693877552 0.8454216849489796 0.247464912414966 0.8547871020408163 0.27794314540816323 0.8508948176020408 0.3010823775510204 0.8351207806122449 0.3416869676870748 0.8411163010204081 0.36313761479591833 0.849522306122449 0.4185611301020408 0.8534829145408163 0.43183239200680273 0.8498296237244898 0.4506287865646258 0.8589662882653062 0.4741712389455782 0.8271348163265306 0.4724982916666667 0.8022445982142856 0.467900975340136 0.7928791823979593 0.45140128486394554 0.7945590102040816 0.43675722448979587 0.803087913265306 0.40805110034013603 0.7983147168367347 0.3896044362244898 0.8021660344387755 0.34055425425170066 0.7866377959183674 0.3198526488095238 0.7874299030612245 0.30380184948979594 0.7685420102040816 0.2853134243197279 0.7646360484693877 0.26493151530612247 0.7338561607142856 0.23568906717687074 0.7464036862244897 0.22980247619047617 0.7574284451530612 0.22864630527210886 0.7765553316326531 0.2355859957482993 0.7922269528061225 0.22965764370748298 0.795494431122449 0.22598814370748302 0.7895535535714286 0.2262504413265306 0.7992945395408163 0.2430085204081633 0.8196232653061225 0.24286759693877552 0.8454216849489796
0 0.2887636326530612 0.6258927206632653 0.2984071556122449 0.6240558341836735 0.3029209489795918 0.6179066887755102 0.2997916819727891 0.5823775242346939 0.2962552848639456 0.5751733584183674 0.3018795782312925 0.5544076135204081 0.31285413775510207 0.5399378303571428 0.3136527593537415 0.5323580956632653 0.31228387159863946 0.5249661428571429 0.30781575 0.5266050038265306 0.3053402721088435 0.5215620880102041 0.29534310884353737 0.5226785586734694 0.2656935297619048 0.5635510829081632 0.2563501556122449 0.5951538010204082 0.26086003911564626 0.6012722206632654 0.2594376607142857 0.6229256849489796 0.2633694591836735 0.6386075471938776 0.2703587304421769 0.637501318877551 0.2740282304421769 0.6434421951530612 0.2887636326530612 0.6258927206632653
0 0.3612818069727891 0.426839299744898 0.3598254863945578 0.41620035331632654 0.35248257568027214 0.4165861658163265 0.3737883903061225 0.4630581568877551 0.39050861734693876 0.46336203571428575 0.38613183758503405 0.45598032780612247 0.38693045833333334 0.4484005905612245 0.39246340901360544 0.43665541454081636 0.3972969005102041 0.3989342755102041 0.39435031717687075 0.3453639706632653 0.37488449574829935 0.3548113201530612 0.3581146879251701 0.37128529081632655 0.3658986709183673 0.37486689030612247 0.3720057967687075 0.3658258367346939 0.3764282482993197 0.3686972614795918 0.3721611139455782 0.4336576543367347 0.36950686139455785 0.4343883125 0.3669896224489796 0.42158811479591835 0.3612818069727891 0.426839299744898
0 0.4431108341836735 0.437024181122449 0.4401642508503401 0.3834538762755102 0.4519374319727891 0.3614043584183674 0.44110379591836735 0.3500757193877551 0.4313728392857143 0.34866561096938775 0.41863008163265303 0.3595333086734694 0.41198272108843537 0.39816265051020405 0.4156026411564626 0.4208813775510204 0.42068669982993195 0.42970391964285715 0.4182490739795918 0.44468584948979595 0.433505162414966 0.4588859132653061 0.44191290136054423 0.44839378443877553 0.4431108341836735 0.437024181122449
0 0.39916301530612247 0.5116811556122449 0.3920863112244898 0.5095403890306123 0.3917744336734694 0.5165772525510204 0.3763317525510204 0.5326858941326531 0.39366791581632654 0.5434511772959184 0.4119736573129252 0.5653982793367347 0.42502438435374146 0.5597612831632653 0.42516139710884354 0.5462304272959184 0.3926148163265306 0.5167547971938775 0.39916301530612247 0.5116811556122449
0 0.46297472108843535 0.5664874617346939 0.45395104506802714 0.5665181862244898 0.4507187074829932 0.5768122869897959 0.45787893367346943 0.5944676147959184 0.4685794668367347 0.6070595420918368 0.4981677355442176 0.6197675637755102 0.5072827551020408 0.6107162704081632 0.5078151692176871 0.605663112244898 0.4994152482993197 0.5916201096938776 0.46297472108843535 0.5664874617346939
0 0.4734364149659864 0.4957330114795918 0.470603387755102 0.5022372448979592 0.47710591496598637 0.501673887755102 0.4781250731292517 0.4960778571428572 0.4734364149659864 0.4957330114795918
0 0.46458760374149655 0.5022577270408163 0.46042744982993195 0.5091272895408163 0.4620168732993198 0.5185029464285714 0.45007273724489794 0.5217909081632653 0.4480800926870748 0.5284726836734694 0.4637772525510204 0.5466401607142857 0.46997181207482996 0.5408461033163265 0.4672340365646258 0.5260621989795918 0.4719266037414966 0.514139480867347 0.46458760374149655 0.5022577270408163
0 0.43937611394557824 0.4969314145408163 0.43473312670068026 0.4920762844387755 0.43110538775510204 0.4938926875 0.42920017602040816 0.5038214591836735 0.4368510552721089 0.5086663482142857 0.43937611394557824 0.4969314145408163
0 0.41500109778911565 0.5040502117346939 0.42765251360544215 0.5022030829081633 0.42765642346938776 0.48993551785714284 0.40191642942176875 0.4773947971938775 0.39846355527210886 0.4857051926020408 0.4071296828231293 0.4972216173469388 0.41500109778911565 0.5040502117346939
0 0.20015414200680273 0.6556004719387755 0.19869782142857143 0.6449615242346939 0.16747836734693877 0.6151205650510204 0.15434020833333334 0.6175105650510204 0.14955629846938776 0.6384538558673469 0.15114572278911564 0.647829512755102 0.16502901275510204 0.6669051900510203 0.18161222619047618 0.6807399234693878 0.20067482738095238 0.6873500089285713 0.20098670578231292 0.6803131454081632 0.19492915986394557 0.6725763482142857 0.20015414200680273 0.6556004719387755
0 0.2134149200680272 0.5460493775510205 0.2063382168367347 0.543908612244898 0.2001436573129252 0.5497026696428572 0.19540150850340135 0.5784032385204082 0.20189621683673467 0.602375012755102 0.21003384013605442 0.6066770293367347 0.22653744047619048 0.592729637755102 0.22733606207482995 0.5851499017857142 0.22102012840136054 0.5554045535714286 0.2134149200680272 0.5460493775510205
0 0.1193403630952381 0.652087125 0.13168381037414967 0.6450092959183674 0.14177622534013604 0.6226046913265306 0.1426244268707483 0.5982471033163266 0.13232320493197278 0.5818653061224489 0.12679416411564626 0.581342918367347 0.11865263180272109 0.5893084668367347 0.11077339710884355 0.6070150012755102 0.1143972261904762 0.6174661632653061 0.11899845238095239 0.6145640127551021 0.12160703316326531 0.6183436403061224 0.12111638095238095 0.6311540778061224 0.1148761505102041 0.6414584196428571 0.1193403630952381 0.652087125