0 0.4360655737704918 0.5767857142857142 0.4180327868852459 0.55 0.3901639344262295 0.5446428571428571 0.3819672131147541 0.5142857142857142 0.35737704918032787 0.5303571428571429 0.3475409836065574 0.5696428571428571 0.3721311475409836 0.6214285714285714 0.4131147540983607 0.6267857142857143 0.43278688524590164 0.6089285714285714 0.4360655737704918 0.5767857142857142
0 0.6180327868852459 0.49642857142857144 0.6672131147540984 0.475 0.7016393442622951 0.43392857142857144 0.7 0.41785714285714287 0.6524590163934426 0.4125 0.6524590163934426 0.3767857142857143 0.6360655737704918 0.3517857142857143 0.6475409836065574 0.3392857142857143 0.680327868852459 0.3464285714285714 0.7245901639344262 0.2839285714285714 0.7245901639344262 0.26607142857142857 0.7032786885245902 0.2857142857142857 0.7 0.2714285714285714 0.6819672131147541 0.2767857142857143 0.6754098360655738 0.24107142857142858 0.7016393442622951 0.22321428571428573 0.6934426229508197 0.2 0.6754098360655738 0.20892857142857144 0.6754098360655738 0.23035714285714284 0.6442622950819672 0.2785714285714286 0.6229508196721312 0.2625 0.6131147540983607 0.21964285714285714 0.6262295081967213 0.1982142857142857 0.6704918032786885 0.18571428571428572 0.6852459016393443 0.16607142857142856 0.6704918032786885 0.12857142857142856 0.6442622950819672 0.13214285714285715 0.6311475409836066 0.11428571428571428 0.6131147540983607 0.13035714285714287 0.6163934426229508 0.16607142857142856 0.6360655737704918 0.15892857142857142 0.6131147540983607 0.20892857142857144 0.5868852459016394 0.21964285714285714 0.6 0.19464285714285715 0.5918032786885246 0.16071428571428573 0.5426229508196722 0.2392857142857143 0.5262295081967213 0.225 0.4918032786885246 0.24821428571428572 0.4524590163934426 0.3517857142857143 0.4 0.39107142857142857 0.4 0.4089285714285714 0.4426229508196721 0.4375 0.4262295081967213 0.45535714285714285 0.42950819672131146 0.4875 0.45081967213114754 0.49642857142857144 0.4639344262295082 0.475 0.4901639344262295 0.49642857142857144 0.5098360655737705 0.48928571428571427 0.5114754098360655 0.5410714285714285 0.5409836065573771 0.5625 0.5819672131147541 0.5535714285714286 0.6180327868852459 0.49642857142857144
0 0.5278688524590164 0.6303571428571428 0.5278688524590164 0.5803571428571429 0.5163934426229508 0.5785714285714286 0.5016393442622951 0.5910714285714286 0.49836065573770494 0.6303571428571428 0.5147540983606558 0.6660714285714285 0.5311475409836065 0.6660714285714285 0.5409836065573771 0.6446428571428572 0.5278688524590164 0.6303571428571428
0 0.48032786885245904 0.6178571428571429 0.4491803278688525 0.6267857142857143 0.4557377049180328 0.6553571428571429 0.46885245901639344 0.6589285714285714 0.4885245901639344 0.6410714285714286 0.48032786885245904 0.6178571428571429
0 0.4721311475409836 0.7017857142857142 0.42131147540983604 0.6928571428571428 0.4131147540983607 0.7232142857142857 0.43934426229508194 0.7303571428571428 0.4639344262295082 0.725 0.4721311475409836 0.7017857142857142
0 0.4901639344262295 0.7035714285714286 0.4819672131147541 0.7267857142857143 0.5016393442622951 0.7339285714285714 0.5114754098360655 0.7125 0.4901639344262295 0.7035714285714286
0 0.5918032786885246 0.6214285714285714 0.5540983606557377 0.6339285714285714 0.5573770491803278 0.6553571428571429 0.5737704918032787 0.6625 0.5901639344262295 0.6482142857142857 0.5918032786885246 0.6214285714285714
0 0.4262295081967213 0.48392857142857143 0.42950819672131146 0.4375 0.39344262295081966 0.40535714285714286 0.39672131147540984 0.3767857142857143 0.3360655737704918 0.3821428571428571 0.35737704918032787 0.4017857142857143 0.34918032786885245 0.4107142857142857 0.33278688524590166 0.3964285714285714 0.32131147540983607 0.4089285714285714 0.32131147540983607 0.44821428571428573 0.3344262295081967 0.4375 0.32131147540983607 0.5017857142857143 0.3377049180327869 0.5160714285714286 0.319672131147541 0.5107142857142857 0.3180327868852459 0.5232142857142857 0.33934426229508197 0.5214285714285715 0.34262295081967215 0.5357142857142857 0.36885245901639346 0.525 0.40491803278688526 0.55 0.42131147540983604 0.5285714285714286 0.42295081967213116 0.5482142857142858 0.43278688524590164 0.5482142857142858 0.4426229508196721 0.5017857142857143 0.4262295081967213 0.48392857142857143
0 0.4459016393442623 0.4660714285714286 0.4459016393442623 0.4375 0.4180327868852459 0.4357142857142857 0.39344262295081966 0.4160714285714286 0.42950819672131146 0.3875 0.42131147540983604 0.3678571428571429 0.46229508196721314 0.36964285714285716 0.46229508196721314 0.2732142857142857 0.4786885245901639 0.2517857142857143 0.45901639344262296 0.2375 0.46229508196721314 0.19107142857142856 0.43934426229508194 0.19107142857142856 0.46557377049180326 0.13035714285714287 0.4540983606557377 0.10357142857142858 0.42295081967213116 0.13035714285714287 0.4180327868852459 0.16428571428571428 0.3885245901639344 0.15357142857142858 0.35737704918032787 0.1767857142857143 0.36065573770491804 0.2017857142857143 0.39344262295081966 0.21607142857142858 0.380327868852459 0.21964285714285714 0.3770491803278688 0.2732142857142857 0.35081967213114756 0.2982142857142857 0.3770491803278688 0.3196428571428571 0.35081967213114756 0.38392857142857145 0.3901639344262295 0.40535714285714286 0.3655737704918033 0.4107142857142857 0.36721311475409835 0.4303571428571429 0.35081967213114756 0.4375 0.36065573770491804 0.4767857142857143 0.3836065573770492 0.4767857142857143 0.37868852459016394 0.5035714285714286 0.3950819672131147 0.4714285714285714 0.4016393442622951 0.49642857142857144 0.4180327868852459 0.4714285714285714 0.42131147540983604 0.49642857142857144 0.4491803278688525 0.5017857142857143 0.45901639344262296 0.46964285714285714 0.4459016393442623 0.4660714285714286
0 0.6836065573770492 0.2 0.6754098360655738 0.22321428571428573 0.6950819672131148 0.23392857142857143 0.7049180327868853 0.20535714285714285 0.6836065573770492 0.2
0 0.8622950819672132 0.1732142857142857 0.8540983606557377 0.15357142857142858 0.8295081967213115 0.16607142857142856 0.819672131147541 0.14464285714285716 0.8360655737704918 0.1375 0.8278688524590164 0.12142857142857143 0.7819672131147541 0.1357142857142857 0.7672131147540984 0.11964285714285715 0.7655737704918033 0.08571428571428572 0.7508196721311475 0.09107142857142857 0.7475409836065574 0.11607142857142858 0.7016393442622951 0.18035714285714285 0.7098360655737705 0.19285714285714287 0.7262295081967213 0.16785714285714284 0.7786885245901639 0.17142857142857143 0.780327868852459 0.1982142857142857 0.7475409836065574 0.23392857142857143 0.760655737704918 0.24107142857142858 0.8049180327868852 0.19642857142857142 0.8622950819672132 0.1732142857142857
0 0.5065573770491804 0.05 0.4918032786885246 0.08392857142857142 0.5131147540983606 0.08214285714285714 0.5278688524590164 0.10535714285714286 0.5377049180327869 0.08392857142857142 0.5065573770491804 0.05
0 0.6081967213114754 0.05357142857142857 0.6032786885245902 0.0875 0.6327868852459017 0.09821428571428571 0.6754098360655738 0.0625 0.6081967213114754 0.05357142857142857
0 0.8852459016393442 0.07321428571428572 0.898360655737705 0.07678571428571429 0.9065573770491804 0.04642857142857143 0.8852459016393442 0.07321428571428572
0 0.8426229508196721 0.09464285714285714 0.8524590163934426 0.10178571428571428 0.8672131147540983 0.06785714285714285 0.8426229508196721 0.09464285714285714
0 0.6852459016393443 0.6982142857142857 0.6901639344262295 0.6571428571428571 0.7229508196721312 0.7071428571428572 0.739344262295082 0.7071428571428572 0.759016393442623 0.6785714285714286 0.7754098360655738 0.6964285714285714 0.780327868852459 0.6625 0.8016393442622951 0.6571428571428571 0.8081967213114755 0.6321428571428571 0.8344262295081967 0.6392857142857142 0.8590163934426229 0.6196428571428572 0.8540983606557377 0.6071428571428571 0.8655737704918033 0.6089285714285714 0.8426229508196721 0.5839285714285715 0.8475409836065574 0.575 0.8688524590163934 0.5946428571428571 0.8491803278688524 0.5660714285714286 0.8688524590163934 0.5589285714285714 0.8655737704918033 0.5196428571428572 0.8229508196721311 0.5017857142857143 0.8295081967213115 0.48392857142857143 0.8032786885245902 0.4732142857142857 0.8213114754098361 0.4642857142857143 0.7983606557377049 0.4642857142857143 0.7852459016393443 0.44642857142857145 0.7524590163934426 0.44642857142857145 0.7524590163934426 0.4607142857142857 0.719672131147541 0.4357142857142857 0.7049180327868853 0.4517857142857143 0.7229508196721312 0.45714285714285713 0.6836065573770492 0.45357142857142857 0.6770491803278689 0.4785714285714286 0.6213114754098361 0.49642857142857144 0.5901639344262295 0.5303571428571429 0.5852459016393443 0.5571428571428572 0.5311475409836065 0.5732142857142857 0.5360655737704918 0.675 0.5606557377049181 0.6732142857142858 0.5508196721311476 0.6446428571428572 0.5622950819672131 0.625 0.5918032786885246 0.6214285714285714 0.580327868852459 0.6660714285714285 0.5967213114754099 0.6589285714285714 0.5868852459016394 0.6732142857142858 0.6049180327868853 0.6964285714285714 0.6180327868852459 0.6785714285714286 0.6344262295081967 0.7 0.6475409836065574 0.6928571428571428 0.6639344262295082 0.7142857142857143 0.6852459016393443 0.7125 0.7016393442622951 0.7053571428571429 0.6852459016393443 0.6982142857142857
0 0.5901639344262295 0.8017857142857143 0.6 0.8053571428571429 0.5983606557377049 0.7785714285714286 0.5901639344262295 0.8017857142857143
0 0.5868852459016394 0.8446428571428571 0.5721311475409836 0.8464285714285714 0.5688524590163935 0.8285714285714286 0.5606557377049181 0.8732142857142857 0.5704918032786885 0.8732142857142857 0.5868852459016394 0.8660714285714286 0.5868852459016394 0.8446428571428571
0 0.6327868852459017 0.8446428571428571 0.6409836065573771 0.8714285714285714 0.659016393442623 0.8696428571428572 0.6540983606557377 0.8464285714285714 0.6327868852459017 0.8446428571428571
0 0.6557377049180327 0.8767857142857143 0.6770491803278689 0.9035714285714286 0.6836065573770492 0.8928571428571429 0.7081967213114754 0.9017857142857143 0.7032786885245902 0.8678571428571429 0.6557377049180327 0.8767857142857143
0 0.22459016393442624 0.575 0.24754098360655738 0.5642857142857143 0.27704918032786885 0.5714285714285714 0.27049180327868855 0.5571428571428572 0.3180327868852459 0.5375 0.30491803278688523 0.5017857142857143 0.32786885245901637 0.48392857142857143 0.32295081967213113 0.41785714285714287 0.30655737704918035 0.4357142857142857 0.30655737704918035 0.42142857142857143 0.2540983606557377 0.42142857142857143 0.2180327868852459 0.4 0.20655737704918034 0.4017857142857143 0.21147540983606558 0.4142857142857143 0.1918032786885246 0.4142857142857143 0.19508196721311474 0.4 0.16065573770491803 0.4303571428571429 0.14426229508196722 0.4767857142857143 0.15081967213114755 0.5196428571428572 0.16393442622950818 0.5232142857142857 0.14754098360655737 0.5303571428571429 0.17704918032786884 0.5553571428571429 0.1819672131147541 0.5857142857142857 0.18524590163934426 0.575 0.2 0.5839285714285715 0.2180327868852459 0.5642857142857143 0.22459016393442624 0.575
0 0.1901639344262295 0.3410714285714286 0.20655737704918034 0.3482142857142857 0.2081967213114754 0.3392857142857143 0.1901639344262295 0.3410714285714286
0 0.23442622950819672 0.3535714285714286 0.2360655737704918 0.3767857142857143 0.25245901639344265 0.38035714285714284 0.25573770491803277 0.36607142857142855 0.23442622950819672 0.3535714285714286
0 0.3360655737704918 0.3821428571428571 0.33114754098360655 0.3982142857142857 0.35081967213114756 0.4125 0.36065573770491804 0.39464285714285713 0.3360655737704918 0.3821428571428571
0 0.35737704918032787 0.14821428571428572 0.35737704918032787 0.11607142857142858 0.2901639344262295 0.11428571428571428 0.2754098360655738 0.1767857142857143 0.3 0.19285714285714287 0.35737704918032787 0.1982142857142857 0.3704918032786885 0.1625 0.35737704918032787 0.14821428571428572