0 0.29416090677966106 0.9163512452229299 0.303226154661017 0.9257296847133758 0.3396608516949152 0.9270018184713377 0.3500570127118644 0.8526501815286623 0.3105215402542373 0.8388789936305733 0.29416090677966106 0.9163512452229299
0 0.4203232563559322 0.8164516878980892 0.41352549576271186 0.8770586719745224 0.38934367372881357 0.8795432261146497 0.3793582902542373 0.9457719649681529 0.4207739427966102 0.9551703089171975 0.44466704237288135 0.8189660987261146 0.4203232563559322 0.8164516878980892
0 0.5323689915254237 0.9464909713375796 0.5270333983050848 0.9755932866242039 0.5746970677966102 0.9735085636942675 0.5943164216101695 0.8615484808917198 0.5597619067796611 0.8559035031847133 0.5483071165254236 0.9183821942675159 0.5323689915254237 0.9464909713375796
0 0.5036052542372882 0.9739669968152865 0.5243107245762711 0.8433845414012738 0.48420251483050847 0.8327372866242039 0.46161685805084746 0.9676925891719745 0.5036052542372882 0.9739669968152865
0 0.2553601377118644 0.9044550796178344 0.26904250423728815 0.765120296178344 0.23040370127118642 0.7582230923566879 0.21132959533898305 0.8975545573248408 0.2553601377118644 0.9044550796178344
0 0.5085650593220339 0.48220727070063696 0.4712336970338983 0.4740611560509554 0.4624055254237288 0.4928014458598726 0.460027718220339 0.5234179936305733 0.47709958686440673 0.5303019299363058 0.4419136610169491 0.7339837929936306 0.4629078580508475 0.737121 0.5085650593220339 0.48220727070063696
0 0.6544540741525424 0.5335353439490447 0.6176954512711864 0.5222652929936306 0.6126276440677967 0.5322598949044586 0.6063275084745763 0.5666231751592357 0.615965497881356 0.5728776815286624 0.575225875 0.7715572675159236 0.6125572394067798 0.7797033853503185 0.6544540741525424 0.5335353439490447
0 0.5785590190677966 0.5416117929936306 0.5725194322033899 0.5216126401273885 0.5626326292372881 0.5284799872611464 0.5625575148305085 0.5053602197452229 0.5428707605932204 0.5009741050955414 0.49909374152542374 0.7515149872611465 0.5405093961864407 0.7609133312101911 0.5785590190677966 0.5416117929936306
0 0.3179859131355932 0.44522342038216556 0.2915248686440678 0.418963127388535 0.272485968220339 0.43457284713375793 0.2412106377118644 0.6757485636942675 0.2852411758474576 0.6826490859872612 0.2896728622881356 0.6114180668789809 0.3179859131355932 0.44522342038216556
0 0.17105941949152545 0.8819083439490446 0.1847417902542373 0.7425735605095541 0.1446335783898305 0.7319263057324841 0.12702888135593218 0.8750078184713376 0.17105941949152545 0.8819083439490446
0 0.19350187288135595 0.3889096592356688 0.1574826588983051 0.6500778917197453 0.20094046186440678 0.6601023503184714 0.22320218855932203 0.5151491305732484 0.23540341525423727 0.4133048789808917 0.19350187288135595 0.3889096592356688