0 0.5262096774193549 0.5906862745098039 0.5100806451612904 0.579248366013072 0.5040322580645161 0.559640522875817 0.5161290322580645 0.5334967320261438 0.5100806451612904 0.5089869281045751 0.5201612903225806 0.49754901960784315 0.530241935483871 0.4599673202614379 0.5524193548387096 0.4338235294117647 0.5665322580645161 0.38643790849673204 0.5625 0.3684640522875817 0.5453629032258065 0.3562091503267974 0.5221774193548387 0.36356209150326796 0.5221774193548387 0.37663398692810457 0.5443548387096774 0.40441176470588236 0.5282258064516129 0.4583333333333333 0.5040322580645161 0.5008169934640523 0.46975806451612906 0.5138888888888888 0.4939516129032258 0.5629084967320261 0.4778225806451613 0.5972222222222222 0.48689516129032256 0.6045751633986928 0.5141129032258065 0.6037581699346405 0.5262096774193549 0.5988562091503268 0.5262096774193549 0.5906862745098039
0 0.49193548387096775 0.6625816993464052 0.4889112903225806 0.6503267973856209 0.4586693548387097 0.6519607843137255 0.42943548387096775 0.6625816993464052 0.43649193548387094 0.6764705882352942 0.46169354838709675 0.6838235294117647 0.46875 0.6666666666666666 0.49193548387096775 0.6625816993464052
0 0.4153225806451613 0.6658496732026143 0.40826612903225806 0.6519607843137255 0.3941532258064516 0.6503267973856209 0.3870967741935484 0.6576797385620915 0.4092741935483871 0.6887254901960784 0.4112903225806452 0.7132352941176471 0.42338709677419356 0.7197712418300654 0.42943548387096775 0.7050653594771242 0.4153225806451613 0.6658496732026143
0 0.5715725806451613 0.7924836601307189 0.5604838709677419 0.8047385620915033 0.5745967741935484 0.8112745098039216 0.5846774193548387 0.8014705882352942 0.5715725806451613 0.7924836601307189
0 0.48689516129032256 0.8055555555555556 0.4727822580645161 0.8055555555555556 0.46169354838709675 0.8145424836601307 0.4627016129032258 0.8235294117647058 0.4536290322580645 0.821078431372549 0.46169354838709675 0.8080065359477124 0.44556451612903225 0.809640522875817 0.45463709677419356 0.8284313725490197 0.47076612903225806 0.8235294117647058 0.4899193548387097 0.8276143790849673 0.4959677419354839 0.8161764705882353 0.48689516129032256 0.8055555555555556
0 0.4788306451612903 0.761437908496732 0.4495967741935484 0.7704248366013072 0.45161290322580644 0.8014705882352942 0.4576612903225806 0.8031045751633987 0.4899193548387097 0.7949346405228758 0.4788306451612903 0.761437908496732
0 0.4334677419354839 0.8178104575163399 0.4223790322580645 0.8071895424836601 0.40826612903225806 0.8120915032679739 0.4002016129032258 0.8022875816993464 0.38205645161290325 0.803921568627451 0.37701612903225806 0.8161764705882353 0.39314516129032256 0.8308823529411765 0.3971774193548387 0.8472222222222222 0.42338709677419356 0.8521241830065359 0.4334677419354839 0.8439542483660131 0.4334677419354839 0.8178104575163399
0 0.4647177419354839 0.9117647058823529 0.4798387096774194 0.9027777777777778 0.47076612903225806 0.8937908496732027 0.4465725806451613 0.8970588235294118 0.34375 0.8872549019607843 0.3326612903225806 0.8962418300653595 0.3346774193548387 0.9109477124183006 0.3649193548387097 0.9158496732026143 0.3840725806451613 0.9068627450980392 0.4647177419354839 0.9117647058823529
0 0.5645161290322581 0.9174836601307189 0.5625 0.9093137254901961 0.5745967741935484 0.8946078431372549 0.561491935483871 0.8790849673202614 0.5504032258064516 0.8766339869281046 0.5433467741935484 0.8627450980392157 0.5252016129032258 0.8627450980392157 0.5191532258064516 0.8709150326797386 0.5171370967741935 0.8627450980392157 0.49899193548387094 0.8594771241830066 0.48588709677419356 0.8651960784313726 0.48588709677419356 0.875 0.5030241935483871 0.8839869281045751 0.5191532258064516 0.8741830065359477 0.5282258064516129 0.8880718954248366 0.5191532258064516 0.8921568627450981 0.5151209677419355 0.8872549019607843 0.5161290322580645 0.8946078431372549 0.5040322580645161 0.8962418300653595 0.4939516129032258 0.920751633986928 0.5050403225806451 0.9297385620915033 0.5342741935483871 0.9223856209150327 0.5383064516129032 0.9338235294117647 0.5221774193548387 0.9648692810457516 0.530241935483871 0.9681372549019608 0.5403225806451613 0.9370915032679739 0.5645161290322581 0.9174836601307189
0 0.2318548387096774 0.8799019607843137 0.2127016129032258 0.8790849673202614 0.20967741935483872 0.8995098039215687 0.23588709677419356 0.9027777777777778 0.24193548387096775 0.8946078431372549 0.2318548387096774 0.8799019607843137
0 0.2006048387096774 0.7173202614379085 0.1935483870967742 0.7344771241830066 0.21169354838709678 0.7410130718954249 0.2217741935483871 0.7246732026143791 0.2006048387096774 0.7173202614379085
0 0.2711693548387097 0.5604575163398693 0.2610887096774194 0.5506535947712419 0.25 0.5694444444444444 0.2540322580645161 0.5923202614379085 0.28830645161290325 0.6004901960784313 0.2903225806451613 0.5645424836601307 0.2711693548387097 0.5604575163398693
0 0.5776209677419355 0.7663398692810458 0.5907258064516129 0.7573529411764706 0.5846774193548387 0.7459150326797386 0.594758064516129 0.7426470588235294 0.6008064516129032 0.7230392156862745 0.6129032258064516 0.7181372549019608 0.6068548387096774 0.7066993464052288 0.6169354838709677 0.7034313725490197 0.6169354838709677 0.6919934640522876 0.6018145161290323 0.6895424836601307 0.5957661290322581 0.6748366013071896 0.5715725806451613 0.6781045751633987 0.5574596774193549 0.6683006535947712 0.5332661290322581 0.6683006535947712 0.5110887096774194 0.6748366013071896 0.5040322580645161 0.6838235294117647 0.49798387096774194 0.7034313725490197 0.5080645161290323 0.7066993464052288 0.5080645161290323 0.7148692810457516 0.49798387096774194 0.7165032679738562 0.4959677419354839 0.7263071895424836 0.5050403225806451 0.7189542483660131 0.5120967741935484 0.7312091503267973 0.5050403225806451 0.7369281045751634 0.49899193548387094 0.7320261437908496 0.4959677419354839 0.7426470588235294 0.5141129032258065 0.7459150326797386 0.5090725806451613 0.7581699346405228 0.5524193548387096 0.7671568627450981 0.561491935483871 0.761437908496732 0.5776209677419355 0.7663398692810458
0 0.7278225806451613 0.6217320261437909 0.6985887096774194 0.6062091503267973 0.6784274193548387 0.6111111111111112 0.6713709677419355 0.6331699346405228 0.6754032258064516 0.6560457516339869 0.7137096774193549 0.6576797385620915 0.7298387096774194 0.6397058823529411 0.7278225806451613 0.6217320261437909
0 0.7046370967741935 0.6830065359477124 0.688508064516129 0.6830065359477124 0.6774193548387096 0.690359477124183 0.6754032258064516 0.7181372549019608 0.7096774193548387 0.7197712418300654 0.7137096774193549 0.690359477124183 0.7046370967741935 0.6830065359477124
0 0.6895161290322581 0.3145424836601307 0.6915322580645161 0.2834967320261438 0.6643145161290323 0.2630718954248366 0.657258064516129 0.2638888888888889 0.6502016129032258 0.28104575163398693 0.6199596774193549 0.27450980392156865 0.6189516129032258 0.32598039215686275 0.6502016129032258 0.33169934640522875 0.6643145161290323 0.3235294117647059 0.6754032258064516 0.3292483660130719 0.6784274193548387 0.3415032679738562 0.6895161290322581 0.3423202614379085 0.6975806451612904 0.33251633986928103 0.6895161290322581 0.3145424836601307
0 0.5967741935483871 0.3423202614379085 0.5987903225806451 0.3145424836601307 0.5806451612903226 0.309640522875817 0.5756048387096774 0.2777777777777778 0.5433467741935484 0.27941176470588236 0.53125 0.2679738562091503 0.5090725806451613 0.2679738562091503 0.4848790322580645 0.2957516339869281 0.47076612903225806 0.2973856209150327 0.4627016129032258 0.3104575163398693 0.4405241935483871 0.31209150326797386 0.4314516129032258 0.32598039215686275 0.4314516129032258 0.34068627450980393 0.4465725806451613 0.3545751633986928 0.46068548387096775 0.3545751633986928 0.47076612903225806 0.3415032679738562 0.48689516129032256 0.3366013071895425 0.5252016129032258 0.3431372549019608 0.5272177419354839 0.35294117647058826 0.53125 0.34477124183006536 0.5413306451612904 0.35130718954248363 0.5574596774193549 0.34477124183006536 0.5544354838709677 0.3570261437908497 0.5766129032258065 0.3602941176470588 0.5786290322580645 0.35049019607843135 0.5967741935483871 0.3423202614379085
0 0.40725806451612906 0.39624183006535946 0.4102822580645161 0.40522875816993464 0.4435483870967742 0.40441176470588236 0.4425403225806452 0.39215686274509803 0.40725806451612906 0.39624183006535946
0 0.32560483870967744 0.32679738562091504 0.3245967741935484 0.352124183006536 0.3528225806451613 0.352124183006536 0.3548387096774194 0.3292483660130719 0.32560483870967744 0.32679738562091504
0 0.34173387096774194 0.27450980392156865 0.3407258064516129 0.2834967320261438 0.35080645161290325 0.2834967320261438 0.3528225806451613 0.27532679738562094 0.34173387096774194 0.27450980392156865
0 0.3649193548387097 0.23284313725490197 0.3276209677419355 0.23366013071895425 0.32661290322580644 0.24754901960784315 0.3407258064516129 0.24918300653594772 0.3639112903225806 0.24836601307189543 0.3649193548387097 0.23284313725490197
0 0.25705645161290325 0.1977124183006536 0.2469758064516129 0.1977124183006536 0.24193548387096775 0.2312091503267974 0.26814516129032256 0.2361111111111111 0.2721774193548387 0.2099673202614379 0.25705645161290325 0.1977124183006536
0 0.5443548387096774 0.23937908496732027 0.5383064516129032 0.21486928104575165 0.5272177419354839 0.20751633986928106 0.4848790322580645 0.20751633986928106 0.45060483870967744 0.18627450980392157 0.40725806451612906 0.18872549019607843 0.4032258064516129 0.21650326797385622 0.42036290322580644 0.24836601307189543 0.4284274193548387 0.2434640522875817 0.4405241935483871 0.25 0.5221774193548387 0.2508169934640523 0.5393145161290323 0.24836601307189543 0.5443548387096774 0.23937908496732027
0 0.8215725806451613 0.2107843137254902 0.7762096774193549 0.21323529411764705 0.7741935483870968 0.23284313725490197 0.7983870967741935 0.23774509803921567 0.8266129032258065 0.23284313725490197 0.8215725806451613 0.2107843137254902
0 0.7651209677419355 0.10294117647058823 0.7560483870967742 0.11029411764705882 0.7580645161290323 0.12173202614379085 0.7691532258064516 0.13071895424836602 0.7862903225806451 0.1315359477124183 0.7903225806451613 0.11029411764705882 0.7651209677419355 0.10294117647058823
0 0.6925403225806451 0.1568627450980392 0.6774193548387096 0.1576797385620915 0.6854838709677419 0.16748366013071894 0.6935483870967742 0.16584967320261437 0.6925403225806451 0.1568627450980392
0 0.5907258064516129 0.14133986928104575 0.5756048387096774 0.13725490196078433 0.5594758064516129 0.14215686274509803 0.5544354838709677 0.1527777777777778 0.5645161290322581 0.15604575163398693 0.5917338709677419 0.15522875816993464 0.5907258064516129 0.14133986928104575
0 0.4375 0.14950980392156862 0.4324596774193548 0.1437908496732026 0.40826612903225806 0.14215686274509803 0.3951612903225806 0.16584967320261437 0.4213709677419355 0.16911764705882354 0.43548387096774194 0.16748366013071894 0.4375 0.14950980392156862
0 0.3840725806451613 0.15359477124183007 0.3719758064516129 0.1503267973856209 0.3487903225806452 0.1576797385620915 0.3538306451612903 0.1781045751633987 0.38306451612903225 0.1772875816993464 0.38911290322580644 0.16258169934640523 0.3840725806451613 0.15359477124183007
0 0.25100806451612906 0.12908496732026145 0.22580645161290322 0.1315359477124183 0.2288306451612903 0.1437908496732026 0.2560483870967742 0.14297385620915032 0.25806451612903225 0.13316993464052287 0.25100806451612906 0.12908496732026145
0 0.9294354838709677 0.0857843137254902 0.9254032258064516 0.056372549019607844 0.8921370967741935 0.05555555555555555 0.8850806451612904 0.06781045751633986 0.8870967741935484 0.09068627450980392 0.9153225806451613 0.09395424836601307 0.9264112903225806 0.09313725490196079 0.9294354838709677 0.0857843137254902
0 0.9536290322580645 0.19852941176470587 0.9304435483870968 0.19117647058823528 0.9092741935483871 0.21650326797385622 0.9193548387096774 0.21977124183006536 0.9153225806451613 0.2246732026143791 0.9243951612903226 0.23366013071895425 0.9455645161290323 0.23284313725490197 0.9556451612903226 0.21650326797385622 0.9536290322580645 0.19852941176470587
0 0.8407258064516129 0.2916666666666667 0.8397177419354839 0.31209150326797386 0.8689516129032258 0.31290849673202614 0.8679435483870968 0.28921568627450983 0.8407258064516129 0.2916666666666667
0 0.7993951612903226 0.36437908496732024 0.7943548387096774 0.3929738562091503 0.8044354838709677 0.3929738562091503 0.8084677419354839 0.3799019607843137 0.7993951612903226 0.36437908496732024
0 0.6340725806451613 0.39052287581699346 0.6149193548387096 0.39624183006535946 0.6129032258064516 0.4125816993464052 0.6229838709677419 0.41748366013071897 0.6370967741935484 0.40441176470588236 0.6340725806451613 0.39052287581699346
0 0.4223790322580645 0.6111111111111112 0.4153225806451613 0.6168300653594772 0.4274193548387097 0.6233660130718954 0.4334677419354839 0.6151960784313726 0.4223790322580645 0.6111111111111112
0 0.40725806451612906 0.6102941176470589 0.37600806451612906 0.6045751633986928 0.3709677419354839 0.625 0.4012096774193548 0.6282679738562091 0.4092741935483871 0.6217320261437909 0.40725806451612906 0.6102941176470589
0 0.43649193548387094 0.032679738562091505 0.40725806451612906 0.04820261437908497 0.40725806451612906 0.059640522875817 0.4415322580645161 0.0661764705882353 0.45564516129032256 0.05473856209150327 0.43649193548387094 0.032679738562091505
0 0.09274193548387097 0.03676470588235294 0.059475806451612906 0.03104575163398693 0.04838709677419355 0.04820261437908497 0.05040322580645161 0.059640522875817 0.057459677419354836 0.06535947712418301 0.08870967741935484 0.06454248366013073 0.0967741935483871 0.05310457516339869 0.09274193548387097 0.03676470588235294
0 0.11491935483870967 0.14624183006535948 0.10383064516129033 0.1388888888888889 0.08366935483870967 0.1388888888888889 0.07862903225806452 0.1642156862745098 0.09475806451612903 0.16748366013071894 0.11290322580645161 0.1576797385620915 0.11491935483870967 0.14624183006535948
0 0.6925403225806451 0.9133986928104575 0.6774193548387096 0.9125816993464052 0.6754032258064516 0.9305555555555556 0.6814516129032258 0.9321895424836601 0.6955645161290323 0.928921568627451 0.6925403225806451 0.9133986928104575
0 0.49798387096774194 0.9616013071895425 0.49899193548387094 0.9689542483660131 0.5080645161290323 0.9681372549019608 0.5050403225806451 0.9607843137254902 0.49798387096774194 0.9616013071895425
0 0.39213709677419356 0.7581699346405228 0.3870967741935484 0.7736928104575164 0.40524193548387094 0.7753267973856209 0.4092741935483871 0.7622549019607843 0.39213709677419356 0.7581699346405228