0 0.06648308333333333 0.47835367518248173 0.058381333333333334 0.46102838686131387 0.03998690885416666 0.4592855948905109 0.038808703125 0.49435904014598536 0.061295375000000006 0.49545469708029194 0.06648308333333333 0.47835367518248173
0 0.22251548958333334 0.4501905839416058 0.22291841927083333 0.47454785766423363 0.240300125 0.4741249890510949 0.24090991406249998 0.45193337956204377 0.22251548958333334 0.4501905839416058
0 0.1723544453125 0.4651002919708029 0.17267462760416666 0.5080771131386862 0.1987678697916667 0.5027879233576642 0.19946040625000003 0.4619767627737226 0.1723544453125 0.4651002919708029
0 0.13098767708333334 0.45652411678832117 0.1329717421875 0.47016521897810215 0.14524848177083333 0.46822382116788325 0.14225169791666667 0.4524170583941606 0.13098767708333334 0.45652411678832117
0 0.14003019010416667 0.37717958394160583 0.14456673958333333 0.39157994525547446 0.15481804166666666 0.38530722627737224 0.1518212578125 0.3695004708029197 0.14003019010416667 0.37717958394160583
0 0.09996574739583335 0.3056006386861314 0.10344820572916667 0.32714511678832114 0.12443648177083333 0.32033739781021897 0.11378224999999999 0.3022528467153285 0.09996574739583335 0.3056006386861314
0 0.18566547916666667 0.2304144781021898 0.1859856666666667 0.2733913065693431 0.2207904453125 0.26323579197080293 0.21787640625000002 0.2288094781021898 0.18566547916666667 0.2304144781021898
0 0.24465139322916665 0.3001641605839416 0.24813384895833335 0.32170863868613137 0.26041058854166665 0.3197672408759124 0.26049333072916664 0.30114768613138687 0.24465139322916665 0.3001641605839416
0 0.27281144270833335 0.28989651459854016 0.2788463828125 0.3122002554744525 0.2952567395833333 0.3003019525547445 0.29278699999999996 0.2809231313868613 0.27281144270833335 0.28989651459854016
0 0.17730470833333334 0.38640288686131385 0.171631328125 0.39776619343065694 0.19403525520833334 0.41748140510948906 0.1987372890625 0.39464266423357663 0.17730470833333334 0.38640288686131385
0 0.21761738541666667 0.40212317518248175 0.21141695833333332 0.4170585364963504 0.2507169140625 0.43061316423357665 0.2645747890625 0.417955594890511 0.21761738541666667 0.40212317518248175
0 0.16949138020833332 0 0.15752700520833332 0.005772047445255475 0.16567012760416666 0.01378756204379562 0.17139404427083335 0 0.16949138020833332 0
0 0.32330346614583333 0.20050859854014597 0.32828431510416667 0.22995645620437954 0.3610636588541667 0.2154696204379562 0.34688559635416666 0.18515036496350365 0.32330346614583333 0.20050859854014597
0 0.3764918802083333 0.3095509160583942 0.3679458307291667 0.2771781277372263 0.3485386875 0.27326967518248174 0.3367062473958333 0.2902585693430657 0.34626501822916667 0.32479701459854016 0.3764918802083333 0.3095509160583942
0 0.5311086380208333 0.2548648905109489 0.5193589479166667 0.2532342335766423 0.5173748802083333 0.23959313503649632 0.5291659453125 0.23191401459854016 0.49614915885416666 0.18480447445255474 0.4670591328125 0.1742869087591241 0.44246428385416664 0.1874794781021898 0.4280379921875 0.2130188795620438 0.4283995520833333 0.24668593065693428 0.46392744531249996 0.3038645109489051 0.4987735963541667 0.2843992226277372 0.5130344036458333 0.29609892335766425 0.5193175755208334 0.26254400729927 0.5311086380208333 0.2548648905109489
0 0.42142384635416663 0.32105201094890506 0.47057217447916666 0.3039766423357664 0.4517334505208333 0.2871863576642336 0.37328823697916663 0.34029303649635034 0.306024296875 0.40791221167883207 0.30792561979166666 0.4401728613138686 0.34463172395833336 0.46227799999999997 0.37177905729166666 0.44984469708029196 0.37704950520833336 0.4141241167883212 0.35209309895833335 0.3936496386861314 0.34808359635416664 0.3756772189781022 0.42142384635416663 0.32105201094890506
0 0.2902651015625 0.38830913138686135 0.29172212239583334 0.40552228467153284 0.3070783880208333 0.40076809854014595 0.301002078125 0.38777413138686134 0.2902651015625 0.38830913138686135
0 0.2712195182291667 0.41806772627737226 0.26554613541666666 0.4294310291970803 0.30484609375 0.4429856569343065 0.3028620260416667 0.4293445583941606 0.2712195182291667 0.41806772627737226
0 0.5016354765625001 0.44559035036496353 0.5220553385416666 0.45166446350364964 0.5774868385416666 0.4010341824817518 0.6333212682291667 0.3747611715328467 0.5013566614583334 0.3933037481751825 0.4789941119791667 0.3642787554744526 0.4473102291666667 0.36231170072992697 0.4206071979166666 0.389792503649635 0.4163908359375 0.4183689635036496 0.4489219479166667 0.4597407883211679 0.48020289843749997 0.4373505766423358 0.4910639895833333 0.40888624452554745 0.5016354765625001 0.44559035036496353
0 0.3508627317708333 0.555487901459854 0.31148003385416667 0.5605528248175182 0.27395728125 0.6071881824817519 0.2716836119791667 0.6587155182481752 0.2985827161458333 0.7021408722627737 0.3486610182291667 0.7058507226277372 0.3841583333333333 0.6548840401459854 0.38643200000000005 0.603356704379562 0.375819140625 0.5759623759124087 0.3508627317708333 0.555487901459854
0 0.2606156640625 0.7337287299270073 0.2650694661458333 0.7667486459854015 0.29168975520833335 0.757887401459854 0.2856961875 0.7262738795620438 0.2606156640625 0.7337287299270073
0 0.5102948567708333 0.5674888430656934 0.4933988255208333 0.5736494306569343 0.477153953125 0.5483086277372262 0.4582738567708333 0.5408281167883212 0.43878397135416664 0.5555392153284672 0.43501191145833334 0.5991631751824819 0.4609396666666667 0.6311130912408759 0.4860201901041667 0.6236582372262774 0.5053859609375 0.6368764671532847 0.5202979244791667 0.6170747810218977 0.5209077161458333 0.5948831678832116 0.5102948567708333 0.5674888430656934
0 0.41285621875 0.5235893029197081 0.40665579166666666 0.5385246642335766 0.43416468229166666 0.5597584087591241 0.44194624479166666 0.5341068722627738 0.41285621875 0.5235893029197081
0 0.33106166666666664 0.8702775072992701 0.32085173697916664 0.8672404489051095 0.3192292291666667 0.887266401459854 0.33106166666666664 0.8702775072992701
0 0.5445204296875 0.687670200729927 0.5459774479166667 0.7048833540145986 0.5557017057291667 0.7021826934306569 0.5557844505208334 0.6835631423357664 0.5445204296875 0.687670200729927
0 0.5127538046875 0.7043226970802919 0.5085374427083333 0.7328991569343065 0.4885618828125 0.7418725364963504 0.49151729687499995 0.7669890729927007 0.5068735651041667 0.7622348832116789 0.51364240625 0.7344176897810218 0.5249064296875 0.7303106277372262 0.5240178255208333 0.7002156386861313 0.5127538046875 0.7043226970802919
0 0.6700885338541666 0.6131568284671534 0.6993026770833333 0.5957450693430657 0.6944459427083333 0.5383678832116788 0.68370896875 0.5389028832116788 0.6800196510416666 0.5639072883211679 0.6875943541666666 0.5848046313868613 0.6629995052083334 0.597997204379562 0.6487387005208333 0.586297503649635 0.6179020494791666 0.6237352116788321 0.6193590703124999 0.6409483686131388 0.6535954348958334 0.6436746897810218 0.6700885338541666 0.6131568284671534
0 0.583138640625 0.6245809525547444 0.5657155651041667 0.634313598540146 0.5602796276041667 0.7072732810218978 0.5729179244791667 0.7389989306569342 0.6024936223958334 0.7552542189781022 0.6343016197916667 0.7292919452554745 0.6220662526041667 0.7219235656934306 0.6258383125 0.6782996094890511 0.615225453125 0.6509052773722628 0.583138640625 0.6245809525547444
0 0.8843945286458333 0.46995428832116787 0.8238994348958334 0.5097562664233577 0.8401443072916667 0.5350970656934306 0.8550976458333334 0.505985605839416 0.8688314036458333 0.5212573613138686 0.8954103177083333 0.521705890510949 0.9405905182291666 0.47734832481751827 0.939619171875 0.46587288686131384 0.8843945286458333 0.46995428832116787
0 0.7559537552083334 0.5007315656934306 0.7522644375 0.5257359708029198 0.73739384375 0.5362278795620438 0.73366315625 0.5705420620437957 0.749019421875 0.5657878722627737 0.7455369661458334 0.544243394160584 0.7747097369791667 0.5361414087591241 0.7743481770833333 0.5024743576642337 0.7559537552083334 0.5007315656934306
0 0.7506221380208333 0.3201616204379562 0.7525234583333332 0.3524222773722628 0.7724576458333333 0.35275866788321164 0.7813346692708333 0.3106532408759124 0.7506221380208333 0.3201616204379562
0 0.7250973125 0.3125689781021898 0.7119733385416667 0.27510560948905105 0.7032618046875 0.2799719306569343 0.7044705911458333 0.35304374452554743 0.7214079947916666 0.33757338321167885 0.7250973125 0.3125689781021898
0 0.8269573880208334 0.7418535437956205 0.7972989427083333 0.7442178138686132 0.8238364869791667 0.7539761167883212 0.8269573880208334 0.7418535437956205
0 0.8617207942708333 0.7410078102189781 0.8315353046874999 0.7469441350364963 0.8606253333333332 0.7574617043795621 0.8617207942708333 0.7410078102189781
0 0.8853442994791667 0.716339799270073 0.8678798489583334 0.7353822226277372 0.9061257161458333 0.7560809635036496 0.9619601458333333 0.7298079525547445 0.8853442994791667 0.716339799270073
0 0.6999016770833334 0.691008496350365 0.6783863567708334 0.7013882737226277 0.6731986458333333 0.718489299270073 0.6976280078125 0.7425358357664233 0.7048411536458333 0.7297661350364963 0.7867274557291667 0.7075137080291971 0.7391602604166666 0.7138728978102189 0.6999016770833334 0.691008496350365
0 0.23111191927083333 0.8163089270072993 0.24748090364583333 0.813720397810219 0.258786296875 0.8003035656934306 0.25323703125 0.7837375401459854 0.22617244270833334 0.777551291970803 0.21381295833333333 0.7981122445255474 0.23111191927083333 0.8163089270072993