0 0.9251330539568344 0.12244884054054055 0.8650011780575539 0.12710084054054052 0.8650019298561151 0.18520995135135135 0.8930608812949641 0.19835449729729732 0.9431567032374101 0.18389157567567568 0.9468358615107914 0.13131677567567568 0.9251330539568344 0.12244884054054055
0 0.7383812823741007 0.13212822702702703 0.7132915215827338 0.13665547567567568 0.7203598884892086 0.24501282432432434 0.7735504550359712 0.25633433513513515 0.7985146618705036 0.24369444594594594 0.7924081223021583 0.1394248918918919 0.7383812823741007 0.13212822702702703
0 0.9817554280575539 0.3555158243243243 0.9889478471223022 0.35576758918918916 0.9958054550359712 0.33438564864864867 0.9985444640287771 0.33718427297297293 0.9966444118705036 0.214413 0.980875798561151 0.2406182378378378 0.9743111510791367 0.28092967027027027 0.9751900305755395 0.33771814324324323 0.9817554280575539 0.3555158243243243
0 0.6495649388489209 0.25739981351351354 0.6398203399280575 0.15030016486486486 0.5785592302158273 0.14004752162162162 0.564258095323741 0.1449524162162162 0.5732082697841727 0.2587811297297298 0.6495649388489209 0.25739981351351354
0 0.4813375305755396 0.24475427567567568 0.4754402482014389 0.1540057837837838 0.4043523381294964 0.1474632864864865 0.4086189208633093 0.2489656864864865 0.4662419712230215 0.2563882324324324 0.4813375305755396 0.24475427567567568
0 0.2588732715827338 0.15318189459459458 0.22663294244604315 0.16016159189189189 0.23069101978417267 0.30625203783783783 0.28174867086330935 0.2958769054054054 0.3054169892086331 0.31562463243243244 0.3057076942446043 0.1602267945945946 0.2588732715827338 0.15318189459459458
0 0.22458998021582732 0.020898554054054056 0.2265484892086331 0.09664405675675676 0.29922524460431654 0.08972842972972973 0.2974270179856115 0.023448156756756756 0.22458998021582732 0.020898554054054056
0 0.3923672913669065 0.026771470270270267 0.3971591690647482 0.08910241081081081 0.48781697122302153 0.08281619729729729 0.4817787158273381 0.029901245945945946 0.3923672913669065 0.026771470270270267
0 0.6386485017985611 0.0745821972972973 0.6336151043165468 0.03879653243243243 0.5562875629496403 0.034061735135135135 0.5605774316546763 0.081309 0.6386485017985611 0.0745821972972973
0 0.7859256744604316 0.06892652702702702 0.7851254622302158 0.048073581081081077 0.703156618705036 0.04305459189189189 0.7078546025179856 0.07565332972972973 0.7859256744604316 0.06892652702702702
0 0.8390204694244604 0.0513735945945946 0.8378195989208633 0.05452654594594594 0.8407050881294964 0.06678991621621622 0.9403534118705036 0.06081841081081081 0.9401895683453237 0.05756822432432432 0.8390204694244604 0.0513735945945946
0 0.300122 0.023542494594594593 0.30194332913669064 0.09117494864864864 0.371065726618705 0.08683765675675675 0.3647806474820144 0.025805818918918918 0.300122 0.023542494594594593
0 0.07913937230215827 0.01580716756756757 0.0828256726618705 0.09972139459459459 0.15374617625899278 0.09544704054054054 0.1486114154676259 0.018238983783783785 0.07913937230215827 0.01580716756756757
0 0.15308226978417266 0.018395483783783785 0.15830421582733814 0.09966071351351352 0.22558665827338129 0.09255626486486486 0.22213416726618704 0.020812591891891892 0.15308226978417266 0.018395483783783785
0 0.16365893525179856 0.2714726540540541 0.15930864928057553 0.164561827027027 0.0864644856115108 0.16066060000000001 0.08123757913669065 0.17128862972972972 0.09085662230215827 0.27027564054054054 0.16365893525179856 0.2714726540540541
0 0.014833260791366909 0.17707244054054053 0.0006706654676258992 0.17322774324324322 0.0010073093525179856 0.26018055405405405 0.017719500000000003 0.24744492162162163 0.014833260791366909 0.17707244054054053
0 0.059494420863309354 0.2759347 0.05142312410071942 0.21889446216216216 0.02256974820143885 0.21247897567567567 0.023783437050359714 0.29090115135135136 0.0553967464028777 0.30146737027027026 0.059494420863309354 0.2759347
0 0.08625673381294964 0.26335775405405404 0.08161499100719424 0.25373565675675674 0.06275582014388488 0.2544268783783784 0.06250621402877699 0.35441981891891894 0.08709451258992805 0.3755511243243243 0.08625673381294964 0.26335775405405404
0 0.041170823741007195 0.01447810810810811 0.00005048021582733813 0.013038721621621622 0.00039593345323741007 0.10226692972972973 0.04330922302158273 0.1010409 0.041170823741007195 0.01447810810810811
0 0.4575048129496403 0.44662613243243243 0.4450854856115108 0.4570023972972973 0.44186593884892084 0.48121443243243245 0.455581904676259 0.4965596621621622 0.47891541366906476 0.4946736864864865 0.4720989064748201 0.460650727027027 0.4575048129496403 0.44662613243243243
0 0.4825116223021582 0.49479956756756754 0.4720989064748201 0.460650727027027 0.4521523489208633 0.44914152162162163 0.44174038489208634 0.47310179459459456 0.4464658273381295 0.4881323189189189 0.603613904676259 0.6557980486486487 0.7567054082733813 0.793591554054054 0.7875653938848921 0.7554819351351352 0.7700858111510791 0.7291939702702702 0.576891940647482 0.5548609891891891 0.4825116223021582 0.49479956756756754