0 0.39127283146067415 0.55223761328125 0.3972464269662921 0.58681505859375 0.2908607724719101 0.67327730078125 0.1726730140449438 0.7327340859375 0.1709016179775281 0.74726630859375 0.21214075561797752 0.7463785625 0.40491670786516853 0.62295165234375 0.38440270786516856 0.71075671875 0.3143859297752809 0.8177117890625 0.3249352752808989 0.82094200390625 0.37842478089887643 0.750511453125 0.4328021516853932 0.63564869921875 0.4459317162921348 0.67033804296875 0.43176053370786516 0.786595828125 0.4418659466292135 0.812042140625 0.44399790168539327 0.940049546875 0.4549164691011236 0.9371550390625 0.4513076264044944 0.833646515625 0.482814904494382 0.7268555625 0.49232696629213485 0.806700734375 0.48325017415730337 0.8533038125 0.49394461235955056 0.8986834375 0.5078873314606741 0.90503196484375 0.5085553960674157 0.8345417265625 0.5415352303370786 0.77758406640625 0.5543746179775281 0.727974578125 0.6193673820224719 0.7489150078125 0.5761413764044945 0.663944765625 0.5847742331460675 0.63955778515625 0.627710058988764 0.6402291953125 0.6383341179775281 0.62736802734375 0.5010475308988763 0.54322584765625 0.5205242443820225 0.53203573828125 0.5395570280898876 0.54306173046875 0.5898729578651686 0.49557090234375 0.48784325561797753 0.52462788671875 0.5321108792134832 0.45865099609375 0.47840157303370784 0.50302351171875 0.4679269382022472 0.483701921875 0.4868146320224719 0.4525784921875 0.4649027837078652 0.474458890625 0.44483704775280897 0.46571568359375 0.4357645870786517 0.43798658984375 0.42204166853932584 0.4576961015625 0.38390139044943816 0.45173550390625 0.35136982303370784 0.412144890625 0.35564673033707866 0.44516317578125 0.34642484831460674 0.4496168359375 0.3090230168539326 0.431406796875 0.2544345084269663 0.3715471640625 0.24757304775280897 0.381401921875 0.2888825674157304 0.43875496875 0.3540204185393258 0.50184481640625 0.3358711713483146 0.52071880078125 0.2628345730337079 0.54409866796875 0.2596609971910112 0.56703839453125 0.3658225196629214 0.52885028515625 0.37187082865168536 0.54733634375 0.39127283146067415 0.55223761328125
0 0.5961497275280898 0.39145065234375 0.5950420646067416 0.40982481640625 0.6124528707865169 0.40320026953125 0.6135605337078651 0.38482611328125 0.5961497275280898 0.39145065234375
0 0.8665466966292136 0.0646323046875 0.8518655308988765 0.07053321875 0.8507578651685394 0.08890737890625 0.8665466966292136 0.0646323046875
0 0.6413052191011236 0.28104156640625 0.6303866488764045 0.28393607421875 0.6360657331460674 0.308546859375 0.6413052191011236 0.28104156640625
0 0.7319063764044944 0.14452222265625 0.7168559915730337 0.15654786328125 0.7212076095505618 0.17347476953125 0.7319063764044944 0.14452222265625
0 0.8239053792134832 0.07392755078125 0.831474834269663 0.04711437890625 0.8308518988764045 0.04707908203125 0.8133560337078652 0.07069733984375 0.8239053792134832 0.07392755078125
0 0.7720291853932585 0.31067298828125 0.7514448061797752 0.3402372578125 0.7667897050561797 0.33817827734375 0.7720291853932585 0.31067298828125
0 0.7871586151685394 0.208223796875 0.7860509494382022 0.22659795703125 0.8034617556179775 0.2199734140625 0.808701238764045 0.19246812109375 0.7871586151685394 0.208223796875
0 0.8158528792134832 0.2669121953125 0.8269912471910112 0.2900757265625 0.8403449466292134 0.27649093359375 0.8390921910112359 0.2527156796875 0.8158528792134832 0.2669121953125
0 0.8100330365168539 0.12581982421875 0.8075231966292135 0.15260148828125 0.8269999129213483 0.14141137890625 0.8343053033707866 0.1093405234375 0.8100330365168539 0.12581982421875
0 0.7037220926966292 0.1961906953125 0.7203944550561797 0.20181558984375 0.7255592275280899 0.19040167578125 0.7038715140449439 0.1640079375 0.6880826853932585 0.188283015625 0.7061572247191011 0.18550041015625 0.7037220926966292 0.1961906953125
0 0.7774267556179775 0.10232058984375 0.792389238764045 0.0448996484375 0.7908836685393258 0.0448143359375 0.7566225758426967 0.10582682421875 0.7774267556179775 0.10232058984375
0 0.6911025056179775 0.27185821875 0.6981133876404495 0.229820703125 0.6843904691011237 0.24953021875 0.6826147359550562 0.3383946171875 0.6620303567415731 0.367958890625 0.6670457078651686 0.38872773046875 0.687704797752809 0.34307208203125 0.7078452471910113 0.33572391015625 0.7079946685393258 0.30354115625 0.6957486348314607 0.29875178515625 0.6911025056179775 0.27185821875
0 0.865193238764045 0.50294146875 0.8743404101123596 0.5145791875 0.8835622893258427 0.51012551953125 0.8781777162921348 0.4954813984375 0.865193238764045 0.50294146875
0 0.8889555252808988 0.376105296875 0.8739051404494382 0.3881309375 0.8844544859550562 0.3913611484375 0.8889555252808988 0.376105296875
0 0.8977334747191011 0.393867734375 0.8867401938202247 0.41285362109375 0.9127091488764045 0.39793347265625 0.8977334747191011 0.393867734375
0 0.7857434438202248 0.4396278203125 0.8159893061797753 0.4577259609375 0.8266133623595506 0.444864796875 0.8118618174157304 0.39252491796875 0.782868713483146 0.39820203125 0.7830885140449438 0.4242600703125 0.7857434438202248 0.4396278203125
0 0.8768589129213482 0.339133171875 0.8570129775280898 0.356448 0.867562323033708 0.35967821484375 0.8768589129213482 0.339133171875
0 1 0.61561141015625 0.9860272640449439 0.60751678515625 0.9607220421348315 0.62627887109375 0.9713417668539326 0.68774987890625 0.9845460421348315 0.70634784375 0.9894163061797754 0.68496726953125 1 0.68696508203125 1 0.61561141015625
0 0.9597594662921348 0.68680244921875 0.9180763932584269 0.70990629296875 0.9517156320224719 0.73112274609375 0.9597594662921348 0.68680244921875
0 1 0.771748671875 0.9876405758426967 0.77383166796875 0.980998915730337 0.8097444609375 1 0.8126329375 1 0.771748671875
0 0.30751435393258425 1 0.3108344719101124 0.9954405859375 0.3054498988764045 0.9807964609375 0.2910632415730337 0.99666403515625 0.29252114606741575 1 0.30751435393258425 1
0 0.1436669129213483 0.96140772265625 0.1404933370786517 0.98434744921875 0.15583823314606743 0.98228846875 0.1644710926966292 0.95790148828125 0.1436669129213483 0.96140772265625
0 0.5375398370786517 0.9775289609375 0.5379837696629214 0.955312859375 0.5264014691011236 0.9543654296875 0.5143048595505618 0.9173933046875 0.5033862921348314 0.9202878125 0.5060412219101124 0.93565556640625 0.5375398370786517 0.9775289609375
0 0.18153000280898876 0.66007296875 0.14530621629213483 0.68172955859375 0.18993873033707867 0.683960125 0.18153000280898876 0.66007296875
0 0.19517821629213483 0.65645483203125 0.2213669691011236 0.66759272265625 0.24836887640449437 0.650389796875 0.22321307584269662 0.63696912109375 0.19517821629213483 0.65645483203125
0 0.5994467331460674 0.78232121875 0.5898556320224719 0.7928996015625 0.6004049775280899 0.79612980859375 0.5994467331460674 0.78232121875
0 0.6483821488764046 0.3715770234375 0.63303725 0.37363600390625 0.6264703005617978 0.39345741796875 0.6483821488764046 0.3715770234375
0 0.5200229297752809 0.2730145234375 0.5124977359550562 0.27902734375 0.5189152640449438 0.2913886875 0.5200229297752809 0.2730145234375
0 0.5437305337078652 0.451552734375 0.5570085786516854 0.46644673828125 0.5642028483146068 0.44612553515625 0.5437305337078652 0.451552734375
0 0.5480297696629214 0.50398358203125 0.5391186516853933 0.46616698046875 0.5326251882022471 0.49467569140625 0.5392086488764045 0.50799751953125 0.5480297696629214 0.50398358203125