0 0.31035209322033896 0.5952409734848485 0.32602950423728816 0.574221071969697 0.32790383262711864 0.5358827424242424 0.29515589618644067 0.4180648674242424 0.3045160593220339 0.39783814393939393 0.3024126059322034 0.36380954924242426 0.2769144872881356 0.29461530303030303 0.283701468220339 0.2670910606060606 0.26943554237288136 0.17362474242424242 0.2766922521186441 0.11936942803030302 0.3103865423728813 0.08084620075757576 0.3110899894067797 0.057896079545454546 0.3081550847457627 0.052549124999999995 0.23093150847457627 0.06224503409090909 0.2437037097457627 0.10064954545454546 0.23550983686440677 0.1740740340909091 0.25258265889830506 0.27861882196969695 0.24298877754237289 0.29506459090909093 0.22800792372881354 0.39601332196969696 0.21092706355932203 0.4114939810606061 0.17560020127118645 0.3721110454545455 0.14752890042372882 0.2956192840909091 0.1416836779661017 0.23538839393939393 0.15151357203389829 0.18843059090909092 0.150581 0.13901378787878788 0.12999438559322032 0.09778012121212121 0.08671080720338983 0.08416314772727272 0.052782802966101695 0.11890542045454545 0.004586576271186441 0.09447436363636363 0.0022471122881355934 0.09095779924242424 0.0002967775423728814 0.09120267803030303 0.0006512817796610169 0.20014570454545452 0.002473938559322034 0.19761770833333334 0.06774758050847457 0.25800758333333335 0.09746179237288136 0.2580870757575758 0.11126716949152543 0.24111253030303031 0.11945530084745763 0.2534205037878788 0.12014956355932203 0.367642321969697 0.15243236440677965 0.44360530681818183 0.24624818432203388 0.5366093787878787 0.27478921822033897 0.5863700681818181 0.31035209322033896 0.5952409734848485
0 0.3321065783898305 0.04954186742424242 0.3510900444915255 0.19004460606060605 0.35904331355932206 0.21571812121212122 0.36980577542372883 0.218177125 0.3553107288135593 0.05234388636363636 0.35277341313559324 0.04694701136363637 0.3321065783898305 0.04954186742424242
0 0.3950816588983051 0.11212548484848485 0.3808099957627119 0.10439163636363635 0.37285328177966104 0.13015759848484848 0.3815088516949153 0.15002748484848485 0.3908678644067797 0.1469472537878788 0.3950816588983051 0.11212548484848485
0 0.3897050211864406 0.04231001893939394 0.4477276949152542 0.07122275 0.45264263983050845 0.04774385227272727 0.4474025572033898 0.03506572727272727 0.3897050211864406 0.04231001893939394
0 0.7104755042372882 0.08205155303030302 0.7364445000000001 0.10736822727272727 0.7715433877118644 0.057237746212121215 0.7713202605932202 0.0481566893939394 0.6900871207627118 0.0430849696969697 0.6809961588983051 0.06860652272727273 0.6894180084745763 0.08469545454545455 0.7104755042372882 0.08205155303030302
0 0.794293093220339 0.04959097727272727 0.7923671652542372 0.05081289015151515 0.7942380508474576 0.06391403787878788 0.803597063559322 0.06083380681818182 0.8035977775423729 0.050171905303030305 0.794293093220339 0.04959097727272727
0 0.9128600233050848 0.07759754545454546 0.935057934322034 0.05837950378787879 0.8995550466101695 0.05616291287878788 0.897652343220339 0.07188637121212121 0.9128600233050848 0.07759754545454546
0 0.4856265911016949 0.135049696969697 0.4886695063559322 0.11561614393939394 0.476036156779661 0.10005599242424242 0.47041891101694916 0.12933851893939394 0.4856265911016949 0.135049696969697
0 0.5883408834745762 0.11453267424242425 0.5946569851694915 0.13088599242424243 0.6105669639830509 0.13079354166666665 0.618055093220339 0.11461216287878788 0.6161853580508475 0.08436452651515151 0.5953627288135593 0.07364289015151515 0.5883408834745762 0.11453267424242425
0 0.7041548114406779 0.13428420075757574 0.711409222457627 0.11432186363636364 0.6990095911016949 0.10254266666666667 0.6908191631355932 0.12452767803030303 0.7041548114406779 0.13428420075757574
0 0.8279265974576272 0.11112327272727272 0.8375204766949153 0.09467750378787879 0.833310125 0.07805979166666667 0.8162292648305085 0.09354044696969697 0.8279265974576272 0.11112327272727272
0 0.7860441758474577 0.13733851893939392 0.7876836398305085 0.11236572727272727 0.7755177245762712 0.10436748484848485 0.7738782605932203 0.1293402803030303 0.7558613813559322 0.14684360984848485 0.7598368686440679 0.17682686363636363 0.769897033898305 0.1850894924242424 0.7888487796610169 0.18270998106060607 0.8061645063559322 0.15386378787878788 0.8202001567796611 0.19210966666666665 0.8309626207627119 0.19456867424242424 0.8323695169491526 0.14866843181818182 0.8080388347457628 0.11552545454545454 0.7860441758474577 0.13733851893939392
0 0.912154281779661 0.1348406515151515 0.9130914449152542 0.11567148863636363 0.9011592478813559 0.11145420075757576 0.9013918177966102 0.13238164772727273 0.912154281779661 0.1348406515151515
0 0.9353175233050848 0.13193235984848484 0.9306397415254237 0.10775273863636363 0.9194086949152543 0.11487831439393939 0.9238527605932203 0.13527698484848485 0.9353175233050848 0.13193235984848484
0 0.9006860720338983 0.18962475 0.9058347351694915 0.16992680681818184 0.8939025381355932 0.16570951893939392 0.8920293580508474 0.18690135606060607 0.9006860720338983 0.18962475
0 0.42502499364406776 0.1845719053030303 0.4278341906779661 0.16135739772727273 0.4135625275423729 0.15362354545454546 0.411923063559322 0.17859633712121212 0.42502499364406776 0.1845719053030303
0 0.4154265211864407 0.26960364772727274 0.40911042161016953 0.253250321969697 0.3492134194915254 0.2626759204545454 0.35810270127118643 0.2863267613636364 0.40606635805084745 0.28983037121212124 0.4154265211864407 0.26960364772727274
0 0.4657261991525424 0.3280632992424242 0.4477127669491525 0.2941271515151515 0.4289947394067796 0.3002876174242424 0.41331962499999997 0.28701453030303026 0.4259483792372882 0.37116065151515154 0.45051392584745764 0.39093808712121214 0.46782965254237285 0.36209189393939395 0.4657261991525424 0.3280632992424242
0 0.4327307669491525 0.412222375 0.4324981970338983 0.39129492424242424 0.41658821610169494 0.391387375 0.42337175 0.41530260606060604 0.4327307669491525 0.412222375
0 0.5225791377118644 0.35521775 0.4975450105932203 0.34502489393939395 0.4872476822033898 0.3844207840909091 0.46010550847457626 0.408785303030303 0.46665532415254235 0.42891957954545457 0.47624805720338986 0.42962029924242423 0.5237465762711865 0.39126901515151513 0.5225791377118644 0.35521775
0 0.5829412775423729 0.3876470492424242 0.5572048516949153 0.383257821969697 0.535915936440678 0.3478277803030303 0.5270243559322034 0.35846992424242424 0.5525236207627119 0.41051767424242425 0.587852781779661 0.4156076212121212 0.5911294131355932 0.39995502272727274 0.5829412775423729 0.3876470492424242
0 0.5356833665254237 0.32690033333333335 0.5398937161016949 0.34351804545454545 0.5471469830508474 0.3407022045454545 0.5740554406779661 0.31255672727272726 0.620856252118644 0.2114231022727273 0.6615700889830508 0.16630307954545454 0.6288141122881356 0.16851064772727273 0.5911397457627119 0.24563659090909093 0.5588500572033898 0.27255256439393943 0.5356833665254237 0.32690033333333335
0 0.7088165190677966 0.39851471590909093 0.6889310529661017 0.3686239128787879 0.6646061122881355 0.24974847727272728 0.6643746949152542 0.2116745340909091 0.6430846292372882 0.19339098863636364 0.6306838495762711 0.1987582840909091 0.6210888220338984 0.23235054924242424 0.6868184131355932 0.47176725757575755 0.6828383347457627 0.5103699772727273 0.7064655699152542 0.566463071969697 0.7244812987288136 0.5661062348484849 0.7605196483050848 0.4625136060606061 0.7258962330508475 0.40018054924242424 0.7088165190677966 0.39851471590909093
0 0.7350261207627118 0.32473339015151514 0.7434514173728813 0.28938284848484847 0.7390073495762711 0.26898417803030306 0.7256682563559322 0.3106671287878788 0.7350261207627118 0.32473339015151514
0 0.8237024661016948 0.30026346969696965 0.8253419300847458 0.27529067803030305 0.7974986059322033 0.28831232954545455 0.7853303919491526 0.314607071969697 0.7939871080508474 0.3173304659090909 0.8237024661016948 0.30026346969696965
0 0.7921173728813559 0.28708282954545455 0.7804211885593221 0.2523535113636363 0.7577242288135593 0.2799702045454545 0.7666135148305085 0.3036210454545455 0.7804177436440678 0.3037929886363636 0.7921173728813559 0.28708282954545455
0 0.9308677161016948 0.1972661515151515 0.9399941610169491 0.17325847727272725 0.9282956822033898 0.17282214015151515 0.9306362966101696 0.1591922159090909 0.9226818792372882 0.15066519318181817 0.8910944894067797 0.17177753787878786 0.8955385550847457 0.19217620454545456 0.9098113707627119 0.1827635643939394 0.9308677161016948 0.1972661515151515
0 0.9803858474576271 0.17442208333333334 0.9491183093220339 0.1835437803030303 0.9718106779661017 0.22451305303030303 0.9833166843220339 0.2218356628787879 0.9803858474576271 0.17442208333333334
0 0.9390762351694916 0.2545331098484849 0.9322688707627119 0.2370983787878788 0.8974071440677965 0.23957033712121212 0.9027860783898305 0.27509282575757577 0.9357757711864407 0.27666620833333333 0.9390762351694916 0.2545331098484849
0 0.9849552796610169 0.24834404545454544 0.9732129788135593 0.24719878409090912 0.9493451377118645 0.2902036893939394 0.9577669872881356 0.3062926212121212 0.971337502118644 0.30268360606060607 0.9876735699152542 0.2923191325757576 0.9849552796610169 0.24834404545454544
0 0.8995048559322033 0.35933139393939395 0.883594877118644 0.3594238446969697 0.8969305233050847 0.36918036742424243 0.8995048559322033 0.35933139393939395
0 0.9329619830508474 0.3684666893939394 0.9448953283898305 0.35553748106060606 0.9418558601694915 0.32353156060606064 0.906524404661017 0.35273459848484845 0.9329619830508474 0.3684666893939394
0 0.8922573326271187 0.2764147765151515 0.8569258771186441 0.3056178068181818 0.8611362288135593 0.32223551893939395 0.8775136419491526 0.32970498106060603 0.8709615275423729 0.3438636931818182 0.8845320402542373 0.340254678030303 0.9128439491525424 0.3176484393939394 0.8922573326271187 0.2764147765151515
0 0.8604293347457627 0.3966251174242424 0.8562189851694915 0.3800074053030303 0.834459190677966 0.3884549356060606 0.8431147563559322 0.408324821969697 0.8524737711864406 0.40524458712121214 0.8604293347457627 0.3966251174242424
0 0.8459296949152543 0.2993778484848485 0.8358695296610169 0.2911152159090909 0.8337626313559322 0.30852609848484847 0.8459274004237288 0.33367083333333336 0.8414798877118644 0.3647116439393939 0.8477971334745763 0.36391847727272725 0.8524783644067797 0.3366586174242424 0.8459296949152543 0.2993778484848485
0 0.8737649830508475 0.4063816401515151 0.8798485148305085 0.4018075189393939 0.8754044470338983 0.38140884848484846 0.8625350847457627 0.3963607272727273 0.8737649830508475 0.4063816401515151
0 0.7825143072033898 0.4407005378787879 0.8171411673728813 0.4515941136363636 0.8288407966101695 0.43488395454545453 0.8281419406779661 0.38924810606060606 0.8119982436440678 0.3855595984848485 0.8054449809322034 0.41686479924242426 0.7907047351694915 0.4187155265151515 0.7799457161016949 0.36481704924242425 0.7960905635593221 0.3513590606060606 0.7874349936440678 0.33148917424242424 0.7748004978813559 0.3330755151515151 0.7659077690677966 0.3608641515151515 0.7310460423728814 0.36333610984848486 0.754205845338983 0.41186729924242427 0.7626288411016948 0.41080973863636366 0.7731598855932204 0.37519479924242427 0.7717541398305084 0.40394854924242424 0.7825143072033898 0.4407005378787879
0 0.883819406779661 0.5003767386363637 0.8491936949152543 0.4723366666666666 0.8412369830508474 0.49810262878787886 0.844745033898305 0.5205239696969697 0.8552737817796611 0.519202018939394 0.883819406779661 0.5003767386363637
0 0.932721375 0.4675646856060606 0.9329573898305085 0.43705265909090907 0.9037117605932203 0.4273885833333333 0.8964562012711864 0.4644974090909091 0.9207880296610169 0.4804938939393939 0.932721375 0.4675646856060606
0 0.9402083580508475 0.468529803030303 0.9373980127118644 0.508890803030303 0.965473906779661 0.5167965946969697 0.9767061016949153 0.49252452272727276 0.9731980508474577 0.4701031856060606 0.9605647033898306 0.45454303409090907 0.9402083580508475 0.468529803030303
0 1 0.5919473636363636 0.9982229936440677 0.6174679810606061 0.9551777288135593 0.5390459924242424 0.9416072139830508 0.5426550075757576 0.9392643050847458 0.5905779204545455 0.9221868877118644 0.5546190984848485 0.9046397394067797 0.5453913560606061 0.8863891440677966 0.559113731060606 0.8735232288135593 0.5226261363636363 0.8606538665254237 0.5375780113636364 0.8681385529661017 0.5728361098484849 0.8173668474576271 0.5754005151515151 0.8087089830508475 0.5898236136363637 0.8185331334745763 0.6285982765151515 0.8515216800847457 0.6473181553030304 0.8814696059322034 0.6511786022727273 0.9266275084745762 0.6264572424242425 0.9399620084745762 0.6533602613636363 0.9261566313559323 0.6703348143939394 0.9303658347457627 0.7040990189393939 0.921707970338983 0.7185221136363636 0.9121163877118644 0.7006749015151515 0.9125826737288135 0.7253833030303031 0.9008830444915253 0.742093465909091 0.9591417330508475 0.7404941704545455 0.9656915487288136 0.7606284431818182 0.9853467415254238 0.7352988143939394 0.9888605338983051 0.6719876893939394 1 0.6652084545454546 1 0.5919473636363636
0 1 0.7449901666666666 0.9846444427966102 0.7411024393939395 0.9801980783898305 0.7549967575757576 0.9930651440677966 0.7743378674242424 1 0.7757441363636364 1 0.7449901666666666
0 1 0.8397981553030304 0.9970383326271187 0.8386140984848485 0.9893164851694916 0.8510145227272727 0.9546919237288136 0.8058279621212121 0.9275508961864406 0.8130459886363636 0.8987738495762712 0.7937973295454546 0.8835650211864406 0.805232643939394 0.8786477796610169 0.8630045303030303 0.9233325084745763 0.9164537234848484 0.9668497987288136 0.9338516515151515 0.9597693347457626 0.9766539431818181 1 0.9716027272727273 1 0.8397981553030304
0 0.876070002118644 0.9242929772727273 0.8678818686440678 0.9119849999999999 0.8564171059322034 0.915329625 0.8608611716101695 0.9357282916666667 0.8725596546610169 0.936164625 0.876070002118644 0.9242929772727273
0 0.9195407436440678 0.9817048977272728 0.9004006843220339 0.9574359545454545 0.8889359194915255 0.9607805757575758 0.9041424512711865 0.9836382462121213 0.9195407436440678 0.9817048977272728
0 0.9427493898305085 0.9559291060606061 0.9179501271186441 0.9323707121212121 0.9088248283898306 0.9392319015151516 0.9153746461864406 0.959366178030303 0.9429819597457627 0.976856553030303 0.9427493898305085 0.9559291060606061
0 0.8613320529661016 0.8918507234848485 0.8498695847457627 0.8609023636363636 0.8407442860169492 0.8677635492424242 0.8472941059322034 0.8878978257575757 0.8613320529661016 0.8918507234848485
0 0.8816860995762712 0.9121569431818183 0.8828569809322034 0.8967687310606061 0.8706910656779661 0.8887704924242424 0.8685841673728814 0.9061813712121213 0.8816860995762712 0.9121569431818183
0 0.8756174957627119 0.6938266666666667 0.8475416016949152 0.685920875 0.8304595911016949 0.7185480227272727 0.8211017266949153 0.7044817651515151 0.7827308008474576 0.7016788787878788 0.7607349915254237 0.7406384393939394 0.7609664131355932 0.778712375 0.785063377118644 0.8080743977272727 0.8189890868644069 0.8076251098484849 0.8264749194915254 0.8257367159090909 0.8491695826271186 0.8324130075757576 0.8912891652542373 0.7585392310606061 0.8908240275423728 0.7166843371212122 0.8756174957627119 0.6938266666666667
0 0.8050318411016949 0.9960822121212122 0.785054190677966 0.9452463333333333 0.7576782987288136 0.9658299015151516 0.7618886483050847 0.9824476136363637 0.7756928792372881 0.982619553030303 0.7776060487288136 0.999525693181818 0.8050318411016949 0.9960822121212122
0 0.7595549237288136 0.8931985871212121 0.7670430550847458 0.8770172045454546 0.7583874872881355 0.8571473219696969 0.7494959088983051 0.8677894621212121 0.7595549237288136 0.8931985871212121
0 0.7504376652542373 0.7800343257575757 0.7534863199152542 0.6748683106060606 0.7403809427966102 0.7203322159090909 0.7438866991525425 0.7770465416666666 0.7504376652542373 0.7800343257575757
0 0.7513840148305084 0.6236932234848485 0.755826936440678 0.6612383825757576 0.7785204491525424 0.6850611628787878 0.7595732966101695 0.6188547083333333 0.7385169491525423 0.6043521136363637 0.7359426165254237 0.6142010909090909 0.7513840148305084 0.6236932234848485
0 0.8012174088983051 0.6574444734848485 0.7979430720338982 0.6388040871212122 0.7775878792372881 0.6356443598484849 0.7869445953389831 0.6668571136363636 0.8220400381355932 0.6681661098484848 0.8012174088983051 0.6574444734848485
0 0.7492817118644068 0.5725181363636364 0.7387518135593221 0.5909865795454545 0.7476422478813559 0.5974909318181818 0.7492817118644068 0.5725181363636364
0 0.6294796673728813 0.7113947727272727 0.6500674322033898 0.735481946969697 0.6594207055084746 0.8181341780303031 0.6746272394067797 0.8409918484848485 0.7010659661016949 0.839577446969697 0.710893561440678 0.8269126325757575 0.7113632923728813 0.8001815606060606 0.6907778241525423 0.7418014015151515 0.654516093220339 0.6872946477272727 0.6372026631355933 0.681847856060606 0.6294796673728813 0.7113947727272727
0 0.6397815868644068 0.6034129128787878 0.652414938559322 0.6189730643939394 0.6659854512711864 0.6153640530303031 0.672071279661017 0.5764969431818181 0.6573321800847457 0.5612011818181819 0.6449314004237289 0.5665684772727272 0.6397815868644068 0.6034129128787878
0 0.5948665868644069 0.49474328787878785 0.5901888008474576 0.47056366666666666 0.5791914724576271 0.48147019696969695 0.5855075741525424 0.4978235227272727 0.5948665868644069 0.49474328787878785
0 0.6035141144067796 0.6346386212121212 0.5969654470338983 0.5973578522727273 0.5894784661016949 0.5963927424242425 0.5950911186440678 0.6356961818181818 0.6035141144067796 0.6346386212121212
0 0.5504098347457628 0.5308075113636364 0.5642152139830509 0.5138329583333334 0.5602385783898305 0.5009962007575758 0.5394136525423728 0.5245675530303031 0.5504098347457628 0.5308075113636364
0 0.5209304894067797 0.5173624810606061 0.5115714745762712 0.5204427121212121 0.520695622881356 0.5307280189393939 0.5209304894067797 0.5173624810606061
0 0.5160075063559322 0.6608668257575757 0.5220898877118644 0.6734391931818182 0.5440834004237288 0.6687726212121212 0.5471263135593221 0.6493390643939394 0.5368324322033898 0.6372954810606061 0.5241979343220339 0.6388818181818182 0.5160075063559322 0.6608668257575757
0 0.5861937966101695 0.7320707840909091 0.5679466461864406 0.6943536856060606 0.5541424173728814 0.6941817462121213 0.5658385995762713 0.7289110606060607 0.5861937966101695 0.7320707840909091
0 0.5859566355932203 0.7797293106060605 0.5817439872881356 0.7974045833333334 0.5882949533898304 0.8003923674242425 0.5859566355932203 0.7797293106060605
0 0.6390620656779661 0.8664139280303029 0.6399992309322033 0.8472447651515151 0.6325122478813558 0.8462796515151515 0.6304053495762713 0.863690534090909 0.6390620656779661 0.8664139280303029
0 0.6947452711864406 0.8918100984848485 0.6755586610169492 0.907555143939394 0.6994230572033898 0.9159897196969696 0.6947452711864406 0.8918100984848485
0 0.7120598495762711 0.8801103939393939 0.7036380021186441 0.8640214621212121 0.6966184533898304 0.8706182613636364 0.7005950868644067 0.8834550189393939 0.7120598495762711 0.8801103939393939
0 0.6188804661016949 1 0.6140198983050847 0.976246518939394 0.6222091800847457 0.9714080037878787 0.6233812097457627 0.9388732992424242 0.6032574343220338 0.9737875151515152 0.6067329533898305 1 0.6188804661016949 1
0 0.6765664004237288 1 0.6748517690677966 0.9819447424242423 0.6526245402542373 0.9828303598484849 0.6665646377118645 1 0.6765664004237288 1
0 0.5699965042372881 1 0.5166937288135593 0.8951140946969698 0.46825919491525425 0.9354880530303031 0.4247441991525424 0.8837971401515151 0.3779502754237288 0.8820518143939394 0.3627437436440678 0.8591941401515152 0.3590019724576271 0.8329918446969697 0.3912916631355932 0.806075875 0.38474529025423726 0.7345021212121212 0.3517555974576271 0.7329287310606061 0.33865711440677965 0.6755136893939394 0.3145601483050847 0.6461516666666666 0.29771415254237293 0.6482667916666667 0.2815681588983051 0.678871268939394 0.25535511016949153 0.8040920681818182 0.2675187288135593 0.8463832954545455 0.29021338983050843 0.8530595833333333 0.2930191440677966 0.8812845492424243 0.32343680084745763 0.8584139242424242 0.3297529025423729 0.8747672462121212 0.3250716716101695 0.9020271022727273 0.30986284322033897 0.9134624166666666 0.26681298516949153 0.9036263977272727 0.22563056779661017 0.9583310037878787 0.1821132754237288 0.9409330795454545 0.10935494703389831 0.8452851060606061 0.10350972457627118 0.7850542159090909 0.09251469279661018 0.7616677651515151 0.059290133474576276 0.7734599166666667 0.04876253601694916 0.757635375 0.017185478813559325 0.6244292878787879 0.032862889830508474 0.603409393939394 0.05556329237288136 0.5243532196969697 0.03754756355932203 0.5247100606060606 0.012275127118644067 0.5793222196969697 0.008763629237288136 0.6083403560606061 0.004067866525423729 0.5838698901515151 0.023795976694915254 0.9030212689393939 0.05319626906779661 0.9323524734848485 0.04032346186440678 0.9987438295454545 0.041159154661016946 1 0.07545932838983051 1 0.12057910381355932 0.9410384810606061 0.12970210593220338 0.9684702765151515 0.14818526694915254 0.9756753484848484 0.1570745529661017 0.9993261931818181 0.15693855084745761 1 0.3627141504237288 1 0.36788207203389833 0.993814625 0.37308911016949153 1 0.5699965042372881 1
0 0.3875579343220339 0.6598481325757576 0.38053608898305086 0.7007379128787878 0.40440048305084747 0.7091724886363637 0.418680186440678 0.5968808901515152 0.40955718644067796 0.5694490984848485 0.37703148305084744 0.6268770984848485 0.36182380296610167 0.6211659204545456 0.34544409110169494 0.6479894431818182 0.3608843411016949 0.6746280681818182 0.3875579343220339 0.6598481325757576
0 0.46196376059322036 0.6104978674242424 0.4673461419491525 0.594580875 0.45190589194915254 0.56794225 0.44628864830508475 0.5972247765151515 0.46196376059322036 0.6104978674242424
0 0.4734227838983051 0.6928857045454546 0.4762319809322034 0.6696711969696969 0.46640553389830514 0.6651895189393939 0.46266031991525425 0.6904266969696969 0.4734227838983051 0.6928857045454546
0 0.5335500593220339 0.7386805416666666 0.523725906779661 0.6999058787878788 0.48956533262711865 0.7137207045454546 0.5017289512711864 0.7560119318181818 0.5260619279661017 0.7548619204545455 0.5335500593220339 0.7386805416666666
0 0.5665328622881356 0.8431328787878787 0.557407565677966 0.8499940681818182 0.5646596800847458 0.8643247159090909 0.5665328622881356 0.8431328787878787
0 0.7677522415254237 0.7683346249999999 0.7607326970338983 0.7749314204545454 0.7806193072033898 0.7876757310606061 0.7677522415254237 0.7683346249999999
0 0.7838913474576271 0.8406090984848485 0.7838936440677966 0.8063161174242425 0.7761729449152542 0.8015700454545455 0.7726614491525424 0.8305881856060606 0.7838913474576271 0.8406090984848485
0 0.8292726334745762 0.9739871287878789 0.8409711144067796 0.9744234621212121 0.826700597457627 0.9495431174242425 0.8274040466101695 0.9265929962121212 0.8168764470338983 0.9107684545454545 0.8023699173728813 0.9164001401515152 0.7972235508474577 0.9018050984848485 0.7850553389830508 0.9280998446969697 0.7937097563559322 0.9651162234848485 0.8093837224576271 0.9955358030303031 0.8275697415254237 0.9932524356060606 0.8292726334745762 0.9739871287878789
0 0.7431821038135593 0.8171431515151516 0.7431809555084745 0.8342896477272728 0.7516039533898305 0.8332320871212122 0.7431821038135593 0.8171431515151516
0 0.7480970487288136 0.7936642575757576 0.7368660042372881 0.8007898333333333 0.7523074004237288 0.8102819696969698 0.7480970487288136 0.7936642575757576
0 0.7078609830508474 0.6920277575757575 0.7031809004237288 0.7021411212121211 0.7141770826271187 0.7083810795454546 0.7078609830508474 0.6920277575757575
0 0.7338311271186441 0.7001979393939395 0.7247058283898306 0.7070591287878788 0.7359357288135594 0.7170800416666667 0.7338311271186441 0.7001979393939395
0 0.7534863199152542 0.6748683106060606 0.7403809427966102 0.7203322159090909 0.7502039470338984 0.7762533712121212 0.7534863199152542 0.6748683106060606
0 0.6753387245762712 0.6980162803030303 0.6823559745762712 0.7257124696969697 0.7141747860169492 0.7426740643939395 0.6952253368644068 0.7107605909090909 0.7013100169491525 0.6890399734848485 0.6839965868644068 0.6835931818181818 0.6753387245762712 0.6980162803030303
0 0.7212000741525424 0.6503448068181817 0.7371112033898305 0.6331058636363637 0.7076318580508474 0.6196608333333333 0.7083318622881355 0.6481501931818182 0.7212000741525424 0.6503448068181817
0 0.2560539661016949 0.8497279166666667 0.2520773326271187 0.836891159090909 0.22025622457627117 0.8542225492424242 0.22446657415254237 0.8708402613636363 0.24435433686440677 0.8664380757575758 0.2560539661016949 0.8497279166666667
0 0.23476964406779663 0.7457119090909091 0.24132290466101694 0.7144067083333334 0.2212014258474576 0.7150279393939395 0.21909452966101695 0.7324388219696969 0.23476964406779663 0.7457119090909091
0 0.13181933898305084 0.7967409621212121 0.1271415529661017 0.7725613446969697 0.1159105063559322 0.7796869204545455 0.12035457203389831 0.8000855871212121 0.13181933898305084 0.7967409621212121
0 0.16831478601694916 0.8550286742424242 0.14866188771186442 0.846065321969697 0.1397703093220339 0.856707465909091 0.156848875 0.8755197916666667 0.17252513771186442 0.8716463863636363 0.16831478601694916 0.8550286742424242
0 0.19591865254237287 0.9239585265151515 0.1940454724576271 0.9451503636363636 0.2092531525423729 0.9508615454545454 0.19591865254237287 0.9239585265151515
0 0.9972178665254237 0.44672195075757576 0.9701574343220339 0.4552437537878788 0.9988614427966102 0.47331086363636365 0.9972178665254237 0.44672195075757576
0 0.9924623177966101 0.36978904545454544 0.9825628072033898 0.38129048863636367 0.9837313919491525 0.40019526515151516 0.9948444322033898 0.40832570075757574 0.9924623177966101 0.36978904545454544