0 0.263978284375 0.548639968503937 0.307430190625 0.5567338110236221 0.350729559375 0.624036472440945 0.387506646875 0.639389937007874 0.377058175 0.6581342047244094 0.389971571875 0.6514697834645669 0.40592798124999996 0.6747073740157481 0.38974275937499997 0.7402830196850394 0.41825259375 0.7351066062992125 0.353020565625 0.8650967834645669 0.39829371562500004 0.8121668937007874 0.419845028125 0.7628961102362205 0.4644638125 0.7217484606299213 0.517055465625 0.7346625196850394 0.530405103125 0.7201432677165355 0.5600711281249999 0.7506111889763779 0.5872066499999999 0.7137178543307087 0.628193634375 0.7097318464566928 0.6615677343749999 0.673433716535433 0.677164171875 0.6749217244094488 0.6839152625 0.6380576889763779 0.710320146875 0.6425510078740158 0.71329758125 0.6171716102362205 0.7360050874999999 0.6035451653543308 0.76735050625 0.5473123582677165 0.8156666749999999 0.5242844803149607 0.800942725 0.5070868149606299 0.8238683468750001 0.48953294881889764 0.8356255499999999 0.44722419291338583 0.831928165625 0.4291044251968504 0.809875028125 0.43094862598425193 0.773392334375 0.38206333464566933 0.775791675 0.3388617716535433 0.81584059375 0.2953040157480315 0.8072133625 0.25302455118110234 0.764623253125 0.3141068779527559 0.7438025781250001 0.32199099999999997 0.7330704031249999 0.28938127559055116 0.7062292718750001 0.29274278346456695 0.7147253375 0.22445942913385827 0.690709103125 0.26165036614173226 0.6688740875 0.2595671496062992 0.665907340625 0.20006072440944883 0.6529176750000001 0.2363295590551181 0.6385536968750001 0.24088147637795276 0.63652501875 0.2209467992125984 0.6233934999999999 0.2315386377952756 0.608887671875 0.21041355511811022 0.580595959375 0.21166255511811025 0.583355271875 0.1902105748031496 0.570081903125 0.1751254133858268 0.5277861875000001 0.2026759094488189 0.49666958125000005 0.1700954803149606 0.476067028125 0.17405219291338583 0.47352583125000003 0.19157675590551182 0.508994190625 0.2304947125984252 0.520958828125 0.26914436220472443 0.502897465625 0.25557650393700787 0.469523371875 0.29187463779527556 0.41627735625 0.29074282283464564 0.3699898625 0.3337053779527559 0.23165058749999998 0.34024797637795273 0.21736287812500002 0.31519547637795275 0.20590006875000003 0.3239724133858268 0.20596565 0.3792538188976378 0.241499590625 0.47345318110236223 0.21654528750000002 0.47107237007874014 0.21037229062499999 0.5257585748031496 0.24120519687500003 0.5069850118110236 0.24105265937499998 0.5661938307086614 0.263978284375 0.548639968503937
0 0.09011575625 0.37609738582677166 0.10128417812499999 0.4008522795275591 0.09083570625000001 0.41959655118110234 0.10722836250000001 0.4349793110236221 0.133491396875 0.41379563779527556 0.14531418125 0.4267682874015748 0.17992074062500002 0.3965100787401575 0.15786760312499998 0.39835428346456697 0.157147653125 0.35485511811023623 0.176517746875 0.34485848425196847 0.18072764375 0.3255190118110236 0.17412909375000002 0.3031742244094488 0.15998323750000001 0.30379872440944883 0.146993571875 0.34006755905511815 0.12312987812500001 0.31804967322834643 0.09011575625 0.37609738582677166
0 0.8079668281249999 0.606462590551181 0.80498939375 0.6318419842519685 0.8313942781250001 0.6363353070866141 0.8079668281249999 0.606462590551181
0 0.7279452656250001 0.6639736929133858 0.73882998125 0.637374594488189 0.78794236875 0.6282414685039369 0.736877571875 0.5878355078740157 0.729766509375 0.6029499606299213 0.7507290375 0.6207428346456693 0.709087684375 0.6365110866141732 0.7279452656250001 0.6639736929133858
0 0.8211746156249999 0.566266342519685 0.855344928125 0.5438629606299212 0.8316993593750001 0.5179176574803149 0.8187859625 0.5245820826771654 0.8211746156249999 0.566266342519685
0 0.294883996875 0.9622040078740158 0.31978831875 0.9270719133858268 0.31442223125 0.9107670472440945 0.277262896875 0.9605228307086614 0.294883996875 0.9622040078740158
0 0.431667815625 0.7758687598425197 0.419256246875 0.8299597598425197 0.40256919687500003 0.8481088307086615 0.40916774375 0.8704536141732283 0.43151527500000003 0.8350775826771654 0.441025675 0.7767615669291339 0.431667815625 0.7758687598425197
0 1 0.6273333503937008 0.948989146875 0.6080724212598425 0.949567240625 0.6258945905511811 0.995625925 0.6717452716535434 0.988296740625 0.6907871377952756 1 0.6935625275590551 1 0.6273333503937008
0 0.442976634375 0.26170431496062996 0.455748175 0.22936289763779527 0.45081833125 0.2052032086614173 0.42963768125 0.19133775196850394 0.41606992187499997 0.20978441732283462 0.424119053125 0.2342417125984252 0.410769415625 0.24876096456692914 0.442976634375 0.26170431496062996
0 0.09048641562500001 0.31296114566929134 0.08678903437499999 0.2948413779527559 0.075762465625 0.29576348031496064 0.06720082187500001 0.3087654251968504 0.09048641562500001 0.31296114566929134
0 0.089526971875 0.4431610393700788 0.056229146875000004 0.44985475984251966 0.027861162499999998 0.4807081692913386 0.03315098125 0.5266174448818898 0.171413984375 0.5496792559055118 0.189409765625 0.5079657047244095 0.17476208437500002 0.4611636220472441 0.16474985625 0.47205306299212596 0.156482603125 0.45152318503937006 0.089526971875 0.4431610393700788
0 0.29494235 0.6404292244094488 0.281810834375 0.651021062992126 0.30720138124999996 0.6455470472440945 0.29494235 0.6404292244094488
0 0.3930145875 0.6813717952755906 0.39309085625 0.6517673858267716 0.363566684375 0.6469764606299212 0.36305416875 0.6844357047244094 0.3930145875 0.6813717952755906
0 0.18384838750000002 0.8904129488188975 0.163387684375 0.920046657480315 0.16790825625 0.9500896417322834 0.17659354375 0.9509182755905512 0.22708217187500002 0.9024342007874016 0.18384838750000002 0.8904129488188975
0 0.07861942499999999 0.07493544488188976 0.0854361 0.09335281496062992 0.08797729062500001 0.07582824803149606 0.07861942499999999 0.07493544488188976
0 0.51089170625 0.13986657086614174 0.508721175 0.09425489763779527 0.44575732500000004 0.07048069291338582 0.42638723125 0.08047733070866141 0.427183446875 0.09437208267716535 0.406002796875 0.08050662598425197 0.39011196875 0.11255044488188977 0.433051359375 0.15810352362204724 0.439944303125 0.1469164842519685 0.486297378125 0.15923533858267716 0.51089170625 0.13986657086614174
0 0.649012859375 0.13725138582677165 0.629195834375 0.23998867322834647 0.653070215625 0.17712073622047245 0.649012859375 0.13725138582677165
0 0.685004415625 0.053824279527559055 0.6615007 0.053555972440944885 0.646264234375 0.07381754330708662 0.659319478125 0.09283011811023621 0.6813726156250001 0.09098591338582677 0.699946490625 0.06709453149606298 0.685004415625 0.053824279527559055
0 0.8083039718749999 0.23338748031496062 0.857852603125 0.21639952362204726 0.8270959687499999 0.20556867716535432 0.8014873 0.2149701062992126 0.8083039718749999 0.23338748031496062
0 0.8656622374999999 0.414555874015748 0.8682141187499999 0.31214548425196853 0.85639133125 0.2991728385826772 0.866185440625 0.29221081102362206 0.822013584375 0.24061781102362204 0.80800958125 0.2669193031496063 0.825634696875 0.2883419881889764 0.792260603125 0.3246401220472441 0.7892068937500001 0.3796239251968504 0.810529396875 0.4191663818897638 0.841504153125 0.42606981102362207 0.8656622374999999 0.414555874015748