0 0.18755163496932514 0.33173979924242425 0.17500565030674847 0.34327915151515154 0.18507908588957056 0.37153254545454545 0.20945654601226993 0.37875532954545454 0.22358194478527607 0.3653000909090909 0.21052830981595091 0.3333030871212121 0.18755163496932514 0.33173979924242425
0 0.08382268711656442 0.6967239848484849 0.04031365337423313 0.7200671363636364 0.10215043865030675 0.7002472310606062 0.08382268711656442 0.6967239848484849
0 0 0.6695493939393939 0.023236294478527608 0.663516284090909 0 0.6612372689393939 0 0.6695493939393939
0 0.4806827300613497 0.6531616136363636 0.4424195797546012 0.7142934810606061 0.46626115950920244 0.7442423825757576 0.46441380368098156 0.7575213219696969 0.455562527607362 0.7425027954545455 0.4475761533742332 0.7558698825757575 0.44528223006134965 0.7880872537878788 0.47660253374233125 0.761132712121212 0.5319430460122699 0.7565517007575757 0.5339690245398773 0.7356973901515151 0.5826628650306749 0.687668162878788 0.6164274846625767 0.6871833522727273 0.6542440674846626 0.6449899166666666 0.6968599631901841 0.6595236287878787 0.7235313466257669 0.6345290416666667 0.7340795828220859 0.5775815227272728 0.7221587944785276 0.562607071969697 0.7625983159509203 0.5393079924242424 0.7697197883435583 0.49755529545454547 0.7328245766871165 0.4356093901515151 0.6852025030674846 0.43818637499999996 0.6275680736196318 0.4749847613636364 0.6165121840490797 0.48839592045454544 0.6342147423312884 0.5184329696969697 0.5794711963190184 0.5627626553030304 0.5628121687116564 0.5535358446969697 0.5635266779141105 0.5232343522727273 0.528897153374233 0.495333553030303 0.47337801533742335 0.5074899393939394 0.42924378834355825 0.557346893939394 0.3937211257668711 0.5673229583333333 0.39256005214723927 0.6165628825757576 0.4046594662576687 0.6239619621212121 0.39220279447852757 0.6317136287878788 0.39297838343558283 0.663886928030303 0.40692515337423313 0.6580070681818182 0.4215864325153374 0.6218257121212122 0.4393783036809816 0.6480750757575758 0.4806827300613497 0.6531616136363636
0 0.36639631595092026 0.6850938295454545 0.3662176901840491 0.6926692045454546 0.3706879846625767 0.6982846212121212 0.3890157392638037 0.7018078674242424 0.40147240797546013 0.6940562007575758 0.40936946932515333 0.6844767954545454 0.409816036809816 0.6655383674242424 0.4023655460122699 0.6561793371212121 0.38087896932515336 0.6564878522727273 0.37789877300613495 0.6527442348484849 0.3732498466257669 0.6547041931818182 0.36860092638036807 0.6566641439393939 0.36070386503067486 0.6662435454545454 0.36052523619631904 0.6738189204545454 0.36639631595092026 0.6850938295454545
0 0.3875538742331288 0.6336735871212121 0.3966730920245399 0.6373290492424243 0.39878838650306747 0.6126870492424242 0.39124857975460126 0.6071157045454546 0.37905984662576686 0.6035043106060607 0.37309945398773003 0.5960170909090909 0.3684505306748466 0.5979770416666667 0.36520239263803683 0.6055964886363636 0.35256709509202455 0.6209235265151515 0.35545797852760735 0.6284548257575757 0.36597798159509204 0.6377697878787879 0.38439504907975464 0.6375053446969697 0.3875538742331288 0.6336735871212121
0 0.40829309202453984 0.5349292916666666 0.41127329141104296 0.5386729053030302 0.4144321165644172 0.5348411439393939 0.41741231288343555 0.5385847613636363 0.4266208435582822 0.5384525378787879 0.4296010398773006 0.5421961515151514 0.4373194754601227 0.540192125 0.43591869325153376 0.5345326287878788 0.4297796687116564 0.5346207765151515 0.42074976380368095 0.527177625 0.4115412300613497 0.5273098446969697 0.4085610337423313 0.5235662348484849 0.39777308588957055 0.5256143333333333 0.39768377607361965 0.5294020227272728 0.40215407055214725 0.5350174393939394 0.40829309202453984 0.5349292916666666
0 0.38874318404907976 0.5181711818181818 0.38427288650306746 0.5125557651515151 0.37822318098159513 0.5088562234848485 0.373574254601227 0.5108161818181818 0.37339562883435584 0.518391553030303 0.38084611963190185 0.5277505833333334 0.38856455521472394 0.5257465568181818 0.38874318404907976 0.5181711818181818
0 0.3609954233128834 0.39361826515151516 0.35783660122699384 0.3974500265151515 0.3667771901840491 0.4086808636363637 0.3665985644171779 0.4162562386363637 0.3740490552147239 0.42561527272727273 0.37711856748466255 0.4255711931818182 0.3818568067484663 0.41982355681818184 0.3820354325153374 0.41224818560606064 0.36564434969325155 0.3916583143939394 0.3609954233128834 0.39361826515151516
0 0.45606094785276075 0.3960396666666667 0.4635114417177914 0.4053987007575757 0.472719972392638 0.4052664772727273 0.48061703680981593 0.3956870795454545 0.48088497852760737 0.38432401893939394 0.47343448159509205 0.3749649886363636 0.45957702760736197 0.3770571590909091 0.45641820552147244 0.38088892424242426 0.45606094785276075 0.3960396666666667
0 0.5569082392638037 0.4135236666666667 0.5567296134969325 0.4210990416666667 0.5701405 0.43794529924242426 0.5732100122699387 0.4379012234848485 0.5749680521472392 0.4284099734848485 0.5615571625766871 0.4115637121212121 0.5569082392638037 0.4135236666666667
0 0.5881392331288344 0.3903568106060606 0.5882285429447853 0.386569125 0.5837582484662577 0.38095370833333336 0.5760398159509202 0.38295773106060604 0.5769047177914111 0.4113433446969697 0.58164295398773 0.4055957045454545 0.5818215828220858 0.3980203295454545 0.5881392331288344 0.3903568106060606
0 0.558069319018405 0.36428374242424244 0.5517516687116565 0.37194726515151516 0.551483726993865 0.3833103257575758 0.5558647085889571 0.392713428030303 0.5605136319018404 0.39075347727272725 0.5606922607361963 0.3831780984848485 0.5638510858895706 0.3793463409090909 0.564119027607362 0.3679832803030303 0.559648726993865 0.36236786363636364 0.558069319018405 0.36428374242424244
0 0.6548646503067485 0.4234763674242424 0.6549539601226995 0.4196886818181818 0.6504836656441717 0.41407326136363637 0.6458347423312883 0.4160332159090909 0.6425866042944786 0.4236526628787879 0.6470569018404908 0.42926808333333333 0.6501264110429448 0.42922401136363636 0.6548646503067485 0.4234763674242424
0 0.6240802239263804 0.42770479166666664 0.622768754601227 0.4182576098484848 0.6150503190184049 0.4202616401515151 0.616361791411043 0.42970881818181816 0.6240802239263804 0.42770479166666664
0 0.601253944785276 0.48482860606060607 0.6026547300613497 0.4904880984848485 0.6073929662576687 0.48474045833333335 0.601253944785276 0.48482860606060607
0 0.5823903098159509 0.5040314772727273 0.5837017822085889 0.5134786553030304 0.5883507055214724 0.5115187045454546 0.5885293343558282 0.5039433333333334 0.5981844355828221 0.484872678030303 0.5968729631901841 0.4754255 0.589154527607362 0.47742952651515147 0.5888865889570551 0.48879258712121215 0.5823903098159509 0.5040314772727273
0 0.5674893251533742 0.4853134166666666 0.5702015797546013 0.5004200871212121 0.577830699386503 0.5022037462121212 0.5795887392638037 0.4927124962121212 0.5751184447852761 0.4870970757575757 0.569068736196319 0.48339753409090913 0.5674893251533742 0.4853134166666666
0 0.725642027607362 0.41488729924242423 0.7224831993865031 0.4187190606060606 0.7251954601226994 0.43382573106060607 0.7358940889570552 0.4355653181818182 0.7406323251533742 0.4298176742424243 0.7409895797546012 0.4146669318181818 0.725642027607362 0.41488729924242423
0 0.7465034049079754 0.44109259090909086 0.7539539018404908 0.45045162121212123 0.7631624325153374 0.4503194015151515 0.7679006717791411 0.44457176136363635 0.7682579233128835 0.42942101515151515 0.7608074325153374 0.42006198106060605 0.7530889969325153 0.4220660075757576 0.7467713466257669 0.4297295303030303 0.7465034049079754 0.44109259090909086
0 0.7424186012269939 0.35406394696969695 0.7468888957055215 0.35967936742424245 0.7591669386503068 0.359503071969697 0.7639944877300614 0.34996774242424245 0.761192917177914 0.3386487575757576 0.7536531104294478 0.33307741287878784 0.7490041901840491 0.33503736742424245 0.7426865398773006 0.3427008901515151 0.7424186012269939 0.35406394696969695
0 0.773113708588957 0.3536232121212121 0.7775840030674847 0.3592386287878788 0.7837230245398773 0.35915048106060604 0.7884612607361963 0.3534028409090909 0.7886398895705522 0.3458274696969697 0.7841695920245398 0.3402120492424242 0.7764511595092024 0.3422160757575758 0.7732923343558282 0.3460478371212121 0.773113708588957 0.3536232121212121
0 0.7589600766871166 0.4333409204545454 0.7542218435582821 0.4390885606060606 0.7512416411042945 0.43534495075757573 0.7494836042944786 0.44483620075757574 0.7553546840490798 0.45611111363636364 0.7521958619631901 0.45994287121212124 0.7596463527607362 0.4693019053030303 0.7627158650306749 0.46925782954545453 0.7835161656441717 0.4329883333333333 0.7589600766871166 0.4333409204545454
0 0.7864681288343559 0.5029944204545455 0.7912063650306748 0.49724678030303027 0.7867360705521472 0.4916313598484849 0.7759481257668712 0.4936794621212121 0.7696304785276074 0.5013429848484848 0.7710312607361963 0.5070024772727273 0.7741900858895705 0.503170715909091 0.7864681288343559 0.5029944204545455
0 0.8417804049079755 0.5646758825757576 0.846250699386503 0.5702913030303031 0.8585287453987731 0.5701150075757575 0.8665151196319018 0.5567479204545455 0.8666937484662577 0.5491725492424242 0.859243254601227 0.5398135151515152 0.8453857975460123 0.5419056893939393 0.842226972392638 0.5457374507575758 0.8417804049079755 0.5646758825757576
0 0.826343536809816 0.5686839356060606 0.8170456901840492 0.5726038446969697 0.8136189233128835 0.5877986666666666 0.8209801042944785 0.6009453825757576 0.8332581503067484 0.6007690909090909 0.8412445245398773 0.5874020037878788 0.8414231503067484 0.5798266287878788 0.8339726595092025 0.5704675946969697 0.8279229509202454 0.5667680568181819 0.826343536809816 0.5686839356060606
0 0.8702098282208589 0.5301900416666666 0.873100708588957 0.537721340909091 0.8837993404907976 0.5394609242424243 0.8916964049079755 0.5298815265151515 0.8919643435582821 0.518518465909091 0.8874940460122699 0.5129030454545455 0.8736365920245398 0.5149952234848485 0.8704777699386503 0.5188269848484849 0.8702098282208589 0.5301900416666666
0 0.938007009202454 0.5178573598484849 0.9352054386503068 0.506538375 0.927754944785276 0.49717934469696967 0.9200365122699385 0.49918337121212125 0.9196792546012269 0.5143341174242425 0.9271297484662577 0.5236931477272727 0.9332687699386503 0.523605 0.938007009202454 0.5178573598484849
0 0.9360092607361964 0.472449196969697 0.9328504355828221 0.47628095833333334 0.932671809815951 0.48385632954545454 0.9403009294478527 0.48563998863636365 0.9450391656441718 0.4798923484848485 0.9375886717791411 0.4705333181818182 0.9360092607361964 0.472449196969697
0 0.8278054018404908 0.6368182234848485 0.8233351073619631 0.6312028030303031 0.8186861840490798 0.6331627575757576 0.8199976533742331 0.6426099356060606 0.8230671656441718 0.6425658636363636 0.8278054018404908 0.6368182234848485
0 0.760454791411043 0.6302124696969696 0.7572959662576687 0.634044231060606 0.7617662607361964 0.6396596477272727 0.7679052822085889 0.6395715000000001 0.772643518404908 0.6338238598484849 0.7681732239263804 0.6282084431818181 0.760454791411043 0.6302124696969696
0 0.7737152822085889 0.588371625 0.7692449877300613 0.5827562045454545 0.764596064417178 0.5847161590909091 0.7643281226993864 0.596079215909091 0.7719572423312884 0.597862875 0.7737152822085889 0.588371625
0 0.628230726993865 0.7722079659090909 0.6283200398773007 0.7684202803030303 0.623849745398773 0.7628048598484849 0.6130618006134969 0.7648529621212121 0.6098136625766871 0.7724724090909091 0.6142839570552148 0.7780878257575757 0.623492490797546 0.7779556060606061 0.628230726993865 0.7722079659090909
0 0.5633244294478528 0.792071946969697 0.5586755061349694 0.7940318977272728 0.5476196196319019 0.8074430606060605 0.5472623650306748 0.8225938068181817 0.5516433496932516 0.8319969128787879 0.5669909018404908 0.8317765454545455 0.578046791411043 0.8183653863636363 0.575423846625767 0.7994710265151515 0.5679733558282208 0.7901119924242423 0.5633244294478528 0.792071946969697
0 0.5229742208588958 0.8115833371212121 0.5232421625766871 0.8002202803030303 0.5187718650306749 0.7946048598484848 0.5079839202453987 0.7966529621212122 0.5048250950920246 0.8004847196969697 0.506047254601227 0.8137195871212121 0.515166472392638 0.8173750492424242 0.5229742208588958 0.8115833371212121
0 0.20550312576687116 0.80667575 0.20857263496932518 0.806631678030303 0.21024136503067484 0.8009281098484848 0.2181384233128834 0.791348712121212 0.22278734662576688 0.7893887575757575 0.2213865644171779 0.7837292613636364 0.20139008588957052 0.7859095871212122 0.19814194478527608 0.7935290340909091 0.20550312576687116 0.80667575
0 0.3085504110429448 0.600730321969697 0.30565953067484664 0.5931990227272728 0.29794109509202454 0.595203053030303 0.2916234447852761 0.6028665719696971 0.2910875613496932 0.6255926893939394 0.3048557055214724 0.6272882007575757 0.312752763803681 0.617708803030303 0.3129313957055215 0.6101334318181818 0.31609021779141105 0.6063016666666666 0.3116199233128834 0.60068625 0.3085504110429448 0.600730321969697
0 0.5006745950920246 0.45598154545454544 0.49936312269938654 0.4465343636363636 0.49164468711656445 0.44853839393939393 0.49295615950920246 0.45798557196969697 0.5006745950920246 0.45598154545454544
0 0.690368300613497 0.8697622651515151 0.6891461441717791 0.8565274015151515 0.678358199386503 0.8585755037878787 0.6795803558282209 0.8718103674242424 0.690368300613497 0.8697622651515151
0 0.8228931503067485 0.8451409772727273 0.8225358987730061 0.8602917234848485 0.825426782208589 0.8678230227272727 0.8298970766871165 0.8734384393939394 0.8390162944785277 0.8770939090909091 0.8469133558282208 0.8675145075757575 0.8439331595092024 0.863770893939394 0.8441117883435584 0.8561955227272727 0.8306115858895706 0.8431369507575758 0.8228931503067485 0.8451409772727273
0 0.8145166779141105 0.7449215416666667 0.816364027607362 0.7316426022727273 0.8071554969325154 0.7317748257575758 0.8068875552147239 0.7431378825757575 0.8145166779141105 0.7449215416666667
0 0.8362101134969324 0.6707751818181817 0.8362994263803681 0.6669874924242425 0.8318291288343558 0.6613720719696969 0.8271802085889571 0.6633320265151514 0.8239320674846626 0.6709514734848485 0.8284023650306748 0.6765668901515152 0.8314718773006134 0.6765228181818181 0.8362101134969324 0.6707751818181817
0 0.9261190644171778 0.631620178030303 0.9216487699386503 0.6260047575757576 0.9139303374233129 0.6280087840909091 0.9152418067484662 0.6374559659090909 0.921380828220859 0.6373678143939394 0.9261190644171778 0.631620178030303
0 0.7782184263803681 0.7227243106060606 0.7799764662576687 0.7132330568181818 0.777085582822086 0.7057017575757576 0.7678770490797546 0.705833981060606 0.7646289110429448 0.7134534280303031 0.7690992055214724 0.7190688446969696 0.7752382300613497 0.7189806969696969 0.7782184263803681 0.7227243106060606