0 0.5299500311653116 0.19779776950998185 0.5481480670731708 0.20018231215970964 0.5570269024390244 0.1986423929219601 0.5481053021680217 0.19336767422867512 0.5339293712737128 0.19201703720508168 0.5299500311653116 0.19779776950998185
0 0.5435933929539295 0.164611055353902 0.5379414613821137 0.1698853947368421 0.5377049037940379 0.17532865880217788 0.5661028692411924 0.19256642014519054 0.5705225738482385 0.1922500662431942 0.5758951842818428 0.18560435299455535 0.5691192899728997 0.1699495 0.5724611348238482 0.1632404401088929 0.5764438130081301 0.165181555353902 0.5782741090785908 0.1620591061705989 0.5643313970189702 0.14754335662431942 0.5459756558265583 0.14878765698729582 0.5435933929539295 0.164611055353902
0 0.5892825914634147 0.20509920326678766 0.5869264017615176 0.18912799727767693 0.580955722899729 0.19393817332123411 0.5851422086720867 0.20678693194192377 0.5892825914634147 0.20509920326678766
0 0.5916748692411924 0.2124413511796733 0.587531147696477 0.20640723139745917 0.5787311646341463 0.2061327277676951 0.5768614417344173 0.21016238747731397 0.5784190928184282 0.22111226225045372 0.587981527100271 0.2350371560798548 0.5900517181571816 0.23419329219600726 0.5916748692411924 0.2124413511796733
0 0.5860463042005419 0.27176863067150636 0.5883530535230352 0.265481502722323 0.590229451897019 0.27689554083484574 0.59584195799458 0.2725284110707804 0.5925722886178862 0.2619793529945554 0.5877549837398374 0.26364596551724134 0.5780348448509485 0.25334991379310345 0.5721824444444444 0.25543845916515423 0.5729809830623306 0.2604597903811252 0.5799506707317074 0.26385674137931037 0.5799145826558266 0.27248580127041744 0.5860463042005419 0.27176863067150636
0 0.5809102520325203 0.2729710798548094 0.5820736409214092 0.2929930617059891 0.590748668699187 0.280545498185118 0.5875578529810298 0.2681820190562613 0.5827799742547425 0.2689414210526316 0.5809102520325203 0.2729710798548094
0 0.5703360894308943 0.31352105716878403 0.5746308394308943 0.3004826388384755 0.5620880724932249 0.3005456052631579 0.5655582100271003 0.31428045916515424 0.5703360894308943 0.31352105716878403
0 0.567056406504065 0.27980645372050816 0.5708025277777778 0.287190833030853 0.5756198319783198 0.28552421960072594 0.5752155555555555 0.27143078130671505 0.5718309471544716 0.27132520326678766 0.567056406504065 0.27980645372050816
0 0.5414850386178861 0.35350091470054446 0.5397696829268293 0.3461798829401089 0.5355482452574526 0.3418248620689655 0.5314889166666666 0.34955533847549913 0.538343662601626 0.3633957704174228 0.5384291917344174 0.37702504627949185 0.5404993827913279 0.3761811823956443 0.5414850386178861 0.35350091470054446
0 0.49424486517615174 0.3175065889292196 0.4984246741192412 0.3149116506352087 0.4943203794037941 0.30797031851179674 0.4861184654471545 0.3095313539019964 0.4833746903794038 0.31807595099818514 0.4885996104336044 0.33822462613430126 0.49134672357723574 0.3374018774954628 0.49424486517615174 0.3175065889292196
0 0.490971858401084 0.2992356823956443 0.48742620663956643 0.29503709891107077 0.48487956300813007 0.29904564156079855 0.48655549186991864 0.3072738847549909 0.490971858401084 0.2992356823956443
0 0.4984507479674797 0.2831170462794918 0.5010301422764227 0.2627575952813067 0.4949806104336043 0.26938219237749544 0.4957036348238482 0.2839397949183303 0.4984507479674797 0.2831170462794918
0 0.48080134078590786 0.2603097068965517 0.47885276626016265 0.26615378675136114 0.4812056178861789 0.27440314519056264 0.4870613563685637 0.28003644918330306 0.48936810501355016 0.2737493212341198 0.4885662283197832 0.26100614065335753 0.48080134078590786 0.2603097068965517