0 1 0.6802847803030303 0.9941092704918033 0.6782935151515151 0.9695786612021858 0.6974467992424243 0.9670669207650272 0.7505422689393939 0.9931477076502732 0.774973965909091 1 0.7739681363636364 1 0.6802847803030303
0 1 0.5364327348484849 0.9825509890710382 0.5305343825757576 0.949928355191257 0.5762905378787879 0.9527900846994536 0.6065961439393939 0.9707311229508198 0.6462578409090909 1 0.6487259659090909 1 0.5364327348484849
0 0.9599275901639345 0.352535803030303 0.9545063934426229 0.3639527840909091 0.9641008715846995 0.3695620303030303 0.9599275901639345 0.352535803030303
0 0.8370677295081966 0.3990197765151515 0.8328944508196721 0.3819935492424243 0.8041905573770493 0.38412060606060605 0.8084274754098361 0.41631066666666666 0.8370677295081966 0.3990197765151515
0 0.8088888251366121 0.5262484431818182 0.812807568306011 0.4826193446969697 0.7949460710382514 0.4619124393939394 0.7799144863387979 0.4639292196969697 0.7635713551912567 0.4792253787878788 0.7636827158469945 0.5057620871212121 0.7815601202185791 0.5302599545454546 0.8088888251366121 0.5262484431818182
0 0.8935457704918033 0.49902803030303033 0.8975758715846994 0.4819356363636364 0.8866221174863388 0.4782329015151515 0.8812168278688524 0.4934408409090909 0.8935457704918033 0.49902803030303033
0 0.8453913387978143 0.753419196969697 0.8575930109289618 0.7286787272727273 0.8356377786885246 0.7099003787878788 0.8193423688524589 0.7365694090909092 0.8453913387978143 0.753419196969697
0 0.6986442595628415 0.6465568522727273 0.721847412568306 0.6368919848484849 0.7231271420765027 0.6160306931818181 0.6957029863387978 0.5972964507575758 0.695496174863388 0.5480140037878788 0.6790734972677596 0.5443553750000001 0.6886202513661202 0.5385917462121212 0.6612279098360655 0.5274394204545455 0.6011015765027322 0.5355065492424242 0.6244001775956284 0.5485874356060606 0.5957440136612021 0.5620873674242424 0.5929459180327868 0.5469455909090909 0.5766027841530055 0.5622417537878788 0.5777393387978141 0.5072618371212121 0.5695200464480874 0.5035370454545455 0.542254975409836 0.5227123825757576 0.5464441639344262 0.543529571969697 0.5150694480874317 0.5608425113636364 0.519290456284153 0.5892416174242424 0.557572912568306 0.5889328446969697 0.5631054726775956 0.6040525643939394 0.5739955928961749 0.5925914734848485 0.5727794918032787 0.6286165984848484 0.6015788360655737 0.6492352878787878 0.6370631967213115 0.6337847386363636 0.6699085519125684 0.6411019924242424 0.6834217732240437 0.6030821401515152 0.6849560437158471 0.6428761666666667 0.657659155737705 0.6544695946969697 0.6727066475409836 0.656243768939394 0.6782869316939891 0.6827363636363637 0.7070067295081967 0.6844002613636364 0.6986442595628415 0.6465568522727273
0 0.6544244863387978 0.8611098787878788 0.6611731420765028 0.8402044734848485 0.6447186448087432 0.828963928030303 0.636610713114754 0.8517758446969697 0.6544244863387978 0.8611098787878788
0 0.5150146803278689 0.8736075643939394 0.5190129644808743 0.8489332575757575 0.5025743797814208 0.8414836704545454 0.49446644535519124 0.8642955871212121 0.5150146803278689 0.8736075643939394
0 0.4791326010928961 0.7942841666666667 0.48311497814207655 0.7658189015151515 0.46941085245901637 0.7583472613636364 0.455818087431694 0.7774123257575757 0.4791326010928961 0.7942841666666667
0 0.6119528360655738 0.8406014659090909 0.5966667158469946 0.7819629204545454 0.5515083306010928 0.7728494356060606 0.5216042486338798 0.8147925795454546 0.5217633360655738 0.8527021590909091 0.5437822021857923 0.8866443409090909 0.5356742732240437 0.90945625 0.5480350273224044 0.922625356060606 0.5615800683060109 0.8921874166666667 0.5943458770491803 0.8805498825757576 0.6119528360655738 0.8406014659090909
0 0.7095114289617486 0.9554427196969697 0.6930569344262295 0.9442021818181818 0.6356491530054645 0.9484562954545455 0.6298057650273223 0.9660825871212122 0.7513387049180328 0.9592171931818182 0.7422613306010929 0.9400142272727273 0.7135574398907103 0.9421412878787879 0.7095114289617486 0.9554427196969697
0 0.1926823169398907 0.9558201893939394 0.22663240710382515 0.900575606060606 0.21011427868852459 0.8741712348484848 0.18563139617486338 0.904697393939394 0.18305601912568306 0.9426290303030302 0.1926823169398907 0.9558201893939394
0 0.1579271994535519 0.9750559431818181 0.16941553005464483 0.9503212196969697 0.16378751912568307 0.91245575 0.14461447540983605 0.9050282196969697 0.12556869672131146 0.9279283560606061 0.1231382650273224 0.9753365340909091 0.1579271994535519 0.9750559431818181
0 0.3088730601092896 0.9491964053030303 0.3034836830601093 0.9681953068181819 0.31253126775956286 0.973808962121212 0.31979001912568306 0.9737504128787879 0.32531164754098363 0.9566459924242424 0.3088730601092896 0.9491964053030303
0 0.2947394071038251 0.8393689053030303 0.29055021584699453 0.8185517196969697 0.275518631147541 0.8205685 0.27698926775956284 0.8451987007575757 0.2947394071038251 0.8393689053030303
0 0.3096914426229508 0.8183973333333333 0.3137056393442623 0.797513981060606 0.2890318524590164 0.7825486477272727 0.294628043715847 0.8128322007575758 0.3096914426229508 0.8183973333333333
0 0.09083021584699454 0.46948711742424243 0.11692691530054646 0.49770977651515147 0.1578961092896175 0.4860060757575757 0.17822162021857924 0.44224464772727273 0.1698273306010929 0.3968193181818182 0.14648100273224043 0.3723655606060606 0.0931192349726776 0.36331824242424243 0.07133899453551912 0.386240428030303 0.09083021584699454 0.46948711742424243
0 0.06826340983606557 0.6307902916666667 0.11071915300546448 0.64750775 0.09447146994535519 0.6855496553030302 0.10571157650273225 0.7574896363636363 0.12355716666666666 0.7744055909090909 0.15908925409836067 0.7703279128787879 0.1766643961748634 0.7227975833333333 0.1655833743169399 0.6887671818181819 0.1805990464480874 0.6829594431818181 0.1818946912568306 0.6658891022727272 0.13785695081967214 0.5980047462121212 0.15133835519125682 0.5524029772727272 0.09916086885245902 0.4997486136363637 0.060973860655737705 0.5228031325757576 0.0503700956284153 0.6025014659090909 0.06826340983606557 0.6307902916666667
0 0.03545874043715847 0.958983837121212 0.02808749726775956 0.9556433598484849 0.028688691256830604 0.9760983295454545 0.03260054918032787 0.9760667765151515 0.03545874043715847 0.958983837121212
0 0.026316745901639342 0.7353834924242424 0.02202036612021858 0.749216590909091 0.024009969945355192 0.816910446969697 0.04169831967213115 0.8167677803030302 0.05660263387978143 0.7844233333333334 0.039989054644808744 0.7352732121212122 0.026316745901639342 0.7353834924242424
0 0.059766625683060105 0.8867571439393939 0.024341210382513658 0.828180446969697 0.026574174863387978 0.9041544128787878 0.059766625683060105 0.8867571439393939
0 0.10212509289617486 0.22866204545454544 0.10887374863387977 0.20775663636363637 0.09245107377049182 0.20409801136363637 0.08978024590163934 0.21928389772727272 0.10212509289617486 0.22866204545454544
0 0.05222071584699453 0.06604784848484849 0.05623491256830601 0.045164499999999996 0.03981223497267759 0.04150587121212121 0.03715731693989071 0.06048271590909091 0.05222071584699453 0.06604784848484849
0 0.051354609289617485 0.18547404924242422 0.05947845081967213 0.1664530946969697 0.05122733879781421 0.15514638636363637 0.026696729508196723 0.17429967424242424 0.0336203825136612 0.19509480303030305 0.051354609289617485 0.18547404924242422
0 0.10969213114754099 0.0769575643939394 0.11912752459016393 0.04465723106060606 0.09993856557377048 0.03343874621212121 0.0891279918032787 0.06385462500000001 0.10969213114754099 0.0769575643939394
0 0.12493052732240437 0.12422323484848484 0.12485098360655737 0.10526844696969698 0.10566202732240437 0.09404995833333334 0.09758591530054644 0.12444378787878789 0.10994666939890711 0.13761289393939394 0.12493052732240437 0.12422323484848484
0 0.04836560928961749 0.1248407803030303 0.04278532513661202 0.09834818181818182 0.012647918032786885 0.08469060984848485 0.012943551912568305 0.15513924621212122 0.036163937158469946 0.1495812537878788 0.04836560928961749 0.1248407803030303
0 0.4168976803278689 0 0.3445853661202186 0.01061453787878788 0.2802857513661202 0.0016554393939393938 0.2625992486338798 0.02264906818181818 0.21061266666666667 0.015486200757575758 0.20525510382513662 0.042067011363636365 0.19015988524590163 0.02891996590909091 0.17130501366120218 0.09731159469696969 0.19201233060109288 0.1445331515151515 0.2029819918032787 0.1520268484848485 0.2015272650273224 0.13118760984848485 0.21921376775956286 0.11019398106060607 0.2247463224043716 0.12531370075757575 0.257607587431694 0.13642191287878788 0.3095305355191257 0.12842094696969697 0.3203888360655738 0.10937793939393939 0.3259532131147541 0.13207957575757576 0.34237589071038255 0.13573820454545454 0.3997359453551913 0.12011121212121212 0.4024067732240437 0.10492532575757575 0.42560992076502735 0.0952604659090909 0.4282012049180328 0.06111978787878788 0.41176262021857923 0.05367020075757576 0.3993064098360655 0.017755352272727273 0.3911666612021858 0.032985348484848485 0.3842589180327869 0.01598117803030303 0.42661921038251366 0.009952886363636365 0.4265774398907104 0 0.4168976803278689 0
0 0.3023293961748634 0.3673174583333333 0.3104055081967213 0.3369236325757576 0.32407781693989074 0.3368133560606061 0.324125543715847 0.3481862310606061 0.3405004945355191 0.34047198106060605 0.33384729234972677 0.3841231363636364 0.34616032240437156 0.38591936742424243 0.35170878688524587 0.40483004545454543 0.37083410655737703 0.40088470075757576 0.3763666666666667 0.4160044242424243 0.38725678415300546 0.4045433295454546 0.39282115846994536 0.4272449621212121 0.40507055464480873 0.4138773636363636 0.39950618032786883 0.39117572727272726 0.4254756092896175 0.38907072348484845 0.43898883060109295 0.35105086742424246 0.44183465300546443 0.37756552272727273 0.45534787431693985 0.3395456666666667 0.45824142076502733 0.37743318939393944 0.4773190163934426 0.3621149734848485 0.48806595901639344 0.31653525757575757 0.49369396721311476 0.35440072348484847 0.49491006557377043 0.3183755984848485 0.5030975409836066 0.31451847727272725 0.4974536256830601 0.27286204924242424 0.5042340983606557 0.25953855681818183 0.5098461967213115 0.2936130681818182 0.5193134071038251 0.2688946515151515 0.5108395765027323 0.2045145303030303 0.4806968661202186 0.18959330681818182 0.47786695355191255 0.16686961363636366 0.48874116393442624 0.1516175643939394 0.4804582349726776 0.13272893939393937 0.46809748087431696 0.11955983333333334 0.45722326775956285 0.13481189015151515 0.45440926502732243 0.11587915151515152 0.42293909562841525 0.11044635227272727 0.38206535245901635 0.14489579924242424 0.39850393715846993 0.15234538257575758 0.39172346174863387 0.1656688712121212 0.38347235245901634 0.15436216287878787 0.368472587431694 0.16396086363636364 0.37266177595628414 0.18477804924242425 0.3521612704918033 0.1868389393939394 0.34686734153005466 0.2285835871212121 0.3332268524590164 0.2362757803030303 0.3388230464480874 0.2665593295454545 0.3251666475409836 0.2704605643939394 0.32933992896174863 0.2874867916666667 0.31702689890710384 0.28569056060606063 0.33904576775956285 0.31963274242424244 0.324046 0.3292314431818182 0.3157948879781421 0.3179247348484848 0.300842849726776 0.33889630303030305 0.3023293961748634 0.3673174583333333
0 0.5162448633879781 0.1893065909090909 0.5161494098360656 0.1665608446969697 0.4900049863387978 0.12696531060606062 0.48044232786885244 0.12893798106060608 0.4914756256830601 0.15159550757575757 0.48068095628415297 0.18580235227272726 0.5039954672131148 0.20267418939393939 0.5162448633879781 0.1893065909090909
0 0.5628738852459017 0.22305027272727274 0.5301876174863388 0.2536425946969697 0.5249414153005464 0.3067601174242425 0.5565706721311475 0.3501025 0.6030565163934426 0.3497275606060606 0.6261483032786885 0.3135259924242424 0.6151309153005464 0.29465942424242425 0.625909674863388 0.2566616287878788 0.5915777732240437 0.22092321590909092 0.5628738852459017 0.22305027272727274
0 0.5846223087431694 0.19254617045454545 0.6189542076502732 0.22828457954545453 0.6435484508196722 0.22429512499999998 0.6747481721311476 0.16528164393939396 0.6746049972677596 0.13116302272727273 0.6457261092896175 0.09158954545454545 0.5923961584699453 0.09012414015151515 0.578978387978142 0.15088974242424244 0.5846223087431694 0.19254617045454545
0 0.7038020546448087 0.2465556590909091 0.7105348005464481 0.22185929545454544 0.6913776612021858 0.21822272348484847 0.6887386502732241 0.24099052651515152 0.7038020546448087 0.2465556590909091
0 0.7744844234972678 0.14741732196969698 0.7757800655737704 0.13034698484848484 0.7648263142076502 0.1266442462121212 0.7621713934426229 0.14562108712121213 0.7744844234972678 0.14741732196969698
0 0.805652330601093 0.08082192424242425 0.8152945327868854 0.09780404166666667 0.816590174863388 0.08073370454545455 0.805652330601093 0.08082192424242425
0 0.2661539180327869 0.5438947424242424 0.24981078415300545 0.5591909053030303 0.24717177322404368 0.5819587083333334 0.262314718579235 0.6064786325757575 0.27598702459016394 0.606368356060606 0.29356216393442625 0.5588380227272728 0.2661539180327869 0.5438947424242424
0 0.24563750273224044 0.542164678030303 0.26332400273224044 0.521171053030303 0.260430456284153 0.4832835303030303 0.22481882513661205 0.4684064128787879 0.20852341530054644 0.49507545075757575 0.20863477595628413 0.5216121553030303 0.22649627322404373 0.5423190643939394 0.24563750273224044 0.542164678030303
0 0.3412482021857924 0.518647 0.3219637923497268 0.48468276515151515 0.29871291530054644 0.4829747575757576 0.2824334180327869 0.51343475 0.2907640683060109 0.54369625 0.32225014754098363 0.5529200075757575 0.3360497213114754 0.5831373939393939 0.36065987704918034 0.5829388977272727 0.37286154644808744 0.5581984242424243 0.370031631147541 0.5354747310606061 0.3412482021857924 0.518647
0 0.23284721311475412 0.4266397159090909 0.23726238524590162 0.3924843257575758 0.2203591885245902 0.3831429431818182 0.19985868032786883 0.38520383712121214 0.186361368852459 0.42701465151515156 0.19875394262295082 0.44776567045454546 0.21789517486338797 0.4476112840909091 0.23284721311475412 0.4266397159090909
0 0.2981242950819672 0.34270931439393937 0.28445198907103825 0.3428195946969697 0.29252810655737704 0.31242576515151516 0.2706046857923497 0.3012293295454545 0.2434032513661202 0.3355685037878788 0.25587536885245904 0.3752743106060606 0.2805173387978142 0.3826577310606061 0.2981242950819672 0.34270931439393937
0 0.23372923224043715 0.3110044696969697 0.23502487431693989 0.2939341325757576 0.22408702459016394 0.29402235227272727 0.22140028961748634 0.3054172803030303 0.23372923224043715 0.3110044696969697
0 0.05117257103825137 0.4679114393939394 0.07162534972677595 0.45447767045454546 0.07962192349726777 0.40512905303030305 0.05765078142076503 0.38255975 0.013929341530054644 0.39004854924242427 0.013973636612021858 0.4006037689393939 0.019527407103825136 0.4207780984848485 0.014077573770491804 0.42537135606060605 0.014162418032786886 0.44558979924242426 0.023796139344262293 0.46055007196969694 0.05117257103825137 0.4679114393939394
0 0.08249251912568306 0.7633635454545454 0.0812127868852459 0.7842248371212122 0.093573543715847 0.7973939431818182 0.10310438797814209 0.7878393560606061 0.09459873770491803 0.715877321969697 0.08769099453551912 0.6988731515151515 0.06717458196721311 0.6971430833333333 0.06747684426229508 0.7691712840909091 0.08249251912568306 0.7633635454545454
0 0.29253697267759565 0.640354643939394 0.2992856256830601 0.6194492424242425 0.2828311338797814 0.6082086969696969 0.2746913825136612 0.6234386931818182 0.29253697267759565 0.640354643939394
0 0.16771330601092896 0.5446887272727272 0.1718706775956284 0.5579239962121212 0.1814015218579235 0.5483694128787878 0.16771330601092896 0.5446887272727272
0 0.15671182786885246 0.5296131174242423 0.14452606557377048 0.5581445492424243 0.15955764754098362 0.556127768939394 0.15671182786885246 0.5296131174242423
0 0.38531775409836067 0.5941132727272727 0.3893319480874317 0.5732299242424242 0.37564373497267756 0.5695492424242424 0.37298881420765023 0.5885260871212121 0.38531775409836067 0.5941132727272727
0 0.3684655464480875 0.4880987878787879 0.37247973770491805 0.4672154356060606 0.3560729699453552 0.46734776893939395 0.3561525136612022 0.4863025568181818 0.3684655464480875 0.4880987878787879
0 0.29996083333333334 0.4545315454545455 0.3040068442622951 0.4412301098484848 0.29305309016393444 0.4375273712121212 0.28763189344262297 0.44894435606060606 0.29996083333333334 0.4545315454545455
0 0.260350912568306 0.46432873863636365 0.261773825136612 0.4775860643939394 0.26857020765027323 0.46805353030303026 0.260350912568306 0.46432873863636365
0 0.4644262322404371 0.5479821818181818 0.46845633606557374 0.5308897878787878 0.4575025819672131 0.527187053030303 0.4548476639344262 0.5461638977272727 0.4644262322404371 0.5479821818181818
0 0.46879041530054644 0.6104999053030303 0.4702292349726776 0.6275481856060606 0.485244912568306 0.621740446969697 0.46879041530054644 0.6104999053030303
0 0.7209335765027323 0.7449453143939394 0.7085410027322404 0.7241942954545455 0.6825715710382514 0.7262992954545454 0.6786051038251366 0.7585555227272727 0.7209335765027323 0.7449453143939394