0 0.6731792423728813 0.21266419787234042 0.6699981033898305 0.17263813404255318 0.650966833898305 0.23633174680851063 0.6268536355932203 0.4089072893617022 0.6137504525423729 0.4491616765957447 0.6031619830508475 0.4536271446808511 0.6038172949152543 0.4686721276595745 0.5681422389830508 0.5133386170212766 0.5576173864406779 0.5412699893617021 0.5553985203389831 0.5728484489361702 0.5402132830508475 0.5818060638297872 0.5220584457627119 0.5720982936170212 0.5104345067796611 0.5913003744680851 0.4451492915254237 0.5943188957446809 0.43812212033898307 0.6090288255319148 0.49145573728813563 0.6176898936170213 0.49777509661016944 0.625239070212766 0.533725306779661 0.6253991680851064 0.5447575491525424 0.6146180085106383 0.5673294237288136 0.6102059063829788 0.6177570559322033 0.6236674936170212 0.6626796830508475 0.7032896617021276 0.6763649830508475 0.7644213957446808 0.6875769576271187 0.7632679595744681 0.6828211508474576 0.7090953404255319 0.6977105406779661 0.7043481872340426 0.7140584779661018 0.7275857702127659 0.7531373254237288 0.8050760234042553 0.7647198779661017 0.8839480361702128 0.781659513559322 0.8987646978723404 0.7963373627118644 0.8726568659574468 0.7976686813559323 0.8537097893617022 0.7907258186440678 0.8428485829787233 0.7758364305084746 0.8475957382978724 0.7723912508474576 0.8235130893617021 0.725090720338983 0.716804614893617 0.7275418186440678 0.6575497872340426 0.7612620508474576 0.6285183425531915 0.7851445491525423 0.6541962106382979 0.7929749576271187 0.6524260340425532 0.7747565050847458 0.6192523553191489 0.8013223355932203 0.5579990276595744 0.8028222711864407 0.48790967659574463 0.9021124542372881 0.39087925106382976 0.8945778932203391 0.3884389659574468 0.8516323186440679 0.41472175531914895 0.8116245372881356 0.44793697872340427 0.7946848999999999 0.433120314893617 0.7944733610169491 0.4117596382978723 0.8025678101694915 0.39404604680851063 0.8420682050847458 0.3436806085106383 0.8328428627118645 0.3409319531914894 0.8055581050847458 0.36367438936170216 0.7820350711864407 0.3572519659574468 0.7725981881355932 0.33314263191489357 0.7904556440677967 0.17648382127659573 0.8123085881355933 0.13356082765957447 0.8148233033898304 0.09777190851063829 0.8066652372881356 0.0920195914893617 0.7832694338983051 0.1325289829787234 0.7844957491525424 0.18819009361702127 0.7516327898305085 0.3634342425531915 0.732622213559322 0.37809080851063825 0.7253835016949153 0.3714400638297872 0.7273383271186441 0.3558050191489362 0.7179968661016949 0.36689454893617024 0.7067530847457627 0.35631502978723406 0.6967245033898305 0.3406266191489362 0.6788544016949152 0.26593838723404256 0.6873830440677966 0.3517161489361702 0.7140554101694915 0.38643168297872343 0.6583550033898306 0.41145430425531915 0.6284601101694915 0.4347867978723404 0.6540525508474576 0.24115895106382979 0.6575502322033898 0.22793750638297872 0.6686142830508474 0.22888930212765957 0.6731792423728813 0.21266419787234042
0 0.2828230338983051 0.5039452914893617 0.2971843406779661 0.5310849680851064 0.32761843050847456 0.5366356425531915 0.35184927796610166 0.5207989595744681 0.3571538593220339 0.49404770425531913 0.3446312610169492 0.4651111680851064 0.3154123745762712 0.4544516 0.29563036779661017 0.4679013680851064 0.2828230338983051 0.5039452914893617
0 0.19428994067796612 0.545367974468085 0.1837014711864407 0.5498334425531914 0.18082729322033897 0.566366914893617 0.19776692881355934 0.5811835765957446 0.20758396779661017 0.5755113106382979 0.21031022203389832 0.5610830680851064 0.19428994067796612 0.545367974468085
0 0.0840725186440678 0.578571374468085 0.10240708813559321 0.597906870212766 0.12130154576271188 0.5970884872340426 0.1317102847457627 0.5829952978723404 0.12841302881355934 0.5568074170212766 0.11485495762711864 0.5426074957446808 0.0987185593220339 0.5407305893617022 0.08614345932203389 0.5490981468085105 0.0840725186440678 0.578571374468085
0 0.2661918949152542 0.716265210638298 0.2675232152542373 0.6973181382978724 0.25918541694915254 0.6819380978723404 0.2448877254237288 0.678264329787234 0.22943844745762712 0.7031653617021277 0.24100988644067795 0.7212673723404255 0.25622693050847456 0.7240427085106383 0.2661918949152542 0.716265210638298
0 0.2315730033898305 0.697158040425532 0.24270066949152544 0.7215757446808511 0.2615951271186441 0.7207573617021277 0.2683264508474576 0.7102578914893617 0.2663080118644068 0.7024270276595744 0.2574103254237288 0.7072008659574468 0.2315730033898305 0.697158040425532
0 0.20545094576271186 0.7520956744680851 0.22224265762711864 0.7690175680851065 0.24113711694915252 0.7681991872340425 0.24970714576271186 0.7559028574468085 0.24750897627118643 0.7384442702127659 0.23748039491525422 0.7227558595744681 0.2231827033898305 0.7190820936170214 0.2049435593220339 0.7349454595744681 0.20545094576271186 0.7520956744680851
0 0.3960227033898305 0.7207543234042553 0.3796222627118644 0.7348208297872341 0.3817886271186441 0.7405464638297873 0.4014863220338983 0.7526678361702127 0.42174390847457627 0.7446353340425532 0.41847845932203387 0.7301804063829788 0.3960227033898305 0.7207543234042553
0 0.39982581525423727 0.5935153744680851 0.3849682322033898 0.6099954829787234 0.3938770338983051 0.665991644680851 0.4269530661016949 0.682685214893617 0.461180686440678 0.6708039872340426 0.4658935711864407 0.6524736531914894 0.4564566881355932 0.6283643234042553 0.42984793898305085 0.6171146957446808 0.4159622118644068 0.5953922829787235 0.39982581525423727 0.5935153744680851
0 0.4164059847457627 0.5890765914893616 0.4294248576271187 0.5743933425531915 0.4514050338983051 0.5784021638297873 0.4647515644067796 0.5712414063829787 0.46851328813559323 0.5420765510638298 0.45091834067796616 0.5122149021276596 0.434929866101695 0.5082327638297872 0.3946787372881356 0.508354355319149 0.3879474118644068 0.5188538234042553 0.384988927118644 0.5609584382978723 0.3940663457627119 0.5658123234042552 0.4028797237288136 0.5866096234042554 0.4164059847457627 0.5890765914893616
0 0.35728108983050844 0.5409795191489362 0.3465446966101695 0.547550214893617 0.34565714915254236 0.5601816 0.35921522033898307 0.5743815191489362 0.37087096610169495 0.5669123914893617 0.3719064372881356 0.5521757787234043 0.35728108983050844 0.5409795191489362
0 0.34322827966101693 0.7409764255319149 0.3420973881355932 0.7205141787234043 0.3225794220338983 0.7180205276595745 0.3217236847457627 0.7423848659574468 0.34322827966101693 0.7409764255319149
0 0.8140595389830508 0.9494503276595744 0.8164581372881357 0.9274995914893617 0.8084479966101694 0.9196420446808511 0.8007973186440678 0.9310399468085107 0.8140595389830508 0.9494503276595744
0 0.8783596694915254 1 0.8724130050847457 0.9963406 0.862172886440678 0.959291514893617 0.8446097474576271 0.9411628191489362 0.8393894745762712 0.9423429382978724 0.8382060796610169 0.9591847829787233 0.8312950237288136 0.960056529787234 0.8313586389830508 0.9835224382978723 0.8442209830508475 1 0.8783596694915254 1
0 0.6068600915254238 0.40099637872340427 0.5840448711864407 0.37231484893617023 0.5682043220338983 0.3662274808510638 0.5465836101694915 0.3814741042553192 0.5545937508474577 0.3893316510638298 0.5460555288135592 0.4133609340425532 0.5563799559322035 0.4248388829787234 0.5914426203389831 0.43763036382978726 0.6054762711864407 0.4572475446808511 0.5958914644067796 0.4352434425531915 0.6068600915254238 0.40099637872340427