0 0 0.40504530833333335 0.03067959813084112 0.44130945833333335 0.048342738317757004 0.4233894416666667 0.09981510046728972 0.47922498750000003 0.15393016822429909 0.40833497916666667 0.18790081542056075 0.4190775958333333 0.2122713855140187 0.3466644166666667 0.20542683177570095 0.3340370541666667 0.17848429439252336 0.35475572083333334 0.1305259859813084 0.3146508083333333 0.11869674999999999 0.34760180416666664 0.05576226401869159 0.3623850875 0.03832911214953271 0.3508524166666667 0 0.3675991708333333 0 0.40504530833333335
0 0 0.557001875 0.018160392523364488 0.5626185083333334 0.0365356308411215 0.5381873041666666 0.026177021028037383 0.5098293041666666 0 0.5059346541666667 0 0.557001875
0 0 0.4520882375 0.007481102803738318 0.44830607083333335 0.016576943925233643 0.42667350833333334 0.0001544415887850467 0.41273722083333336 0 0.41282171250000005 0 0.4520882375
0 0.20549322196261682 0.5795776541666666 0.19044848130841122 0.6009055833333333 0.20567677803738318 0.598411575 0.20549322196261682 0.5795776541666666
0 0.10881807710280374 0.5541656333333334 0.10066432242990654 0.5398343208333334 0.08543602570093459 0.5423283291666666 0.08127843457943926 0.5666691458333334 0.10406338317757009 0.5702913 0.10881807710280374 0.5541656333333334
0 0.16920272196261682 0.5695347000000001 0.15117246962616823 0.5497868833333333 0.13826402102803736 0.5515812333333333 0.13440498130841122 0.580029625 0.16242673130841123 0.5904676041666667 0.16920272196261682 0.5695347000000001
0 0.18553453504672898 0.46806386250000004 0.19035778971962616 0.4854984583333334 0.2026691355140187 0.4754889583333333 0.19683522897196262 0.4604579791666667 0.18553453504672898 0.46806386250000004
0 0.21408265186915887 0.6651370708333334 0.2465141121495327 0.7036284166666668 0.2882713995327103 0.6910345083333334 0.3056359906542056 0.6690069208333332 0.3361611448598131 0.6975791583333333 0.3816624789719626 0.6712632041666667 0.3921825140186916 0.6366082541666667 0.38777280607476633 0.6085548916666668 0.3628979976635514 0.5761797125 0.3234605584112149 0.5880739541666667 0.30079060280373837 0.5697254583333333 0.2947045794392523 0.5023003 0.27240174065420564 0.5216196375000001 0.2851951939252336 0.5345516291666667 0.28133615654205607 0.5630000249999999 0.24160016355140188 0.5707866916666667 0.21525472897196263 0.5997205041666667 0.19371041822429905 0.5642420458333334 0.18289182943925233 0.5947894166666666 0.21484118224299067 0.610339275 0.21408265186915887 0.6651370708333334
0 0.3735330280373832 0.5267984166666666 0.4175416051401869 0.47994459166666664 0.44485125700934575 0.4968937625 0.43995943925233644 0.44589890833333334 0.4587482242990655 0.41084892916666665 0.45599269859813085 0.34032049166666667 0.46782193457943927 0.30736949583333334 0.43927164485981307 0.32227662916666666 0.38756929439252336 0.29589376666666667 0.36062675467289723 0.31661242916666665 0.35913399532710283 0.29607455416666667 0.3292745070093458 0.309277725 0.3046982476635514 0.281010125 0.2660414696261682 0.31995343333333337 0.21500478037383178 0.3353459833333333 0.21144429439252338 0.36790195000000003 0.23186296028037384 0.4205103708333333 0.2723796098130841 0.4397727708333333 0.30963432710280375 0.4956987125 0.3679291144859813 0.48231475416666664 0.3779891705607477 0.506565175 0.3735330280373832 0.5267984166666666
0 0.5076021845794393 0.4632765625 0.5292614906542056 0.48402867916666664 0.6528106098130841 0.455161775 0.6668668317757008 0.5180843333333333 0.6575653037383178 0.4390361125 0.6770661869158879 0.3974749375 0.7050879369158879 0.40791292083333336 0.7117025023364486 0.44999296666666666 0.7151479929906542 0.4321633458333333 0.741676988317757 0.42206344999999995 0.7394721308411215 0.4080367666666667 0.7166871845794393 0.4044146125 0.7458345771028038 0.39772263333333335 0.7505892710280374 0.38159696666666665 0.7240602780373833 0.3916968583333333 0.7184563621495327 0.3472131958333333 0.6888954252336449 0.36452394583333336 0.6445661658878505 0.32542332916666666 0.6666854485981308 0.287270075 0.6881611962616822 0.28918827083333337 0.6860713364485981 0.26043524583333333 0.5904754042056075 0.26617987083333333 0.5710895163551402 0.29301469999999996 0.5913246261682243 0.3267892 0.5220276939252336 0.35188661666666665 0.49876063785046726 0.32532297083333334 0.4726451892523364 0.32480409583333336 0.4612295 0.34713632083333334 0.4587482242990655 0.41084892916666665 0.4934309696261682 0.41508035 0.5076021845794393 0.4632765625
0 0.7196284392523364 0.28179662916666665 0.7063064439252336 0.29420975 0.7218332943925234 0.29582330833333337 0.7196284392523364 0.28179662916666665
0 0.728379296728972 0.30434309583333335 0.7315947990654206 0.31596615833333336 0.7448017990654205 0.31827938333333333 0.7373601425233646 0.297436875 0.728379296728972 0.30434309583333335
0 0.7323533294392524 0.26116836250000003 0.738072238317757 0.29092568333333335 0.7732835257009346 0.2698119916666667 0.7540590654205608 0.23363387500000002 0.7323533294392524 0.26116836250000003
0 0.8912508644859813 0.27830829166666665 0.906846273364486 0.3134821166666667 0.9360622289719627 0.3403504 0.9809666191588786 0.32212998750000005 0.9719338621495327 0.1978541625 0.9550588738317757 0.1940008666666667 0.8603121612149532 0.26035482083333333 0.870073668224299 0.28049766666666665 0.8912508644859813 0.27830829166666665
0 0.8481843714953271 0.2891982416666667 0.8395020794392524 0.30021203333333335 0.8580608738317757 0.2946147458333333 0.8481843714953271 0.2891982416666667
0 0.8656860864485981 0.3342911708333334 0.8503427943925234 0.35151152916666667 0.8708078925233645 0.3558333416666667 0.8656860864485981 0.3342911708333334
0 0.8151315070093458 0.3726252166666667 0.8150165140186916 0.38735155833333335 0.8305433621495327 0.38896512083333334 0.8280399556074766 0.3708308666666667 0.8151315070093458 0.3726252166666667
0 0.8626320093457944 0.25965515833333336 0.856798105140187 0.24462418333333333 0.8392499602803738 0.24781785416666666 0.8347938154205609 0.2680510958333333 0.8532376168224299 0.27718015 0.8626320093457944 0.25965515833333336
0 0.9085247593457944 0.14087357083333335 0.9145422219626169 0.17473846666666668 0.9427939602803738 0.1557237625 0.9288063037383177 0.12636147083333332 0.9085247593457944 0.14087357083333335
0 0.8594629392523365 0.19974549166666666 0.8792623714953272 0.16229189583333334 0.8661703668224299 0.14525232916666667 0.8739570070093459 0.12191580833333333 0.8314876214953272 0.14102090833333333 0.825607285046729 0.17427653333333334 0.8594629392523365 0.19974549166666666
0 0.6463157873831775 0.006705608333333333 0.6459704042056075 0.0185737375 0.6635871121495327 0.04894032916666667 0.7402107056074766 0.0594117625 0.7530727219626169 0.10590402083333333 0.7647183995327103 0.05411910416666667 0.7810723411214954 0.03449513333333333 0.8129531285046729 0.016484725 0.8780924696261683 0.015728125 0.8466806985981309 0.008784420833333334 0.6463157873831775 0.006705608333333333
0 0.4183487406542056 0.16487985000000002 0.41621244626168225 0.18441342916666667 0.4389973971962617 0.1880355791666667 0.4379181845794392 0.1568789375 0.4183487406542056 0.16487985000000002
0 0.17357034813084113 0.22191399166666667 0.18980929205607477 0.2170163625 0.1989051331775701 0.1953838 0.18753587616822429 0.16942942083333332 0.16564658177570094 0.17812999166666668 0.16178754439252338 0.20657838333333334 0.17357034813084113 0.22191399166666667
0 0.3443899813084112 0.10952972083333333 0.3307008738317757 0.08427500416666667 0.3111314275700935 0.09227590833333334 0.30584819626168225 0.13374669166666667 0.3358912429906542 0.13937743749999998 0.3443899813084112 0.10952972083333333
0 0.48590079439252337 0.06685037916666667 0.4754271939252337 0.05321872083333334 0.4358747570093458 0.07983930416666667 0.4372525186915888 0.11510352500000001 0.48061756074766354 0.10832115416666667 0.48590079439252337 0.06685037916666667
0 0.5188364906542056 0.21013008333333336 0.5305507336448598 0.19190543333333335 0.5201921261682243 0.16354743333333335 0.48693357242990654 0.146293625 0.454225691588785 0.18554157083333334 0.4837402009345794 0.21651742916666666 0.5188364906542056 0.21013008333333336
0 0.39804507009345796 0.09754508333333334 0.3881685677570093 0.09212857916666667 0.37050542757009347 0.11004859583333333 0.3733073855140187 0.132290425 0.3182281028037383 0.15729745 0.31175066355140185 0.182337925 0.3624423668224299 0.21112440833333332 0.39521880841121493 0.20543672500000001 0.4057388457943925 0.17078177083333335 0.3969879859813084 0.14823530416666666 0.39804507009345796 0.09754508333333334
0 0.25768202803738316 0.20494133333333334 0.2555457359813084 0.22447491249999998 0.26845418457943926 0.22268056249999998 0.26595077570093456 0.20454630833333332 0.25768202803738316 0.20494133333333334
0 0.26165606074766357 0.1617666 0.25981832242990655 0.18540775416666666 0.2707054696261682 0.18842064166666667 0.2722446588785047 0.16067190833333334 0.26165606074766357 0.1617666
0 0.24794265186915887 0.2666453541666666 0.24580635981308413 0.2861789333333334 0.2569920584112149 0.29329939583333337 0.2608511004672897 0.2648510041666667 0.24794265186915887 0.2666453541666666
0 0.20205207476635514 0.1734466 0.21181358177570092 0.19358945000000002 0.21918667523364485 0.18087169583333335 0.21103292056074768 0.16654038333333335 0.20205207476635514 0.1734466
0 0.5688182710280374 0.03344741666666667 0.5719187803738318 0.05979682083333333 0.5998719672897196 0.03667454583333333 0.5801189672897197 0.025841533333333333 0.5688182710280374 0.03344741666666667
0 0.6053830186915887 0.17773141666666667 0.6102062733644861 0.1951660125 0.6245389158878505 0.18034927916666668 0.6163851612149533 0.16601795833333333 0.6053830186915887 0.17773141666666667
0 0.45975669859813084 0.6204256458333333 0.444413406542056 0.6376460041666667 0.46023880607476636 0.6433671416666668 0.45975669859813084 0.6204256458333333
0 0.49758638785046727 0.602719875 0.49515154439252335 0.6181458791666666 0.5156166425233645 0.6224676958333333 0.5151345327102803 0.5995262 0.49758638785046727 0.602719875
0 0 0.3638440541666667 0.020068869158878504 0.3605572791666667 0.04873415420560748 0.3309238083333333 0.055165161214953275 0.3541699333333333 0.08764305140186916 0.344374675 0.10601829205607477 0.3199434666666667 0.09644034112149533 0.31863453333333336 0.10291778504672897 0.29359405833333335 0.0738853855140187 0.28555969583333335 0.018921095794392523 0.295840375 0 0.305406175 0 0.3638440541666667