0 0.23402314035087718 0.2097300546875 0.1762377302631579 0.1887693984375 0.16277483771929824 0.16891534765625 0.10377161622807017 0.1595190859375 0.031117177631578945 0.10040746484375 0.025376061403508773 0.15492532421875 0.05082816447368421 0.15587826953125 0.11992123026315789 0.19605942578125 0.14131874122807017 0.24606480859375 0.15977843201754385 0.23956881640625 0.19598219736842104 0.3177713984375 0.2551402587719298 0.28349777734375 0.28328386403508776 0.3116414765625 0.3165163311403509 0.259811484375 0.31254902412280705 0.24473581640625 0.2854683903508772 0.24869760546875 0.24979611184210526 0.18654776953125 0.23402314035087718 0.2097300546875
0 0.06513641228070174 0.2415539140625 0.026873668859649123 0.24620275 0.046865043859649125 0.27791121484375 0.06513641228070174 0.2415539140625
0 0.025340375 0.15526420703125 0.09130891666666666 0.1618167578125 0.047735506578947366 0.14304677734375 0.030749899122807015 0.103895140625 0.025340375 0.15526420703125
0 0.11055537938596491 0.34829720703125 0.13070159649122806 0.33633579296875 0.12620280263157896 0.3052073828125 0.09031290789473684 0.27677365625 0.06929204166666666 0.28649089453125 0.07635200657894738 0.31439805859375 0.11055537938596491 0.34829720703125
0 0.08596895614035088 0.20197536328125 0.07984641447368421 0.186266140625 0.050547771929824556 0.17964061328125 0.03780468421052632 0.20570062109375 0.056858638157894735 0.22521114453125 0.07141379605263158 0.21359325390625 0.08016028508771929 0.23603499609375 0.11976639035087719 0.2397293046875 0.13129166666666667 0.22523369140625 0.11910935745614036 0.20376901953125 0.08596895614035088 0.20197536328125
0 0.272637423245614 0.46548987890625 0.2559270285087719 0.47647421875 0.26973308771929827 0.4825196953125 0.272637423245614 0.46548987890625
0 0.19170521052631578 0.390035484375 0.18686325219298244 0.37271564453125 0.17305719517543858 0.36667016796875 0.1654364495614035 0.3862876796875 0.18489634210526315 0.40194340625 0.19170521052631578 0.390035484375
0 0.2423385855263158 0.4367126328125 0.2296875657894737 0.4091489921875 0.21803673903508772 0.4037370625 0.21001006140350878 0.427209375 0.2329685438596491 0.451841796875 0.2423385855263158 0.4367126328125
0 0.2732274956140351 0.35438777734375 0.2746336293859649 0.3726846953125 0.2870963289473685 0.37038702734375 0.2844096074561403 0.35370073046875 0.2732274956140351 0.35438777734375
0 0.2662679736842105 0.54707419140625 0.28854013157894737 0.59932375390625 0.32733436184210524 0.61072766015625 0.3461999934210526 0.6003768671875 0.368409375 0.64267265625 0.4127318881578947 0.64377926953125 0.42763021271929824 0.61835280859375 0.42831653728070174 0.59073567578125 0.4116982105263158 0.54809636328125 0.3750592149122807 0.53732600390625 0.35809772587719296 0.50849526171875 0.36371807456140354 0.44457431640625 0.34094791228070176 0.4498032109375 0.35010033771929827 0.46839015234375 0.3420736557017544 0.49186246484375 0.3058405964912281 0.4772373125 0.2779480899122807 0.48890869921875 0.26476558333333333 0.4452923125 0.2502731973684211 0.46686397265625 0.2758556293859649 0.49822891796875 0.2662679736842105 0.54707419140625
0 0.4290949320175439 0.5094948828125 0.47544713157894736 0.4913275078125 0.49671909210526316 0.5214253515625 0.5007156929824561 0.47292359765625 0.5229543706140352 0.45164196484375 0.5320105394736842 0.3867439453125 0.5477835131578948 0.3635616640625 0.5202341688596491 0.3614244765625 0.4790336074561403 0.3095719375 0.4519529736842105 0.3135337265625 0.4539826600877193 0.29425973828125 0.42555866885964916 0.2898783828125 0.4085344035087719 0.2510938671875 0.36817919736842103 0.265062921875 0.3207640285087719 0.25112481640625 0.31233140789473685 0.27845192578125 0.3217349320175439 0.336853953125 0.3542517763157895 0.37621851953125 0.3779300701754386 0.44676499609375 0.43140500877192983 0.4664585546875 0.43630973903508774 0.49373216796875 0.4290949320175439 0.5094948828125
0 0.5574088377192983 0.52535619140625 0.5730897412280701 0.55579755859375 0.686505322368421 0.597085328125 0.6886312653508772 0.66129630078125 0.6933141907894736 0.58517741015625 0.7172393925438597 0.55843035546875 0.7401978771929825 0.58306277734375 0.7391683881578948 0.624488484375 0.7451026074561404 0.610336390625 0.770090778508772 0.6156948203125 0.7704339407894737 0.60188625390625 0.7509740526315789 0.58623052734375 0.7777115197368422 0.59607730859375 0.7845203881578947 0.58416938671875 0.7595322171052632 0.57881095703125 0.7618422938596491 0.53577462890625 0.7330123640350877 0.5352480703125 0.7003699692982456 0.4759759609375 0.7260444692982456 0.45371725 0.7446297083333334 0.4671288046875 0.7474712697368421 0.44014521484375 0.6624169057017544 0.39328503125 0.6409901052631579 0.40685707421875 0.6532979627192982 0.44822928515625 0.5882349736842105 0.4330775703125 0.5720853574561403 0.3965372265625 0.5491896469298245 0.381858578125 0.5355091337719298 0.39572064453125 0.5229543706140352 0.45164196484375 0.5527844956140351 0.47432023828125 0.5574088377192983 0.52535619140625
0 0.7735224122807017 0.4776091328125 0.7597791271929824 0.48151742578125 0.77317925 0.49141769921875 0.7735224122807017 0.4776091328125
0 0.7775524934210527 0.50263857421875 0.7784899144736842 0.514836515625 0.7897348004385966 0.5241032421875 0.786579370614035 0.5013179765625 0.7775524934210527 0.50263857421875
0 0.7880775723684211 0.4659912421875 0.7882658925438597 0.49585255078125 0.8226868815789473 0.49603558984375 0.8116596074561404 0.45305275390625 0.7880775723684211 0.4659912421875
0 0.9949801337719298 0.52681208203125 0.9008068267543861 0.53489614453125 0.9061174934210526 0.55831496484375 0.9251086732456141 0.56787171484375 0.9331060592105263 0.607976828125 0.9544407938596492 0.6480284375 0.986028048245614 0.6540209453125 0.9962247280701755 0.55719287890625 0.9964148574561404 0.52808795703125 0.9949801337719298 0.52681208203125
0 0.8854397916666666 0.5542236328125 0.8760069780701755 0.55939903125 0.8932488574561404 0.56446743359375 0.8854397916666666 0.5542236328125
0 0.8934999539473684 0.604282515625 0.8771954956140351 0.6114120546875 0.894500149122807 0.62643423046875 0.8934999539473684 0.604282515625
0 0.8427745087719298 0.61122901953125 0.8402761118421053 0.6244040390625 0.8536762324561403 0.6343043125 0.8544253333333334 0.6166409453125 0.8427745087719298 0.61122901953125
0 0.9029620635964912 0.5355296953125 0.9002753421052632 0.51884340234375 0.884314048245614 0.51216437890625 0.8770992434210526 0.52792708984375 0.8918427236842105 0.546170515625 0.9029620635964912 0.5355296953125
0 0.9626809013157894 0.45373140234375 0.9624632850877193 0.48744751171875 0.9904185679824562 0.4857298984375 0.9828898903508771 0.45172376171875 0.9626809013157894 0.45373140234375
0 0.9099257719298246 0.4799518984375 0.9334450350877193 0.45705964453125 0.9246985460526316 0.4346178984375 0.9353491732456141 0.417878109375 0.8948684188596492 0.411939625 0.8842805657894737 0.43863318359375 0.9099257719298246 0.4799518984375
0 0.8315840219298246 0.3376988359375 0.8502613289473684 0.297486734375 0.8678463728070176 0.2887465703125 0.8988315394736842 0.2899066796875 0.9562737828947367 0.32467590625 0.9156047061403508 0.288876109375 0.9274731469298245 0.26057192578125 0.916571423245614 0.2374966328125 0.9202248618421053 0.20280344921875 0.9029829802631579 0.197735046875 0.9147886469298245 0.15947709375 0.8942992653508771 0.18524707421875 0.8753080899122807 0.1756903203125 0.8549107763157895 0.14783665625 0.8503492105263157 0.10675446875 0.8438835043859649 0.1048538203125 0.8496628815789474 0.134371609375 0.8420421403508772 0.15398912109375 0.7954388442982456 0.13234141796875 0.7603315307017544 0.15977551953125 0.7515557478070176 0.20091119921875 0.7621143092105264 0.2377950625 0.8278343311403509 0.2889070546875 0.8315840219298246 0.3376988359375
0 0.5274447872807018 0.2085531484375 0.5223852149122807 0.2249494140625 0.5418451052631579 0.240605140625 0.5459672543859649 0.2120109296875 0.5274447872807018 0.2085531484375
0 0.30276885745614035 0.1266111640625 0.31785550438596494 0.13104601953125 0.3293807785087719 0.11655040234375 0.32360140131578946 0.08703261328125 0.3029236995614035 0.08294128515625 0.29489701754385966 0.10641359765625 0.30276885745614035 0.1266111640625
0 0.47137519517543863 0.11854964453125 0.4634405833333333 0.0883983046875 0.4449181162280702 0.08494052734375 0.43351838815789473 0.11934368359375 0.45903804385964914 0.14075485546875 0.47137519517543863 0.11854964453125
0 0.6028445307017544 0.15719621875 0.5958473421052631 0.139242828125 0.556709947368421 0.14164748828125 0.5521818618421053 0.17409649609375 0.5914448048245614 0.191599375 0.6028445307017544 0.15719621875
0 0.6085025504385966 0.30391508203125 0.621777125 0.29390781640625 0.6172783311403509 0.26277940234375 0.59082125 0.22917028515625 0.5556511644736842 0.2466506171875 0.5765799605263158 0.29055703125 0.6085025504385966 0.30391508203125
0 0.5205396644736842 0.1369761015625 0.5127305986842106 0.1267323046875 0.49427090570175436 0.133228296875 0.4931158662280702 0.1547464609375 0.44057835307017545 0.14725084765625 0.430802375 0.1662348125 0.470722350877193 0.2196979765625 0.500489701754386 0.23242248046875 0.5153880263157895 0.20699601953125 0.5113579451754386 0.18196658203125 0.5205396644736842 0.1369761015625
0 0.3795454451754386 0.15712857421875 0.37448587499999997 0.17352483984375 0.3861366973684211 0.17893676953125 0.38688579824561403 0.16127340234375 0.3795454451754386 0.15712857421875
0 0.390070524122807 0.1204812421875 0.3846050153508772 0.14073230859375 0.39369466666666664 0.14936548046875 0.3995661118421053 0.12525962109375 0.390070524122807 0.1204812421875
0 0.3609309100877193 0.20729444921875 0.3558713399122807 0.2236907109375 0.36455505263157895 0.2361786875 0.3725817346491228 0.212706375 0.3609309100877193 0.20729444921875
0 0.3357209364035088 0.09854351171875 0.34103160307017544 0.12196232421875 0.34958976973684214 0.11454276171875 0.34474781359649126 0.0972229140625 0.3357209364035088 0.09854351171875
0 0.6812448684210526 0.1722944375 0.6796838925438596 0.19766740234375 0.7080451118421052 0.19209498828125 0.692426980263158 0.171607390625 0.6812448684210526 0.1722944375
0 0.6899327697368421 0.3218910234375 0.6913389035087719 0.34018794140625 0.706362774122807 0.3346690234375 0.7015208201754386 0.3173491796875 0.6899327697368421 0.3218910234375
0 0.9300929057017544 0.1301958359375 0.9332483377192983 0.1529811015625 0.9465229100877193 0.1429738359375 0.939525721491228 0.1250204375 0.9300929057017544 0.1301958359375
0 0.4897260899122807 0.6405805703125 0.4734216315789474 0.64771011328125 0.4864158157894737 0.6614651875 0.4897260899122807 0.6405805703125
0 0.5258963728070176 0.64525195703125 0.5212427390350878 0.657793421875 0.5385473947368421 0.67281559765625 0.5418576666666667 0.651930984375 0.5258963728070176 0.64525195703125
0 0.22893008771929826 0.15259512890625 0.20469101754385965 0.12957333203125 0.15465190131578946 0.10890269921875 0.10514426973684211 0.1042848125 0.10370884210526315 0.14956531640625 0.1451270197368421 0.16770174609375 0.17517476096491227 0.15666391015625 0.17704960745614037 0.18105980078125 0.20722289692982454 0.1899295078125 0.22736911403508772 0.17796808984375 0.21915410964912282 0.17157909375 0.22893008771929826 0.15259512890625