0 0.9524138350515463 0.22072305395683453 0.9799846855670103 0.20630327697841727 0.9778644226804124 0.17468185611510792 0.9709243685567011 0.12921606115107914 0.9450214355670103 0.1298193057553957 0.9221985025773196 0.15701155035971223 0.928118925257732 0.2066165035971223 0.9524138350515463 0.22072305395683453
0 0.9514920231958762 0.3617421978417266 0.9890886391752577 0.3420788597122302 0.9833224407216495 0.25608224100719423 0.9708918479381443 0.24480628057553958 0.9326363917525773 0.2546437517985612 0.9184707783505155 0.29487527697841726 0.9178210644329897 0.3238772410071943 0.9514920231958762 0.3617421978417266
0 0.9422214922680412 0.5330161834532373 0.9449928943298969 0.5163110539568345 0.936370087628866 0.5231323201438849 0.9422214922680412 0.5330161834532373
0 0.8210900541237114 0.525638107913669 0.8238614587628866 0.5089329784172663 0.7958368350515465 0.4972393884892086 0.7940237422680412 0.5282366870503596 0.8210900541237114 0.525638107913669
0 0.7954937293814432 0.43408471582733815 0.7888890798969072 0.3936211798561151 0.7629861494845361 0.39422442446043165 0.7478622242268042 0.4201637805755396 0.7495392680412372 0.44517507194244604 0.7658955902061856 0.4569614676258993 0.7801302268041237 0.45645102877697846 0.7954937293814432 0.43408471582733815
0 0.875050131443299 0.42113823021582736 0.8701225283505155 0.4056859820143885 0.858933386597938 0.41292487410071943 0.8650243659793815 0.4263817805755396 0.875050131443299 0.42113823021582736
0 0.8209825463917525 0.19515494604316547 0.807876780927835 0.1738095035971223 0.7845746932989691 0.1938556654676259 0.8016497499999999 0.2163611870503597 0.8209825463917525 0.19515494604316547
0 0.665910043814433 0.3973798525179856 0.6810684793814433 0.3913010431654676 0.6779539690721649 0.3448514964028777 0.7024194355670104 0.3228100035971223 0.6998185902061855 0.30336708992805755 0.6774057938144329 0.29798432733812946 0.6827090231958762 0.2610010251798561 0.6558822886597938 0.2671726438848921 0.652426662371134 0.29301919784172664 0.6384316056701032 0.2971026726618705 0.6648136932989691 0.3036455107913669 0.6660460927835051 0.34137126258992806 0.6508186365979381 0.3077289928057554 0.6205017654639176 0.31988661870503593 0.5861810953608247 0.31102362589928056 0.5605522474226804 0.33506045683453234 0.5641114046391753 0.3687955395683453 0.5531273298969073 0.359746928057554 0.548952969072165 0.3748743489208633 0.5130242706185567 0.380721154676259 0.5109716005154639 0.40814541007194244 0.5415625592783505 0.41942136690647486 0.5390307319587628 0.43969953956834534 0.5658919768041237 0.45338846043165465 0.5733514046391752 0.44856253597122303 0.5685943608247422 0.39696224100719424 0.5849506829896908 0.4087486366906475 0.5865587087628866 0.39403884172661874 0.6143437551546391 0.4021593884892086 0.5933684226804123 0.4182148741007194 0.6503069613402062 0.41617312949640284 0.6752515850515464 0.40127771942446044 0.665910043814433 0.3973798525179856
0 0.6292586340206185 0.1216060035971223 0.621525118556701 0.10299834532374101 0.6054428788659794 0.11464553237410072 0.6145793530927834 0.13483089928057554 0.6292586340206185 0.1216060035971223
0 0.4953300283505155 0.13617660791366906 0.48992327061855667 0.11357828417266187 0.4712746984536082 0.12564310071942444 0.48041117010309276 0.1458284676258993 0.4953300283505155 0.13617660791366906
0 0.4672383762886598 0.2202127014388489 0.4615920412371134 0.19404132733812948 0.44085628865979387 0.2136698633093525 0.4548858530927835 0.22944692805755396 0.4672383762886598 0.2202127014388489
0 0.5000525618556702 0.1679163561151079 0.5309176082474227 0.20262589928057553 0.5726632036082474 0.18680242086330934 0.5830645927835052 0.1291233165467626 0.5638678479381443 0.09432096402877697 0.5323530850515464 0.08861338489208632 0.5176047860824742 0.06211719424460432 0.5068947989690722 0.0765021690647482 0.5160312731958763 0.09668753237410072 0.4976567860824742 0.13218593884892088 0.5000525618556702 0.1679163561151079
0 0.5879497654639175 0 0.5980504819587629 0.02374178417266187 0.6521831056701031 0.018544622302158274 0.6668623840206186 0.005319726618705036 0.6715504097938144 0.017198931654676262 0.6986167242268041 0.01460034892086331 0.7040149845360824 0 0.5879497654639175 0
0 0.2056004381443299 0.03703813309352518 0.21234690463917524 0.05580641726618705 0.22538365206185568 0.03743077338129496 0.2338013917525773 0.04689701438848921 0.2575826340206186 0.03399693525179856 0.22565734020618555 0.03377420503597122 0.2056004381443299 0.03703813309352518
0 0.17888300515463917 0.13710472302158275 0.2038966443298969 0.16193039928057554 0.21761761597938145 0.13441333453237408 0.182064543814433 0.08782458992805756 0.17392088917525775 0.10179193884892086 0.17888300515463917 0.13710472302158275
0 0.1606100592783505 0.09673399640287769 0.1386073969072165 0.058776230215827334 0.12577571907216495 0.060864374100719425 0.11530530927835052 0.07882239208633093 0.12098615463917525 0.12485430575539568 0.14038796907216494 0.143369154676259 0.1578731649484536 0.1332996690647482 0.1606100592783505 0.09673399640287769
0 0.30641202835051545 0.06578307913669065 0.29867851288659797 0.04717542086330936 0.28516261082474226 0.05840498201438849 0.2914931701030928 0.07543493525179855 0.30641202835051545 0.06578307913669065
0 0.2830774201030928 0.20141946043165468 0.2856092448453608 0.18114128776978417 0.26856869845360826 0.17849630935251798 0.26884278608247425 0.20192989568345324 0.2830774201030928 0.20141946043165468
0 0.3062089510309278 0.21752134172661872 0.3010417680412371 0.19849605755395686 0.2872862912371134 0.20615257913669066 0.28407024226804123 0.2355721690647482 0.3062089510309278 0.21752134172661872
0 0.17789814175257732 0.644755071942446 0.19815473969072164 0.6179804568345323 0.20297881185567013 0.5738510683453237 0.18097615463917527 0.5358933057553957 0.14176238659793813 0.5314386115107914 0.11917903350515463 0.5622038956834533 0.10648539175257733 0.6437342158273381 0.1284535412371134 0.6618314352517985 0.17789814175257732 0.644755071942446
0 0.11380280412371134 0.28856458273381297 0.10808943814432989 0.3581228884892086 0.12588322938144328 0.391347535971223 0.08718312886597937 0.4138994676258993 0.07229877835051547 0.4434118669064748 0.0875952525773196 0.516775226618705 0.1249614175257732 0.5323666762589928 0.17036770360824743 0.47440914748201435 0.15466109278350515 0.4336207913669065 0.1914100644329897 0.3626239820143885 0.18904879639175257 0.34675410791366906 0.17457458505154638 0.34369150000000004 0.18268372680412373 0.30986361151079134 0.16300782474226805 0.26791517985611507 0.12940588402061856 0.26977130935251803 0.11380280412371134 0.28856458273381297
0 0 0.10296688848920862 0.012002172680412372 0.12452949999999999 0.03438046134020619 0.11005171582733814 0.025449054123711342 0.07357884892086332 0.004918371134020619 0.07691988129496403 0 0.09046853956834533 0 0.10296688848920862
0 0 0.3672299964028777 0.0026301030927835052 0.3716726223021583 0.021997407216494843 0.37032693165467623 0.034555 0.3448052014388489 0.02613726030927835 0.335338964028777 0.030311621134020618 0.320211535971223 0.01511867268041237 0.3064298057553957 0 0.31725777338129496 0 0.3672299964028777
0 0.049780463917525775 0.2429967122302158 0.03181611597938144 0.24592011151079138 0.01901894587628866 0.2678687985611511 0.040816538659793816 0.3221140647482014 0.053648216494845365 0.3200259208633094 0.06593171907216494 0.27107060791366905 0.049780463917525775 0.2429967122302158
0 0 0.23871890647482014 0.009882471649484536 0.24768343165467624 0.029010201030927833 0.2427646978417266 0.06202945618556701 0.17418085251798562 0.015561329896907217 0.15826458273381294 0 0.16596253237410072 0 0.23871890647482014
0 0 0.6032896690647482 0.00014247422680412373 0.6054145179856115 0.01002448969072165 0.5980271366906474 0.0022909742268041235 0.5794194820143885 0 0.5932287446043165 0 0.6032896690647482
0 0 0.5167937877697842 0.004274626288659794 0.5122741366906475 0 0.5042925359712229 0 0.5167937877697842
0 0.01209740206185567 0.7837093021582734 0.018718309278350515 0.7663777302158273 0.008863103092783505 0.7354732374100719 0.01209740206185567 0.7837093021582734
0 0.005509015463917526 0.685450654676259 0.011975623711340207 0.6464720143884892 0.00327295618556701 0.6521022661870504 0.005509015463917526 0.685450654676259
0 0.007785002577319587 0.7193945539568345 0.020017737113402063 0.7083738057553957 0.005509015463917526 0.685450654676259 0.007785002577319587 0.7193945539568345
0 0.03425038144329897 0.5724126007194245 0.02860404381443299 0.5462412338129496 0.0073891365979381445 0.5587236798561152 0.014198850515463917 0.5828997158273381 0.03425038144329897 0.5724126007194245
0 0.15367424484536082 0.8058203741007195 0.1459407268041237 0.7872127158273381 0.13499115979381443 0.7980246510791367 0.13851580670103092 0.8118991870503597 0.15367424484536082 0.8058203741007195
0 0.11521571134020618 0.9673961151079137 0.11004852835051547 0.9483708273381295 0.09629305154639176 0.956027345323741 0.10005727319587628 0.9734749244604317 0.11521571134020618 0.9673961151079137
0 0.0788403762886598 0.850506607913669 0.10313528350515463 0.8646131618705036 0.11011555927835051 0.8526411510791367 0.10121866237113401 0.8360288237410072 0.08393853608247422 0.829810809352518 0.0788403762886598 0.850506607913669
0 0.17424142525773195 0.957790654676259 0.16322284278350516 0.9288815 0.14481384793814434 0.9445193597122303 0.15699580927835052 0.9714331798561151 0.17424142525773195 0.957790654676259
0 0.14867961082474226 0.8860978057553958 0.15829523969072165 0.9134292553956834 0.1755408556701031 0.8997867302158273 0.17434296649484538 0.8819215179856115 0.15938959793814433 0.8717128309352518 0.14867961082474226 0.8860978057553958
0 0.08937980670103092 0.8722696798561151 0.0581046237113402 0.8701351438848921 0.049960971649484535 0.8841024892086331 0.06173279896907216 0.9435913129496402 0.09902994329896907 0.9194616690647482 0.10248556958762886 0.8936151223021582 0.08937980670103092 0.8722696798561151
0 0.4583169201030928 0.8609936582733813 0.4359041237113402 0.8556108956834532 0.4323794768041237 0.8417363597122303 0.37752811855670104 0.8362143956834532 0.3623696829896907 0.8422932086330935 0.35867447938144326 0.8645667158273381 0.34721124999999997 0.8483720215827338 0.29797171907216496 0.849160881294964 0.267894425257732 0.8648915503597122 0.2637200644329897 0.8800189748201439 0.245721206185567 0.8630818345323741 0.24568669587628866 0.8432212913669065 0.23590051030927836 0.8520378884892087 0.21964771391752577 0.8998331258992806 0.2419244613402062 0.9612244748201438 0.2552007860824742 0.946421870503597 0.2620105 0.9705979064748201 0.31029171907216496 0.9555168776978417 0.32829057989690724 0.9724540215827339 0.3880005206185567 0.9537071402877698 0.46570931958762884 0.9518974064748201 0.4649905850515464 0.9411782805755395 0.42485301804123715 0.9422919604316546 0.4301907577319588 0.9251692050359713 0.43884807731958764 0.9382084856115107 0.4481205979381443 0.9023852589928057 0.463039456185567 0.8927334028776979 0.4583169201030928 0.8609936582733813
0 0.5345517551546392 0.6824343633093526 0.5240123273195876 0.6606712913669065 0.5210358530927836 0.6936639244604317 0.5137814948453608 0.6822023489208633 0.5162788092783506 0.6420636366906475 0.5083402242268041 0.6397434784172662 0.5047810695876288 0.6060083956834532 0.5020441752577319 0.6425740719424461 0.4889038994845361 0.6013680827338129 0.46998123969072164 0.5899993201438849 0.4698106804123711 0.6261473633093525 0.45458322680412366 0.5925050935251799 0.45369393556701026 0.6179340143884892 0.4384664793814433 0.5842917374100719 0.4139665025773196 0.5864726870503597 0.41766170876288655 0.5641991834532374 0.40527467783505156 0.5535728669064749 0.40157947164948454 0.5758463741007195 0.3905953969072165 0.5667977625899281 0.38642103608247425 0.5819251870503598 0.36821710824742265 0.58127554676259 0.36428232731958765 0.5999760107913669 0.35285360567010304 0.6036418597122302 0.36202458762886597 0.6436877697841726 0.34614742010309274 0.6390474604316546 0.34686615463917525 0.6497665863309352 0.33403447422680416 0.651854726618705 0.3244188479381443 0.6245232805755395 0.32493251030927833 0.6515299064748201 0.3403650335051546 0.6688846762589928 0.3473453092783505 0.656912665467626 0.3620590979381443 0.6635483165467626 0.34368461340206186 0.6990467158273381 0.35511333247422683 0.6953808669064748 0.3523419304123711 0.712086 0.3654131881443299 0.7135708956834532 0.3621971365979381 0.7429904892086331 0.37550796907216494 0.7480484280575539 0.38327599742268037 0.7865166330935252 0.4026433015463918 0.7851709352517986 0.40011147680412373 0.8054491079136691 0.4148252654639175 0.8120847517985611 0.4218055386597938 0.8001127410071942 0.4290598994845361 0.8115743201438849 0.41414104123711337 0.8212261726618705 0.45479227319587634 0.847119118705036 0.48394576546391754 0.8369568237410072 0.48531421391752577 0.818673989208633 0.49653786597938143 0.8312956402877698 0.5072478530927835 0.8169106654676259 0.5137489742268041 0.7977925719424461 0.5025253195876289 0.7851709208633093 0.5036541881443298 0.7633150395683453 0.5309255695876288 0.7444289568345324 0.5345517551546392 0.6824343633093526
0 0.5384540180412372 0.7793241151079137 0.5370165515463918 0.7578858669064749 0.5246295206185567 0.7472595503597123 0.5038937680412371 0.7668880827338129 0.5163153092783506 0.7973749424460431 0.5074874329896907 0.8204837086330935 0.5165893969072165 0.8208085287769784 0.5384540180412372 0.7793241151079137
0 0.5784880567010309 0.7186288057553957 0.6055543685567011 0.7160302230215827 0.6353575747422681 0.6768659676258992 0.6226964536082474 0.6428060647482015 0.6317639097938144 0.623270345323741 0.6076740670103092 0.5928762913669066 0.5640463634020618 0.5999759784172661 0.5372886469072164 0.645868690647482 0.5457754097938144 0.6950560143884892 0.5784880567010309 0.7186288057553957
0 0.6650267216494845 0.8291610683453238 0.6894576804123712 0.7872590287769784 0.6873014793814434 0.755101654676259 0.6540751675257732 0.7045222374100719 0.6307385670103093 0.7047078561151079 0.6009353634020619 0.7438721079136691 0.5984380463917526 0.7840108237410072 0.6151029664948454 0.8390913489208632 0.6650267216494845 0.8291610683453238
0 0.717070175257732 0.696076856115108 0.7090970824742268 0.6738961582733812 0.6953416030927836 0.6815526762589929 0.6993454046391753 0.7025732985611511 0.717070175257732 0.696076856115108
0 0.7844120953608248 0.7718067661870504 0.7820508273195876 0.7559368956834532 0.770622105670103 0.7596027446043165 0.7743863298969073 0.7770503237410072 0.7844120953608248 0.7718067661870504
0 0.8157562963917525 0.8136623956834532 0.8260216365979381 0.811991881294964 0.823660368556701 0.7961220071942446 0.8157562963917525 0.8136623956834532
0 0.2708304175257732 0.40568608273381296 0.2582728273195876 0.4312078129496403 0.2622766288659794 0.45222843165467624 0.2786329536082474 0.46401482733812954 0.3033379974226804 0.4455463741007194 0.2836620953608247 0.40359793525179855 0.2708304175257732 0.40568608273381296
0 0.2775040824742268 0.48587070503597124 0.25950522680412375 0.4689335647482014 0.2415408762886598 0.4718569640287769 0.22617737371134022 0.4942232769784173 0.2278544175257732 0.519234571942446 0.2449294742268041 0.5417400899280576 0.27733352577319587 0.5220187517985612 0.2775040824742268 0.48587070503597124
0 0.29594759020618555 0.4900933884892086 0.3132622242268041 0.5161719496402878 0.3349562886597938 0.5108355863309353 0.3507644355670103 0.475754809352518 0.3766328608247423 0.4552910179856115 0.3777617293814433 0.43343514388489207 0.36465596391752575 0.4120896978417266 0.3415589432989691 0.4158483597122302 0.33064388659793814 0.44652083453237407 0.30172997422680414 0.4602561690647482 0.29594759020618555 0.4900933884892086
0 0.2616981159793815 0.6112518525179855 0.2552638350515464 0.5797906654676259 0.23983131185567008 0.5624358920863309 0.22186696391752578 0.5653592949640288 0.21163613144329896 0.5868903489208633 0.22710316494845362 0.6241056654676259 0.24647046907216497 0.6227599712230216 0.2616981159793815 0.6112518525179855
0 0.3092949201030928 0.6504626366906474 0.3221265979381443 0.6483744928057554 0.30292985309278353 0.6135721402877699 0.28031198711340205 0.624476881294964 0.271279043814433 0.6638731510791367 0.29909859793814436 0.6918542410071942 0.31891054896907217 0.677794082733813 0.3092949201030928 0.6504626366906474
0 0.2662153891752577 0.7044294928057554 0.2638541237113402 0.6885596223021583 0.25266497938144333 0.6957985143884892 0.25595004896907214 0.706100010791367 0.2662153891752577 0.7044294928057554
0 0.049786432989690724 0.6493490035971223 0.0938932912371134 0.6493953992805755 0.11298651030927835 0.6246161223021582 0.10217299484536083 0.579419464028777 0.08208695360824741 0.570046035971223 0.05690275515463917 0.5813684028776979 0.03969164948453608 0.6148714748201439 0.04485882989690721 0.6338967589928057 0.048793613402061856 0.6151962949640288 0.05556881701030928 0.6195117877697842 0.049786432989690724 0.6493490035971223
0 0.10083507731958763 0.34666131654676263 0.10617281443298968 0.32953855755395683 0.10931984536082474 0.26039787769784173 0.0997387268041237 0.25292697482014387 0.08902873969072166 0.26731194604316544 0.09162958505154639 0.28675486690647484 0.07715537371134021 0.28369225899280576 0.08170735051546392 0.35158005035971224 0.10083507731958763 0.34666131654676263
0 0.30463742525773196 0.3875424496402878 0.2969039097938144 0.3689347913669065 0.28130082989690725 0.3877280647482015 0.2899581443298969 0.400767345323741 0.30463742525773196 0.3875424496402878
0 0.1862448711340206 0.47904946043165464 0.19883697164948455 0.473388273381295 0.1892558556701031 0.4659173705035971 0.1862448711340206 0.47904946043165464
0 0.17693784278350516 0.49501214028776974 0.17782713144329898 0.4695832230215828 0.1635925 0.470093654676259 0.17693784278350516 0.49501214028776974
0 0.39220143041237115 0.4166372014388489 0.38703424999999997 0.39761191726618705 0.3758451082474227 0.40485080575539567 0.3796093298969072 0.4222983848920863 0.39220143041237115 0.4166372014388489
0 0.3835115953608248 0.5191881438848921 0.378344412371134 0.5001628561151079 0.36691569072164953 0.5038287050359712 0.36811357989690724 0.5216939136690648 0.3835115953608248 0.5191881438848921
0 0.32103025 0.5546401510791367 0.3163422242268041 0.5427609496402878 0.3051530798969072 0.5499998417266188 0.3110044845360825 0.5598837086330936 0.32103025 0.5546401510791367
0 0.2785314149484536 0.5398839604316547 0.2859908427835052 0.5350580323741007 0.2789760592783505 0.5271695000000001 0.2785314149484536 0.5398839604316547
0 0.46926051546391756 0.44382943165467625 0.464332912371134 0.4283771870503597 0.4554705283505155 0.43162540287769785 0.4592347525773196 0.4490729856115108 0.46926051546391756 0.44382943165467625
0 0.4642293840206186 0.36879555395683455 0.47890866494845363 0.355570654676259 0.46443445103092784 0.3525080503597122 0.4642293840206186 0.36879555395683455
0 0.6814766237113402 0.22327527338129496 0.6917074587628866 0.20174421223021582 0.6510907345360825 0.1957118129496403 0.656976649484536 0.22545622302158275 0.6814766237113402 0.22327527338129496