0 0.035824597826086955 0.4875817840909091 0.03070858423913043 0.47030387878787877 0.007228815217391304 0.4733408106060606 0.007850103260869564 0.5095772424242424 0.027071570652173915 0.5062159924242424 0.035824597826086955 0.4875817840909091
0 0.21734953804347826 0.500200928030303 0.21709799728260867 0.477262 0.19897065760869567 0.4782939734848485 0.19812807065217392 0.5035621818181818 0.21734953804347826 0.500200928030303
0 0.17427854891304348 0.49330160984848487 0.17426342934782607 0.45107982575757577 0.14713152173913044 0.4478070757575758 0.14605251630434782 0.4923581401515152 0.17427854891304348 0.49330160984848487
0 0.11442588586956522 0.5080439242424242 0.11782648097826087 0.49141467045454545 0.10505157065217391 0.49044169696969697 0.10274510597826086 0.504741678030303 0.11442588586956522 0.5080439242424242
0 0.12297273913043479 0.593136143939394 0.12637333152173913 0.5765068901515152 0.11578667934782609 0.5708753636363636 0.1108039972826087 0.5861778181818182 0.12297273913043479 0.593136143939394
0 0.0821202472826087 0.6660218446969697 0.09354948641304349 0.6463851590909091 0.07177001358695652 0.6411074621212122 0.0677632527173913 0.6637220681818181 0.0821202472826087 0.6660218446969697
0 0.18945065489130436 0.7333053143939394 0.1930876684782609 0.6973932045454545 0.1569511956521739 0.6898157348484849 0.1558721902173913 0.7343667954545455 0.18945065489130436 0.7333053143939394
0 0.23516761413043477 0.6547585871212122 0.23540403532608697 0.6354757310606061 0.222629125 0.6345027613636364 0.2186223641304348 0.6571173674242424 0.23516761413043477 0.6547585871212122
0 0.26850966304347823 0.6729799621212121 0.27142229619565217 0.6526946287878789 0.25450729347826084 0.6417559090909091 0.24782431521739132 0.6653729886363636 0.26850966304347823 0.6729799621212121
0 0.17235695652173913 0.5631208787878789 0.16784711141304348 0.5398576212121212 0.14413092119565218 0.5621774053030304 0.14985310326086956 0.5734699583333334 0.17235695652173913 0.5631208787878789
0 0.24145060054347825 0.5334004318181818 0.2272118125 0.521459231060606 0.18597445380434782 0.5388256439393939 0.19218459239130434 0.5537742727272726 0.24145060054347825 0.5334004318181818
0 0.1312556875 0.9604833560606061 0.122620875 0.9694761325757576 0.13746582880434782 0.9754319810606061 0.1312556875 0.9604833560606061
0 0.3232916766304348 0.7676250984848485 0.3386094673913043 0.7350152386363636 0.3046612554347826 0.7227792196969697 0.2989541956521739 0.7537084507575758 0.3232916766304348 0.7676250984848485
0 0.3563368179347826 0.6362421856060606 0.3250648179347826 0.6230036893939394 0.31449328532608695 0.6595939507575758 0.3265438179347826 0.6761937045454546 0.3468594130434783 0.6705031742424242 0.3563368179347826 0.6362421856060606
0 0.504416625 0.6825031704545454 0.5167035760869565 0.6798200681818182 0.5045348342391305 0.6728617462121212 0.49856111141304343 0.6386302613636363 0.4834797391304348 0.6519572689393939 0.4474614782608695 0.6347383674242425 0.40940341304347827 0.6969801666666667 0.4084426141304348 0.7318897992424243 0.4230511521739131 0.7571285037878788 0.4484827608695652 0.7687158787878787 0.4790152608695652 0.7553593712121212 0.5142788994565217 0.7037614734848484 0.502110160326087 0.6968031477272727 0.504416625 0.6825031704545454
0 0.35873125 0.5278572121212122 0.3538516548913044 0.4912964507575757 0.32574383152173914 0.4807115568181818 0.28706447554347825 0.5067169166666667 0.28452159239130437 0.5402997500000001 0.35352727173913046 0.6046643068181817 0.4344501494565218 0.65304825 0.4543959945652174 0.6340602196969697 0.4034145679347826 0.6205268977272727 0.3278441195652174 0.570138 0.33233884239130435 0.5511794696969697 0.35873125 0.5278572121212122
0 0.27893274184782607 0.5615875568181818 0.2854975108695652 0.5476119015151516 0.2695584266304348 0.5439853295454545 0.26773991847826084 0.5619413863636364 0.27893274184782607 0.5615875568181818
0 0.2815938342391304 0.5183632992424243 0.2839003016304348 0.5040633181818183 0.24266293749999998 0.5214297272727272 0.24838511956521742 0.5327222803030303 0.2815938342391304 0.5183632992424243
0 0.47759398097826083 0.5236407878787879 0.4667557880434783 0.49507033333333333 0.43450787228260873 0.4745196818181818 0.39985040217391304 0.5201322234848486 0.4037540760869565 0.5493808333333333 0.4311375217391304 0.5755925075757576 0.46422802717391304 0.5708749507575757 0.4880624266304348 0.5389137386363636 0.62542225 0.5469628409090909 0.5676245163043478 0.5244662462121212 0.510669366847826 0.4767014431818182 0.48925964130434785 0.4847212537878788 0.47759398097826083 0.5236407878787879
0 0.25451965217391304 0.33656198106060603 0.2928595027173913 0.3817026856060606 0.3338604429347826 0.3836191287878788 0.36025284782608696 0.36029686742424244 0.37180029891304345 0.3310187613636364 0.37032129891304344 0.2778287462121212 0.3341697065217391 0.22802949242424245 0.2818577336956522 0.23610830303030303 0.253040652173913 0.28337196969696965 0.25451965217391304 0.33656198106060603
0 0.26883128532608697 0.2121964015151515 0.2756324701086957 0.17893789015151515 0.24801260597826086 0.17200906818181816 0.24279350543478262 0.20659437878787879 0.26883128532608697 0.2121964015151515
0 0.4964883016304348 0.286231678030303 0.4760544972826087 0.3015636325757576 0.4500167173913044 0.29596161363636364 0.42241197554347826 0.3312545757575757 0.4255912717391305 0.37612996212121214 0.44567045108695647 0.3897222840909091 0.46549808695652173 0.38037567803030303 0.4828859293478261 0.3527486931818182 0.5004070978260869 0.35770206818181816 0.5119545489130435 0.3284239583333333 0.5117030081521738 0.3054850265151515 0.4964883016304348 0.286231678030303
0 0.428519027173913 0.3980664128787879 0.42084501086956516 0.3721495606060606 0.3917763885869565 0.3964742992424242 0.3979865298913044 0.4114229242424242 0.428519027173913 0.3980664128787879
0 0.3066075625 0.04257209848484848 0.3079532336956522 0.06318175378787878 0.31865809510869564 0.05917185227272727 0.3066075625 0.04257209848484848
0 0.5498792826086957 0.2336018068181818 0.5501157038043478 0.21431894696969697 0.5400170081521739 0.2123435 0.5381985 0.23029955681818182 0.5498792826086957 0.2336018068181818
0 0.517025195652174 0.21903650757575757 0.5184739510869566 0.18778294696969697 0.5067931711956521 0.18448070075757575 0.5002132798913044 0.15623457196969698 0.48427419565217394 0.1526079962121212 0.4807553940217391 0.17887867803030302 0.501440741847826 0.1864856515151515 0.5053444130434783 0.21573425757575757 0.517025195652174 0.21903650757575757
0 0.6136507391304348 0.29032988257575754 0.6451742798913044 0.3265073106060606 0.6602556548913043 0.31318030303030303 0.6856872635869565 0.32476767803030304 0.6774221983695652 0.3470579583333333 0.6808379130434783 0.3726504924242424 0.6920307336956522 0.3722966590909091 0.6980924239130435 0.31244314393939393 0.6679145516304348 0.2968753712121212 0.6512359673913043 0.2666537916666667 0.6154692472826087 0.27237382575757574 0.6136507391304348 0.29032988257575754
0 0.5549801739130436 0.20865792045454545 0.5593869293478261 0.28378438636363634 0.5773960597826087 0.29239383712121214 0.611329152173913 0.2624080757575758 0.6228766032608696 0.2331299659090909 0.6196973043478261 0.18825457954545455 0.6325904239130434 0.17958612499999999 0.5998545489130435 0.1553794015151515 0.5687158777173913 0.17472126136363636 0.5549801739130436 0.20865792045454545
0 0.9465681195652174 0.4266657537878788 0.9477804565217391 0.414695053030303 0.9014119619565217 0.3725617727272727 0.8736738858695653 0.37527438257575757 0.859080472826087 0.39225746212121215 0.8439839755434783 0.3633626818181818 0.826596133152174 0.3909896666666667 0.8890219239130436 0.4271080871212121 0.9465681195652174 0.4266657537878788
0 0.7747721195652173 0.402724553030303 0.7757329184782609 0.36781492045454545 0.7454368369565217 0.36188857575757577 0.7494436005434784 0.33927396969696966 0.7335045163043479 0.3356473977272727 0.7368020217391305 0.37088135606060607 0.7521349375 0.3804932803030303 0.7555506494565217 0.40608580681818185 0.7747721195652173 0.402724553030303
0 0.7787362798913043 0.600860303030303 0.7702045543478261 0.5579898674242424 0.749401 0.560024321969697 0.7468581141304348 0.5936071553030303 0.7787362798913043 0.600860303030303
0 0.7200959592391305 0.6036319128787878 0.7166802418478262 0.5780393825757576 0.6992772798913044 0.5634445795454546 0.6967495163043478 0.6392492007575757 0.7057540842391304 0.6435539242424242 0.7200959592391305 0.6036319128787878
0 0.8307637065217391 0.13798327651515152 0.8029074239130434 0.15033731439393938 0.8338096739130434 0.15027830681818183 0.8307637065217391 0.13798327651515152
0 0.8692066440217391 0.13126077272727274 0.8386741440217392 0.1446172803030303 0.8700643532608695 0.14821435227272728 0.8692066440217391 0.13126077272727274
0 0.8763927038043479 0.15352155303030304 0.894283625 0.17177242424242425 0.9581464755434782 0.15549541287878788 0.956667964673913 0.14441754924242423 0.9166541440217392 0.12884298484848483 0.8763927038043479 0.15352155303030304
0 0.6988896467391305 0.16050958333333334 0.6729851983695653 0.18748792045454546 0.6781012119565217 0.20476582196969698 0.7003686440217392 0.21369959848484849 0.7417242146739131 0.1866917575757576 0.7912417635869565 0.18925684848484847 0.7061939130434783 0.1731289356060606 0.6988896467391305 0.16050958333333334
0 0.19507934239130434 0.1438514431818182 0.20761783152173913 0.16410727272727274 0.23596207608695655 0.1554093143939394 0.2420388831521739 0.13777758712121213 0.23047631249999997 0.1248339090909091 0.21344310054347826 0.12353661363636365 0.19507934239130434 0.1438514431818182