0 0.6995596134868421 1 0.7005876694078947 0.9779225473251029 0.6846168552631579 0.9311223374485597 0.6852220115131579 0.7763910864197531 0.6969085493421052 0.755743438271605 0.720010697368421 0.7557002242798354 0.7434161875 0.784576586419753 0.7525022845394737 0.7843393868312757 0.7205768667763157 0.7258248004115226 0.7148650115131578 0.7067511255144032 0.7174654490131579 0.6863406769547326 0.7352466924342105 0.6765450308641975 0.7695811266447369 0.7187600041152263 0.807489332236842 0.7550961810699588 0.8149321134868421 0.7547152510288065 0.7313614736842106 0.6359613333333333 0.7378066134868421 0.5684200020576131 0.7194105789473685 0.5028335761316872 0.7404703503289474 0.4757824711934156 0.7332189950657895 0.47205256584362143 0.7076121200657894 0.49045081275720165 0.6787900148026316 0.4538774341563786 0.6831132746710527 0.3964694650205761 0.7401021759868421 0.3065195679012346 0.7460849605263158 0.284341158436214 0.7597181595394736 0.29275681687242794 0.7675437911184211 0.28415421604938274 0.7684052006578947 0.2656554547325103 0.7573724424342105 0.2368293477366255 0.7395911990131578 0.2466249938271605 0.7197123881578947 0.31918274691358023 0.6738276480263158 0.38327458641975304 0.6556635559210526 0.40129190123456787 0.6420303569078948 0.3928762448559671 0.6526397483552632 0.34220944444444445 0.6421017565789474 0.3381920802469136 0.62221484375 0.3932069176954732 0.5705306381578947 0.4578234135802469 0.5210397121710526 0.45762238477366257 0.5000594440789473 0.4475322386831275 0.49077381743421056 0.43433735802469137 0.4565513042763158 0.4251528024691358 0.4496909013157894 0.4307441378600823 0.39797427960526316 0.42518897119341564 0.4030080460526316 0.44110765843621397 0.46478409539473686 0.46095727572016465 0.4736868717105263 0.4823738271604939 0.4920504934210526 0.4777885925925926 0.5054922680921052 0.49031508230452675 0.5040565838815789 0.5211463518518519 0.5109331940789473 0.5506408456790123 0.5398591167763158 0.6027017181069958 0.5375458141447368 0.6169459135802469 0.5471185789473685 0.6239745411522634 0.5550642319078948 0.6659452695473251 0.5586233289473684 0.837551049382716 0.5695765822368422 0.9035184053497942 0.5770988684210526 0.8659962263374485 0.5745779342105264 0.8492654259259259 0.5639442319078947 0.8473034814814815 0.5621013865131579 0.833727670781893 0.5594994128289473 0.6415677139917696 0.585322021381579 0.6716873786008231 0.6355072467105263 0.710129230452675 0.6062308898026316 0.7364616913580248 0.5884820625 0.816429 0.6138732006578947 0.749512841563786 0.6251768881578947 0.7370868641975309 0.6370629555921052 0.7298712942386831 0.6447052648026316 0.7429224444444444 0.6446014473684211 0.7274349465020576 0.6522356546052631 0.722943183127572 0.668676925986842 0.7419233847736626 0.6802611809210526 0.9183586440329218 0.6728427105263158 0.9713683209876544 0.68413875 1 0.6995596134868421 1
0 0.2928587368421052 0.5387907386831277 0.30802333223684214 0.5143197119341564 0.30598095888157895 0.4873118209876543 0.28470544901315786 0.4658450144032922 0.25512575 0.4632578950617284 0.23841354934210524 0.4855297757201646 0.2465506282894737 0.523389670781893 0.2638614128289474 0.5414140288065844 0.2928587368421052 0.5387907386831277
0 0.1661628075657895 0.3894357119341564 0.14838156414473685 0.3992313559670782 0.14925918092105264 0.41581842798353913 0.15883194407894738 0.4228470555555556 0.17583938486842107 0.4119518374485597 0.17486605592105264 0.39742018106995886 0.1661628075657895 0.3894357119341564
0 0.08294413486842105 0.40485886831275725 0.09743874506578946 0.39477576543209875 0.10351724342105263 0.3705419382716049 0.09519684375 0.3543357962962963 0.07731178453947368 0.3486439423868313 0.05769579934210526 0.362406695473251 0.05635582730263158 0.39118254526748975 0.06738048355263158 0.4024657345679012 0.08294413486842105 0.40485886831275725
0 0.2455757648026316 0.29628760905349794 0.24643717434210524 0.27778884773662554 0.23782963815789476 0.2677489588477366 0.22303978618421053 0.2664554012345679 0.2099970707236842 0.28079306790123454 0.22189934375 0.30866333127572015 0.23591539309210524 0.308857316872428 0.2455757648026316 0.29628760905349794
0 0.24779335526315788 0.28409883127572017 0.2425681628289474 0.27229098148148145 0.22468310361842106 0.2665991296296296 0.21135324835526317 0.2871030514403292 0.23706393914473683 0.2841923024691358 0.2449933865131579 0.29107719958847733 0.24779335526315788 0.28409883127572017
0 0.21984886513157897 0.26411252469135804 0.23115255427631579 0.25168654732510287 0.23520488651315788 0.2355306625514403 0.22843209210526313 0.22152366666666665 0.21054703289473684 0.21583181275720165 0.19267007565789473 0.2276828765432099 0.1902610625 0.24398248971193415 0.20583281743421053 0.2639185411522634 0.21984886513157897 0.26411252469135804
0 0.37925058717105264 0.27805422222222226 0.35914793749999996 0.28455114609053495 0.35644368092105266 0.28947409670781893 0.37046783388157895 0.3072109979423868 0.39289188980263157 0.3040127942386831 0.3976223125 0.2910119012345679 0.37925058717105264 0.27805422222222226
0 0.35979514638157895 0.4301048806584362 0.37535879934210525 0.4324980144032922 0.39101006085526313 0.4152928127572016 0.41759026480263156 0.41142622016460906 0.4292768009868421 0.39077856995884774 0.42685158059210526 0.37199235185185187 0.3956204572368421 0.35171859053497945 0.3622755625 0.35912110288065846 0.3475100230263158 0.41045629012345675 0.35979514638157895 0.4301048806584362
0 0.3420220065789474 0.45744344238683127 0.34010775986842107 0.4985517962962963 0.34533295230263156 0.510359646090535 0.3836159013157895 0.5209312366255144 0.39927526644736844 0.5212689526748971 0.4193698125 0.49722910905349793 0.4190664671052632 0.4683095329218107 0.4071722976973684 0.4579821851851852 0.3858091792763158 0.4561137119341564 0.3750716628289473 0.43866426748971193 0.3619251282894737 0.4375144362139918 0.35120381743421053 0.4551508230452675 0.3420220065789474 0.45744344238683127
0 0.31900746874999997 0.4378883230452675 0.3045128585526316 0.4479714259259259 0.30393858552631575 0.4603039320987654 0.3134156365131579 0.46938797530864196 0.3285883355263158 0.4624598641975309 0.32925832236842106 0.4480719382716049 0.31900746874999997 0.4378883230452675
0 0.31913406250000004 0.29343416049382715 0.32250830427631577 0.2741232839506173 0.30220612664473684 0.2671881296296296 0.3002837763157895 0.2907535699588477 0.31913406250000004 0.29343416049382715
0 0.7937087302631579 0.2183376316872428 0.7938920509868421 0.1966838806584362 0.7792060180921052 0.21087781893004115 0.7852050098684211 0.22378524074074074 0.7937087302631579 0.2183376316872428
0 0.8141780230263158 0.16853320370370373 0.8114818700657894 0.1909990720164609 0.8179594243421052 0.1936294032921811 0.8171937253289474 0.21007274485596708 0.8220279638157895 0.21255934979423868 0.8407744342105263 0.1997524423868313 0.8546785625000001 0.16691601440329218 0.8722683799342105 0.16123120370370372 0.8777726052631579 0.14932988477366255 0.8745735789473684 0.1294440925925926 0.8630703634868422 0.12843799176954732 0.8486795690789473 0.15400859259259259 0.8322464029605263 0.15257130452674897 0.8141780230263158 0.16853320370370373
0 0.47561075657894736 0.6713787942386832 0.49446914638157896 0.6916023004115226 0.5102242220394736 0.6898845967078189 0.5351530082236842 0.6683313600823045 0.5285635328947368 0.6326706131687243 0.5401543585526316 0.6140783827160494 0.5245988075657895 0.6292281625514403 0.4898020213815789 0.6323761131687242 0.47868975657894736 0.6406912551440329 0.48411447697368426 0.6659311851851852 0.47561075657894736 0.6713787942386832