0 0.25949852586206895 0.5291835057471264 0.2680837543103448 0.5291835057471264 0.2815288103448276 0.509040959770115 0.2801752931034483 0.4917759195402299 0.26831582327586206 0.4773883850574713 0.23826751724137932 0.4773883850574713 0.2287799396551724 0.46587836206896555 0.22685922413793105 0.4687558620689655 0.23001742241379308 0.509040959770115 0.2261759827586207 0.5147959770114943 0.2275295 0.5320610114942529 0.23509635344827587 0.5464485459770115 0.24130968534482758 0.5435710344827587 0.25949852586206895 0.5291835057471264
0 0.05391712931034483 0.42559326436781614 0.036746668103448274 0.42559326436781614 0.03098450431034483 0.4342257816091954 0.03041730172413793 0.4543683333333334 0.01808383620689655 0.46008018390804595 0.02033909051724138 0.5174572758620689 0.025093349137931036 0.5781011206896551 0.0355992974137931 0.5752236149425287 0.15387180172413795 0.5781011206896551 0.1913838922413793 0.509040959770115 0.19771325862068964 0.4802658908045977 0.19116478448275864 0.45149082183908046 0.19365271120689653 0.42847077011494256 0.1284771724137931 0.391063183908046 0.09842886637931035 0.39106317816091957 0.05391712931034483 0.42559326436781614
0 0.2069946896551724 0.32488052873563217 0.20789703448275862 0.33639055172413795 0.2164822672413793 0.33639055172413795 0.23229921120689656 0.3191255172413793 0.2356894827586207 0.3076154885057471 0.23286641379310344 0.29898296551724135 0.21998856896551724 0.29898296551724135 0.21851901724137932 0.3076154827586207 0.2069946896551724 0.32488052873563217
0 0.20085850431034483 0.6298962413793103 0.2089925603448276 0.6241412298850575 0.20763904310344827 0.6068761896551724 0.19193813362068965 0.5982436666666666 0.18380407327586207 0.603998683908046 0.17849308189655172 0.6183862183908047 0.19035255172413793 0.6327737528735632 0.20085850431034483 0.6298962413793103
0 0.18774859051724138 0.681691367816092 0.1910228275862069 0.6960788965517242 0.21011400862068966 0.6932013908045976 0.21779689655172413 0.6816913620689655 0.21734572413793105 0.6759363448275862 0.20548625431034484 0.661548816091954 0.19260841379310345 0.661548816091954 0.1830048017241379 0.6759363505747127 0.18774859051724138 0.681691367816092
0 0.19269852155172415 0.8543417701149426 0.1998142025862069 0.8629742873563218 0.21890538362068965 0.8600967816091953 0.2227468232758621 0.8543417701149426 0.2213933103448276 0.8370767241379311 0.21427762931034483 0.8284442068965517 0.2013997844827586 0.8284442068965517 0.19179617672413793 0.8428317413793104 0.19269852155172415 0.8543417701149426
0 0.060529793103448276 0.8658517931034482 0.059176275862068965 0.8485867586206897 0.046105073275862066 0.8461203218390806 0.04810311637931034 0.8716068103448276 0.056688349137931034 0.8716068103448276 0.060529793103448276 0.8658517931034482
0 0.06326275 0.6816913620689655 0.06710418965517241 0.6759363505747127 0.06575067241379311 0.6586713103448275 0.058634995689655175 0.6500387873563218 0.04858021551724138 0.6586713103448275 0.04993373275862069 0.6759363505747127 0.05704940948275862 0.6845688678160919 0.06326275 0.6816913620689655
0 0.10371393534482759 0.5953661609195402 0.08846419827586206 0.5924886551724138 0.08744581896551724 0.6068761896551724 0.0945615 0.6155087068965518 0.10077483189655172 0.6126312011494253 0.10461628017241378 0.6068761896551724 0.10371393534482759 0.5953661609195402
0 0.1567979353448276 0.6701813333333334 0.16301127586206896 0.6673038333333333 0.16448082758620688 0.6586713103448275 0.15736514224137932 0.6500387873563218 0.14877991379310343 0.6500387873563218 0.1477615344827586 0.6644263275862069 0.1548772198275862 0.6730588448275863 0.1567979353448276 0.6701813333333334
0 0.3111129827586207 0.6126312068965517 0.31924703879310345 0.6068761896551724 0.3178935215517241 0.5896111436781609 0.30648522413793106 0.5809786264367817 0.2964304439655172 0.5896111436781609 0.2977839612068966 0.6068761896551724 0.30489964224137933 0.6155087068965518 0.3111129827586207 0.6126312068965517
0 0.24731687931034482 0.37379813793103445 0.2621154482758621 0.37092063793103447 0.261664275862069 0.3651656206896552 0.25454859913793104 0.3565331034482759 0.24404264655172414 0.3594106091954023 0.24731687931034482 0.37379813793103445
0 0.21988549568965518 0.21553527011494253 0.22700117672413794 0.22416778735632184 0.24609235775862068 0.22129028735632186 0.24948263362068965 0.20978025862068964 0.23762316379310344 0.19539272413793105 0.2337817198275862 0.20114773563218394 0.22519649137931036 0.20114773563218394 0.21943432327586207 0.20978025287356322 0.21988549568965518 0.21553527011494253
0 0.3257313275862069 0.22416778735632184 0.32143871120689654 0.22416778735632184 0.3156765474137931 0.23280031609195403 0.3165788922413793 0.24431033908045977 0.32945673706896555 0.24431033908045977 0.33284700862068967 0.2328003103448276 0.3257313275862069 0.22416778735632184
0 0.5232817370689655 0.41696074712643677 0.5223793922413793 0.40545071839080454 0.5152637112068965 0.3968181954022989 0.5114222672413793 0.4025732126436782 0.5009163146551724 0.40545071264367816 0.5013674870689655 0.41120572988505744 0.5084831681034483 0.4198382471264368 0.5232817370689655 0.41696074712643677
0 0.1852995474137931 0.37667564942528736 0.17818386637931033 0.36804312643678155 0.1695986379310345 0.36804312643678155 0.16485484913793103 0.3622881149425287 0.14339177586206897 0.3622881149425287 0.13762960775862068 0.37092063218390803 0.1380807801724138 0.37667564942528736 0.14519645689655172 0.3853081666666667 0.1666595344827586 0.3853081724137931 0.17140332758620688 0.391063183908046 0.17761665948275862 0.38818567241379315 0.1857507198275862 0.38243066091954026 0.1852995474137931 0.37667564942528736
0 0.10985012068965518 0.29035044827586204 0.09460038362068966 0.2874729425287356 0.09358200862068966 0.3018604770114942 0.10069768534482758 0.3104929942528736 0.10691102586206896 0.3076154827586207 0.11075246551724138 0.3018604770114942 0.10985012068965518 0.29035044827586204
0 0.028960711206896552 0.3536555977011494 0.03223495258620689 0.36804313218390805 0.04703351724137931 0.3651656206896552 0.043759275862068965 0.35077808620689654 0.028960711206896552 0.3536555977011494
0 0.5509711077586207 0.30473797701149424 0.5657696767241379 0.3018604712643678 0.5624954396551725 0.2874729425287356 0.5539102112068965 0.2874729425287356 0.5481480474137931 0.296105459770115 0.5509711077586207 0.30473797701149424
0 0.6482317112068966 0.3133705 0.6516219784482759 0.3018604712643678 0.6445062974137932 0.2932279540229885 0.6230432284482759 0.2932279540229885 0.6172810603448275 0.3018604712643678 0.6177322327586207 0.3076154885057471 0.6248479094827587 0.3162480057471264 0.6482317112068966 0.3133705
0 0.641193176724138 0.606876183908046 0.6530526465517241 0.6212637183908045 0.6678512112068966 0.6183862183908047 0.6716926594827586 0.6126312011494253 0.6707903146551725 0.6011211724137931 0.6636746293103448 0.5924886551724138 0.6465041681034482 0.5924886551724138 0.6407420043103448 0.6011211781609195 0.641193176724138 0.606876183908046
0 0.4959015775862069 0.7795265919540231 0.5030172586206897 0.7881591091954022 0.5135232112068965 0.7852816034482759 0.517364650862069 0.7795265919540231 0.5164623103448276 0.7680165632183908 0.509346625 0.7593840459770115 0.5050540129310345 0.7593840459770115 0.49545040517241384 0.7737715804597701 0.4959015775862069 0.7795265919540231
0 0.5369070043103449 0.7824040977011495 0.5431203448275862 0.7795265919540231 0.5417668275862069 0.7622615517241379 0.5308097025862069 0.7593840459770115 0.5297913275862068 0.7737715804597701 0.5369070043103449 0.7824040977011495
0 0.5966555215517242 0.8600967816091953 0.5814057801724138 0.8572192701149425 0.5808385775862068 0.8773618218390804 0.5879542543103448 0.8859943390804598 0.5941675905172413 0.8831168333333334 0.5980090344827587 0.8773618218390804 0.5966555215517242 0.8600967816091953
0 0.9622499353448276 0.48602090804597703 0.9656402068965517 0.4745108735632184 0.9537807370689655 0.46012334482758627 0.9346895560344827 0.46300085057471263 0.935591900862069 0.4745108793103448 0.9427075775862069 0.48314340229885055 0.9517439827586207 0.48889840804597706 0.9622499353448276 0.48602090804597703
0 0.9922852801724138 0.5953661609195402 0.9961267198275862 0.5896111436781609 0.9909317629310345 0.5781011206896551 0.9842672543103448 0.5752236091954023 0.9785050862068966 0.5838561379310345 0.9789562586206897 0.5896111436781609 0.9860719439655172 0.5982436724137931 0.9922852801724138 0.5953661609195402
0 0.8533619353448276 0.41120572988505744 0.8561849956896551 0.41983825287356324 0.8666909482758621 0.41696074137931033 0.8638678879310345 0.408328224137931 0.8533619353448276 0.41120572988505744
0 0.805240823275862 0.39969570114942526 0.8123565043103449 0.4083282183908046 0.8185698362068965 0.40545071839080454 0.8247831767241379 0.4025732126436782 0.8262527284482758 0.3939406896551724 0.8191370431034483 0.3853081666666667 0.8105518146551725 0.3853081666666667 0.8047896508620689 0.3939406896551724 0.805240823275862 0.39969570114942526
0 0.5386863965517241 0.06590491954022988 0.5458020775862069 0.07453744252873563 0.5477227974137931 0.07165993103448276 0.5558568577586207 0.06590492528735632 0.5549545129310345 0.054394896551724144 0.5478388318965517 0.04576237356321839 0.5435462155172414 0.04576237356321839 0.5377840517241379 0.054394890804597695 0.5386863965517241 0.06590491954022988