0 0.18165464840989398 0.3281064225663717 0.13956579858657245 0.2930153230088496 0.1316021590106007 0.2941794955752212 0.2259318886925795 0.41295950221238936 0.2217183957597173 0.48599780309734514 0.24405722084805656 0.5544180199115044 0.222560351590106 0.585547506637168 0.2304828586572438 0.5888083362831859 0.257199703180212 0.5664902389380531 0.28955750176678446 0.6027583871681417 0.2872142508833922 0.6647213053097345 0.22971102650176675 0.7669082876106195 0.22418256537102474 0.7912844225663717 0.20923153886925794 0.7836500796460177 0.20118563604240283 0.7936642588495575 0.20100054593639577 0.8135767765486726 0.21397850176678446 0.8433490088495575 0.23264944699646642 0.8310450951327434 0.25106393639575975 0.7512663141592921 0.297695332155477 0.6779190840707965 0.31644853886925794 0.6567651637168141 0.3313995636042403 0.6643995066371682 0.3220483586572438 0.7197764115044247 0.3335056925795053 0.7230114955752213 0.3526290795053003 0.6620325442477877 0.40545670318021204 0.5875340132743363 0.45852021024734985 0.5827228495575222 0.48141431272084806 0.5914055221238937 0.4918953922261485 0.6046033008849557 0.5289493586572438 0.6109704933628318 0.5360807067137808 0.6042815 0.5917439187279152 0.6049822853982301 0.5857122173144876 0.5884335752212388 0.5186945000000001 0.5734351969026549 0.5082956837455831 0.5513874115044248 0.4887924469964664 0.5581665088495575 0.4738825530035336 0.5461071615044248 0.4741910371024735 0.5129196349557522 0.4656418939929329 0.48200897123893804 0.4325546325088339 0.42915349778761064 0.43446600530035334 0.4136531150442478 0.4239232279151944 0.4070928407079646 0.41373006537102475 0.36292003539823003 0.4030651325088339 0.1793725 0.388689945229682 0.10978810840707966 0.38212353533568905 0.15076444026548672 0.3854938339222615 0.16843871017699116 0.3969717332155477 0.16946129203539823 0.39948917491166075 0.18382324778761064 0.40994845229681975 0.3894958030973451 0.38106378268551233 0.35983941592920354 0.32572962014134277 0.32373860398230087 0.35606355477031804 0.29254475884955755 0.371898906360424 0.20504152876106194 0.34734988692579505 0.2793341061946903 0.3357280265017668 0.2937990353982301 0.32327387632508836 0.30273914601769913 0.31456020671378093 0.28952849778761064 0.3152896713780919 0.30611582300884954 0.3072848992932862 0.311705 0.28890187632508835 0.29303389159292037 0.26944101060070674 0.10512571017699116 0.27527795759717316 0.04756205088495575 0.2579637314487633 0.008971988938053097 0.2455918445229682 0.009062092920353983 0.24527307420494698 0.043355869469026545 0.26426216784452294 0.09188931637168142 0.26978939045936395 0.2577754557522124 0.25808526855123676 0.2810903915929204 0.23332092756183745 0.28348309955752216 0.20707709187279152 0.254913657079646 0.19734604063604239 0.256090703539823 0.23390643109540638 0.3155579402654867 0.24079098939929328 0.3354189668141593 0.2388179187279152 0.3575568561946903 0.2201469770318021 0.3698607699115044 0.18165464840989398 0.3281064225663717
0 0.6998960371024735 0.47255968141592924 0.6846159593639576 0.5003253650442477 0.6878834310954063 0.5290621415929203 0.7115481272084806 0.5499071349557522 0.7433615530035336 0.5496754402654866 0.7603884787985866 0.524109389380531 0.7501541855123675 0.48436159070796464 0.7308771713780918 0.46680316814159295 0.6998960371024735 0.47255968141592924
0 0.8416785530035336 0.619754668141593 0.8603494964664311 0.6074507522123894 0.8587466095406361 0.589763610619469 0.8482038303886926 0.5832033362831859 0.8304063127208481 0.5966070663716815 0.8320297632508834 0.6120817057522124 0.8416785530035336 0.619754668141593
0 0.9302754028268552 0.5947735508849558 0.9151392862190812 0.6070517190265488 0.9095902597173144 0.6336403561946903 0.9191567862190814 0.650163325221239 0.9385571925795054 0.6544467345132744 0.959036680212014 0.6377049446902655 0.9593246007067138 0.6067299203539822 0.9470555406360425 0.595757517699115 0.9302754028268552 0.5947735508849558
0 0.7602638462897527 0.7276466725663717 0.7600787526501767 0.7475591902654867 0.7697069770318021 0.7574446504424779 0.7856136908127209 0.7573288030973451 0.7990235265017668 0.7406385022123894 0.7851515795053003 0.711978953539823 0.7701182915194347 0.7131946172566371 0.7602638462897527 0.7276466725663717
0 0.7583730371024735 0.7409345553097345 0.7644458710247349 0.7530582632743363 0.783846277385159 0.7573416747787611 0.7973178109540636 0.7340138672566372 0.7698715017667844 0.7397446349557523 0.7610961360424029 0.7331714911504424 0.7583730371024735 0.7409345553097345
0 0.7891279487632509 0.7595155597345133 0.777506090106007 0.773980488938053 0.7738067402826855 0.7917062455752213 0.7816264187279152 0.8060295840707965 0.8010268268551237 0.8103129955752213 0.819718335689046 0.7957965796460178 0.8216502720848057 0.7780836946902655 0.8041612402826855 0.7582998982300885 0.7891279487632509 0.7595155597345133
0 0.6176889310954063 0.7607641415929203 0.638980144876325 0.7517596703539823 0.6416826766784451 0.7462091084070797 0.6259404911660776 0.7286249424778761 0.6020290070671378 0.7343299668141593 0.5974767985865724 0.7487434092920354 0.6176889310954063 0.7607641415929203
0 0.6324766696113073 0.5958362234513275 0.6156965335689046 0.5948522566371681 0.5996047314487633 0.6148806194690265 0.5712644328621908 0.6217240774336282 0.5595603109540637 0.6450390110619469 0.5629100441696113 0.6649257831858407 0.5971997791519436 0.6834810442477876 0.6326508586572438 0.6721610973451327 0.6464308798586573 0.6156457632743363 0.6324766696113073 0.5958362234513275
0 0.6504387173144877 0.564732482300885 0.6508500318021202 0.5204824469026549 0.6447771961130742 0.5083587389380532 0.6033149823321554 0.5009174734513274 0.5865142791519434 0.5021460088495575 0.565931964664311 0.5299503075221239 0.5674114575971732 0.5609124579646018 0.5805745070671378 0.5707721769911503 0.6035508692579505 0.570604842920354 0.6157582314487633 0.58821475 0.6298975318021202 0.5881117765486726 0.6406870989399294 0.568122028761062 0.6504387173144877 0.564732482300885
0 0.675891390459364 0.5833521017699115 0.6910275088339223 0.5710739292035397 0.6911509010600707 0.5577989203539823 0.6806286908127208 0.5490261460176992 0.6646397137809188 0.5579919999999999 0.6644957544169612 0.573479511061947 0.675891390459364 0.5833521017699115
0 0.6815214399293286 0.738175732300885 0.6786749469964665 0.759213807522124 0.7007161908127209 0.7645841615044248 0.7018364028268551 0.7391339557522124 0.6815214399293286 0.738175732300885
0 0.1757631925795053 0.8668570243362831 0.17643095936395758 0.8900818539823009 0.1916082067137809 0.8733786814159291 0.18466195229681978 0.8601551592920355 0.1757631925795053 0.8668570243362831
0 0.15580751236749116 0.9223111592920353 0.15780114664310954 0.897960767699115 0.15075206360424026 0.8957997544247788 0.1509165883392226 0.878099738938053 0.14563491696113073 0.8759258539823008 0.1260494187279152 0.8915549579646018 0.1124544893992933 0.9281577765486725 0.09382467844522968 0.9360366858407079 0.08839904593639575 0.949350314159292 0.09262220318021201 0.9703369004424779 0.10499409187279152 0.970246796460177 0.11940074558303887 0.941381296460177 0.13707487102473498 0.9412525774336283 0.15580751236749116 0.9223111592920353
0 0.498689261484099 0.34902717477876105 0.4776654028268551 0.32926911946902654 0.4608441360424028 0.3327101570796461 0.434980148409894 0.3583405707964602 0.44346759363957594 0.3958887389380531 0.43178403710247354 0.416991174778761 0.44785527561837457 0.3991753119469027 0.4850326378091873 0.3922674955752213 0.49661336572438164 0.3822275707964602 0.48979050176678446 0.35572903761061947 0.498689261484099 0.34902717477876105