0 0.5973397666666667 0.6234209662162161 0.62290194375 0.6259773209459459 0.6360826541666668 0.6101439425675675 0.6343104145833334 0.591299793918919 0.6048926208333333 0.5467533648648649 0.5742698958333333 0.5251617753378379 0.5520509854166666 0.4896010658783784 0.5382754854166667 0.4802331756756757 0.5364086916666667 0.45442252871621625 0.5158674729166667 0.4307394712837838 0.5155838208333333 0.40983997804054056 0.5280202395833333 0.39503427195945945 0.5253816729166666 0.3868490152027027 0.511700725 0.38444762331081084 0.48421679999999995 0.38927606249999996 0.4775181520833333 0.3985251131756756 0.5047305416666666 0.42955683614864865 0.4963663208333333 0.48368789358108105 0.5348651479166667 0.48967331418918913 0.57278130625 0.5272171199324324 0.6063262541666667 0.5778934577702703 0.5931180625 0.6103245574324324 0.5973397666666667 0.6234209662162161
0 0.40801839166666665 0.3430821114864865 0.44068489791666665 0.34765768750000003 0.47145713125 0.34302033614864863 0.47052373333333336 0.33011501182432434 0.4460169854166667 0.33083276013513513 0.43341894374999995 0.3151077516891892 0.4105898854166667 0.32770314864864863 0.40801839166666665 0.3430821114864865
0 0.37351257083333333 0.29609816891891894 0.37941196875000005 0.32107222804054053 0.3672592020833333 0.3567774290540541 0.3766909666666667 0.36268013175675673 0.3902773625 0.35811502533783784 0.39284885625 0.3427360641891892 0.39429785 0.3005187820945946 0.3834995270833333 0.2870402027027027 0.37351257083333333 0.29609816891891894
0 0.4931669354166666 0.17346958277027028 0.5082144416666667 0.18344685304054054 0.5184179770833334 0.17172416385135134 0.5051701916666667 0.16399332263513514 0.4931669354166666 0.17346958277027028
0 0.4193080791666667 0.18791877195945944 0.42495129791666664 0.17539561824324323 0.41520840208333337 0.1651911402027027 0.3973728229166667 0.17325755743243243 0.37965927083333334 0.1716927533783784 0.37665461666666666 0.19240116047297298 0.3933127416666667 0.19069186486486486 0.38102583125 0.17926862837837837 0.3893076166666667 0.17493073141891893 0.3912018875 0.18414365878378378 0.4051939666666666 0.1908468260135135 0.4193080791666667 0.18791877195945944
0 0.4257626666666667 0.19793216216216214 0.3908632791666667 0.19643960472972974 0.38534208541666665 0.19933153547297297 0.3933523354166667 0.23085380067567565 0.42549112916666665 0.2337923277027027 0.4257626666666667 0.19793216216216214
0 0.35347483125 0.16053284797297296 0.3407547604166667 0.15443906081081082 0.31612598125 0.1647880304054054 0.31737051041666664 0.1819951283783784 0.30598951874999997 0.2000749375 0.31498812083333333 0.21130708614864865 0.3336625458333333 0.20917949493243243 0.3385614708333333 0.19768401351351353 0.3542587208333333 0.19966711317567568 0.36191824166666664 0.18672566722972972 0.35347483125 0.16053284797297296
0 0.26170120625 0.10272457939189189 0.233039825 0.11391013513513512 0.2357729395833333 0.12906188851351352 0.24976502291666666 0.13576505574324324 0.3494301125 0.10460977871621621 0.3746811541666667 0.10286435810810811 0.38085208958333333 0.09197825506756757 0.36282740625 0.08611167736486487 0.28375848958333333 0.10775457094594594 0.26170120625 0.10272457939189189
0 0.4236001 0.09446236486486487 0.43399273958333334 0.0966726722972973 0.42940494791666667 0.11246992736486486 0.41010825625 0.10599396959459459 0.39587211666666666 0.11855324493243243 0.39903839583333334 0.12837555236486486 0.4139913520833333 0.13138632263513514 0.43108263750000003 0.1243475777027027 0.43046037291666667 0.1157440304054054 0.43914784166666665 0.12267440371621623 0.45729455625 0.11890976351351353 0.4598660479166667 0.10353080236486487 0.4701641354166667 0.0987746097972973 0.47825681875000003 0.08050371621621621 0.4614095916666667 0.06828001689189189 0.46078732708333336 0.0596764695945946 0.43025915416666666 0.04505137668918919 0.4101510958333333 0.01603887162162162 0.4031413166666667 0.020986150337837836 0.4292982791666667 0.04874377364864865 0.4289596666666667 0.06103971790540541 0.39734858749999996 0.05973824324324324 0.38916135416666664 0.07104263851351351 0.4071585583333333 0.09350693918918919 0.41978407916666666 0.09263422972972973 0.42115063750000004 0.10021010641891892 0.4236001 0.09446236486486487
0 0.14556709375 0.14952214864864866 0.13687962291666667 0.14259177364864867 0.11172313125 0.15130369256756757 0.121344 0.17113939020270272 0.14023500625000002 0.1663470760135135 0.14556709375 0.14952214864864866
0 0.14889175208333333 0.3199922043918919 0.16148979583333334 0.3357172145270271 0.18028625208333335 0.32395840033783785 0.16492761250000001 0.30967935810810815 0.14889175208333333 0.3199922043918919
0 0.27580558125 0.4901476233108108 0.2827208083333333 0.47823384966216215 0.3005563895833333 0.4701674324324324 0.2869303979166667 0.43457060304054057 0.25529183958333335 0.44986684797297294 0.25864722291666664 0.4736221503378379 0.27580558125 0.4901476233108108
0 0.4591581041666667 0.27483744425675677 0.4697673229166667 0.27438302702702705 0.47240588958333335 0.2825682820945946 0.4633798083333333 0.28793385304054053 0.4757612708333333 0.30632358614864863 0.4857207479166667 0.31386333952702705 0.5100109166666666 0.3158103158783784 0.5342065333333333 0.3107907939189189 0.5451543645833333 0.2980404307432432 0.57040540625 0.29629501182432433 0.5717048916666666 0.2803066706081081 0.58603558125 0.27471389189189194 0.5823415895833333 0.263254535472973 0.5712046583333333 0.26207190033783784 0.5735595687499999 0.24935766216216215 0.5598786208333333 0.2469562685810811 0.5474971583333333 0.22856653716216213 0.5363602270833333 0.22738390202702702 0.5387151375 0.21466966216216216 0.5227067562500001 0.20838479054054054 0.5081594854166667 0.21664229054054057 0.4972391333333333 0.21279493412162162 0.456791075 0.23079202533783785 0.46578967708333335 0.24202417567567566 0.44869839166666664 0.2490629189189189 0.4551529791666667 0.25907631081081084 0.45961874375 0.252910277027027 0.46852279583333334 0.25717592905405406 0.4654235875 0.270917839527027 0.4539755229166667 0.26543343074324327 0.4591581041666667 0.27483744425675677
0 0.65947339375 0.3223538091216216 0.6736545770833333 0.3429899712837838 0.6954007291666666 0.34371818918918917 0.719623825 0.32210094763513514 0.71583528125 0.3036750912162162 0.6939000249999999 0.2890138766891892 0.6561180104166666 0.2985985050675676 0.65947339375 0.3223538091216216
0 0.6605167020833334 0.2688682533783784 0.6766471145833334 0.2655219054054054 0.6833457625 0.25627285304054054 0.6698143208333334 0.2276425202702703 0.6360649104166666 0.23639056081081078 0.6470523354166667 0.2638021368243243 0.6605167020833334 0.2688682533783784
0 0.771943375 0.6946099172297298 0.7925670270833333 0.6684998158783784 0.7805241770833333 0.6378141368243243 0.7827845375 0.6181334003378378 0.7715530520833334 0.609984268581081 0.7607272520833334 0.6131034087837838 0.7616606479166667 0.6260087314189189 0.7524179875 0.6340390253378378 0.7356653125 0.6287818243243243 0.7062596375 0.6409950523648649 0.7238907520833333 0.6923530168918919 0.7520244208333333 0.6795304087837838 0.7646224645833333 0.695255418918919 0.771943375 0.6946099172297298
0 0.5387449979166666 0.6451826993243243 0.5246308895833333 0.6481107550675675 0.5139941895833333 0.6651628918918919 0.5187436104166667 0.6798963513513514 0.5323025270833334 0.691928964527027 0.55500955625 0.6889647871621623 0.5672964666666667 0.7003880219594595 0.5819382895833333 0.6990970185810811 0.6151050312499999 0.721907364864865 0.63728434375 0.7173061368243243 0.6456881604166667 0.7033370185810811 0.6784766958333334 0.6982813716216216 0.67322704375 0.665313141891892 0.6897906145833334 0.6566373445945946 0.6788031895833334 0.6292257702702703 0.6580179104166667 0.6248051570945946 0.6528353312499999 0.6154011435810811 0.63171144375 0.6232764746621622 0.63869374375 0.6349269172297297 0.6204524791666667 0.6317250608108108 0.6124818270833334 0.6403647347972974 0.60581065625 0.6330160641891892 0.6069606354166667 0.6432566655405406 0.5707617625 0.657752445945946 0.5530482104166666 0.6561876402027027 0.5387449979166666 0.6451826993243243
0 0.47197835625 0.6048914527027026 0.471856325 0.6145226739864864 0.5084608833333334 0.6112951655405405 0.5055111833333333 0.5988081351351351 0.47197835625 0.6048914527027026
0 0.403436225 0.6758730895270271 0.41262393124999996 0.7010382364864864 0.44106873124999996 0.692517402027027 0.43166444375 0.670016981418919 0.403436225 0.6758730895270271
0 0.44173058958333333 0.7412828902027027 0.4456411645833333 0.7500775253378378 0.4564669645833333 0.7469583851351351 0.45181209583333337 0.739191420608108 0.44173058958333333 0.7412828902027027
0 0.4762638895833333 0.7716691131756758 0.45281256666666664 0.7756609628378378 0.4392261708333333 0.7802260675675675 0.44471988333333334 0.7939318581081081 0.48228531666666663 0.7870119527027026 0.4762638895833333 0.7716691131756758
0 0.39692343541666664 0.829172168918919 0.38444742291666667 0.8038159408783784 0.35981864583333334 0.8141649087837838 0.37567751875 0.846678722972973 0.3857590270833333 0.8445872550675676 0.39692343541666664 0.829172168918919
0 0.6614920791666666 0.7690462702702703 0.6596252854166667 0.7432356233108108 0.6516821083333333 0.7352775760135135 0.6337519770833333 0.7363774949324324 0.5523556291666666 0.7541369087837838 0.5423686729166667 0.7631948733108108 0.5327203270833334 0.7599568935810811 0.5258721729166667 0.7954348868243243 0.5388759000000001 0.8224281689189189 0.5830179479166666 0.8158904341216217 0.6104348020833333 0.7874977787162163 0.6527771291666667 0.7787136148648649 0.6614920791666666 0.7690462702702703
0 0.9440183291666667 0.6912227347972973 0.9142069708333334 0.6921676891891891 0.89159449375 0.702098366554054 0.8999433520833333 0.7213246858108108 0.9461017020833334 0.7143686587837837 0.9440183291666667 0.6912227347972973
0 0.91302626875 0.8286418412162162 0.9244743354166667 0.8341262516891892 0.9473033916666667 0.8215308513513514 0.93641051875 0.8010857753378378 0.9195358124999999 0.8054597956081081 0.9113485791666667 0.8167641908783784 0.91302626875 0.8286418412162162
0 0.8190868333333333 0.7974808074324324 0.83447295 0.7951621317567568 0.8325786791666666 0.7859492043918919 0.8239857604166667 0.7859853260135136 0.8190868333333333 0.7974808074324324
0 0.7238600291666667 0.8390677702702702 0.7376630083333333 0.8318379408783784 0.7341855958333333 0.8177138597972974 0.7067016708333332 0.8225422972972973 0.6976755895833333 0.8279078665540541 0.7061464791666666 0.8375029645270271 0.7238600291666667 0.8390677702702702
0 0.5785917791666667 0.8622184054054054 0.5817855375 0.8554429915540541 0.5739643916666667 0.8378537246621622 0.5593225666666667 0.8391447280405405 0.5341660770833333 0.8478566452702703 0.554923875 0.8688749797297298 0.5785917791666667 0.8622184054054054
0 0.5159918854166666 0.8682190084459459 0.5270342666666666 0.8624351435810811 0.5291726 0.8523856283783784 0.5183742770833333 0.8389070489864865 0.48887405 0.8441537804054053 0.4904297125 0.8656626520270271 0.5159918854166666 0.8682190084459459
0 0.4076118458333333 0.9090416283783784 0.4024292666666666 0.899637616554054 0.37494534166666665 0.9044660523648649 0.3758787375 0.9173713766891891 0.401874075 0.9145982837837838 0.4076118458333333 0.9090416283783784
0 0.9315302 0.6091068462837838 0.9391347645833333 0.629360839527027 0.9671464020833334 0.6261694527027027 0.9605027125 0.6022230641891891 0.9315302 0.6091068462837838
0 0.8600416145833333 0.537484418918919 0.87431735 0.5650870810810811 0.87837743125 0.5476527736486486 0.8701231208333333 0.5353929527027027 0.8600416145833333 0.537484418918919
0 0.6990761166666667 0.5586519577702703 0.6807403020833332 0.5484836030405406 0.6722419354166667 0.555486222972973 0.6795353666666667 0.5714384408783784 0.7005372249999999 0.5731943310810811 0.6990761166666667 0.5586519577702703
0 0.4086802520833333 0.3918475962837838 0.4175843020833333 0.39611325 0.42735467708333336 0.3897200067567568 0.4186672083333333 0.38278963175675673 0.4086802520833333 0.3918475962837838
0 0.4010482083333333 0.38819132432432435 0.39087215 0.3833162939189189 0.36168305625 0.3928647989864865 0.37332022291666667 0.4122822043918919 0.4027258979166667 0.40006897635135136 0.4010482083333333 0.38819132432432435
0 0.6305396125 0.9466273175675676 0.6127315125 0.9380960152027027 0.5805652416666667 0.9517552094594595 0.5842592333333333 0.9632145658783784 0.6185088791666666 0.9727012972972973 0.6305396125 0.9466273175675676
0 0.25151779583333334 0.9353114037162161 0.26023274375 0.9256440591216215 0.25452245 0.9146029966216216 0.23320945833333334 0.908545331081081 0.218134475 0.9151657804054054 0.23135478125 0.9394943395270271 0.25151779583333334 0.9353114037162161
0 0.5881529249999999 0.021028032094594595 0.5729833875 0.020681983108108107 0.5674621979166666 0.02357391554054054 0.57528334375 0.04116318412162162 0.5901417479166666 0.03720745777027027 0.5881529249999999 0.021028032094594595
0 0.37863456875 0.021703896959459457 0.38000112708333333 0.02927977533783784 0.3873220375 0.028634271959459456 0.38797178125 0.020640101351351352 0.37863456875 0.021703896959459457
0 0.32979156666666665 0.24054679898648648 0.33984559583333335 0.2550530506756757 0.3556648729166667 0.24740492736486486 0.34741056666666664 0.23514510472972974 0.32979156666666665 0.24054679898648648