0 0.7567189036144578 0.5971325185185185 0.7683094939759036 0.6289049185185185 0.7907400813253013 0.6312416333333333 0.8034471295180722 0.6203891148148148 0.7946346897590362 0.5923850666666667 0.7710428042168674 0.5844604740740741 0.7567189036144578 0.5971325185185185
0 0.9492400602409639 0.25637303333333333 0.8879825813253013 0.27359858518518515 0.9057903885542169 0.27769017777777777 0.9492400602409639 0.25637303333333333
0 0.9638590060240965 0.3123164814814815 0.9888281234939759 0.31567345555555554 0.9891248674698795 0.30671852962962964 0.9638590060240965 0.3123164814814815
0 0.5724271927710843 0.33912970000000003 0.5559860421686748 0.3128158814814815 0.5157476506024096 0.3063875740740741 0.5554632228915662 0.2479040925925926 0.5332379879518072 0.21775727777777779 0.5355381686746988 0.20482664074074075 0.5436448554216867 0.21983539629629628 0.5519568975903614 0.20703405555555554 0.5553959548192772 0.1755849 0.5237422259036144 0.20086434074074075 0.4694077078313253 0.20340437407407408 0.4666519759036145 0.2237424185185185 0.4172128614457831 0.26903666666666665 0.38414763253012046 0.26832553333333337 0.34557093674698797 0.3082904925925926 0.30439901807228914 0.2925706037037037 0.27736807228915666 0.3160951666666667 0.2649336475903614 0.37145677777777775 0.27604626204819277 0.3865301851851852 0.23560251807228913 0.4079119740740741 0.22708512349397592 0.4485234185185185 0.2609009487951807 0.5104426370370371 0.3076067530120482 0.5095928370370371 0.3653803313253012 0.4756036444444444 0.3766983012048193 0.46286695185185184 0.3604849246987952 0.4328494296296296 0.4157081234939759 0.39138818518518514 0.4316712981927711 0.40100301111111114 0.4298490903614458 0.43063264074074076 0.4627089698795181 0.4591538740740741 0.5174990391566265 0.449206437037037 0.5625431445783132 0.401963362962963 0.5976807771084337 0.39344756296296296 0.6006418644578313 0.3452994111111111 0.5890736957831325 0.33763341481481485 0.6015529668674698 0.33048459999999996 0.6019860963855422 0.2989707925925926 0.5881177469879518 0.30423543333333336 0.5724271927710843 0.33912970000000003
0 0.63366225 0.2977977481481482 0.6341178012048193 0.29039034074074077 0.6287892680722892 0.2791499333333333 0.6292448192771084 0.2717425259259259 0.6250775873493976 0.2660899962962963 0.6072697831325301 0.2619984037037037 0.5947905120481928 0.2691472185185185 0.5867062469879518 0.27824485555555556 0.5855673674698795 0.29676337407407405 0.5925127560240964 0.30618425555555556 0.6135542680722892 0.30663679629629625 0.6163324186746988 0.31040514444444445 0.620955201807229 0.3086502666666667 0.625577984939759 0.3068953888888889 0.63366225 0.2977977481481482
0 0.6274450361445784 0.32547855185185187 0.6094094548192771 0.32509066296296296 0.60617575 0.3287297185185185 0.597385734939759 0.3248320703703704 0.5944022289156626 0.3488738185185185 0.601575391566265 0.3545909962962963 0.6133713343373494 0.3585532962962963 0.6189276445783133 0.3660899962962963 0.6235504246987952 0.3643351185185185 0.6270119096385542 0.35699235925925926 0.6399467319277108 0.34243614074074075 0.6373963524096385 0.33496408518518517 0.6274450361445784 0.32547855185185187
0 0.592397093373494 0.43041995185185183 0.5882298614457832 0.4247674222222222 0.582218 0.4246381259259259 0.5794398463855422 0.42086977407407405 0.5762061385542169 0.4245088259259259 0.5734279849397591 0.4207404777777778 0.5644101957831326 0.42054652962962963 0.5616320421686747 0.41677817777777776 0.5540033283132529 0.4184684111111111 0.5551646295180723 0.4240562888888889 0.5611764879518073 0.42418558888888885 0.5697387289156627 0.43178694074074075 0.5787565180722891 0.4319808814814815 0.5815346746987952 0.43574923703703705 0.5921693162650602 0.43412365555555554 0.592397093373494 0.43041995185185183
0 0.6088158192771085 0.4326273666666666 0.6011871084337349 0.4343176 0.6007315572289157 0.44172500740740744 0.6048987861445783 0.4473775333333333 0.6106828704819277 0.45121053333333333 0.6153056536144578 0.44945565555555556 0.6157612048192771 0.44204824814814814 0.6088158192771085 0.4326273666666666
0 0.6033716234939759 0.5456226555555556 0.6186514728915663 0.5663485925925926 0.6232742560240964 0.5645937111111111 0.6265079608433735 0.5609546592592594 0.6181734999999999 0.5496496037037037 0.6186290512048194 0.5422421925925927 0.6116836656626506 0.5328213111111111 0.6086777349397591 0.5327566666666667 0.6038271746987952 0.5382152481481481 0.6033716234939759 0.5456226555555556
0 0.5261733915662651 0.5773397777777778 0.5294070963855422 0.5737007222222222 0.5303181987951807 0.5588859111111111 0.523372813253012 0.5494650296296296 0.5143550240963856 0.5492710814814815 0.5062707590361446 0.5583687222222222 0.5055874307228916 0.5694798333333334 0.5125328192771085 0.5789007111111111 0.5261733915662651 0.5773397777777778
0 0.41513690963855426 0.5230312888888888 0.4276386054216868 0.5399888703703704 0.4322613885542169 0.5382339925925926 0.43271693975903613 0.5308265888888889 0.4202152439759036 0.513869 0.4172093132530121 0.5138043555555555 0.41513690963855426 0.5230312888888888
0 0.40775839457831325 0.5451242148148148 0.407302843373494 0.5525316222222222 0.4008354307228915 0.5598097296296296 0.40060765662650605 0.5635134333333334 0.4047748855421687 0.5691659666666666 0.41240359939759036 0.5674757333333333 0.41260895180722895 0.5396656296296296 0.40775839457831325 0.5451242148148148
0 0.4235162168674699 0.5825491407407407 0.4276834487951807 0.5882016703703703 0.4293003012048193 0.5863821407407408 0.4357677138554217 0.5791040296296297 0.43645103915662653 0.5679929185185185 0.43251158433734943 0.558636688888889 0.42788880120481926 0.5603915666666667 0.42743325 0.5677989740740741 0.4241995421686747 0.5714380296296296 0.4235162168674699 0.5825491407407407
0 0.3446114397590362 0.5196601962962963 0.34160550903614456 0.5195955518518518 0.3367549518072289 0.5250541333333333 0.3365271746987952 0.528757837037037 0.340694406626506 0.5344103666666666 0.34531718975903614 0.5326554851851851 0.348778671686747 0.5253127296296297 0.3446114397590362 0.5196601962962963
0 0.37560426506024097 0.5295982666666667 0.37467074096385544 0.5203066814814814 0.3670420271084337 0.5219969148148148 0.36797555421686745 0.5312884962962963 0.37560426506024097 0.5295982666666667
0 0.39033887048192767 0.46130601851851855 0.385488313253012 0.46676460000000003 0.39150017469879517 0.4668938962962963 0.39033887048192767 0.46130601851851855
0 0.403068343373494 0.4745599 0.4037516686746988 0.46344878518518523 0.4106746325301205 0.4487632703703704 0.4097411054216867 0.43947168518518515 0.4051183222891566 0.441226562962963 0.40466277108433735 0.44863397407407407 0.3945061024096385 0.46695854814814813 0.39543962951807227 0.47625012592592597 0.403068343373494 0.4745599
0 0.4171644668674699 0.4655915555555556 0.4229485542168675 0.46942455555555557 0.424565406626506 0.46760502962962963 0.422470578313253 0.45272556666666663 0.4150696415662651 0.4507120962962963 0.41299723493975904 0.4599390296296296 0.4171644668674699 0.4655915555555556
0 0.2530444608433735 0.5158365703703703 0.25213335542168674 0.530651388888889 0.2671630090361446 0.5309746296296296 0.2703967138554217 0.527335574074074 0.2683018855421687 0.5124561111111111 0.2578950210843373 0.5103779888888889 0.2530444608433735 0.5158365703703703
0 0.24056518975903615 0.5229853851851851 0.24703260240963856 0.515707274074074 0.24771592771084336 0.504596162962963 0.24077054216867472 0.4951752814814815 0.23175275 0.49498134074074074 0.22690219277108437 0.5004399222222222 0.2259910903614458 0.515254737037037 0.23293647590361444 0.5246756185185185 0.24056518975903615 0.5229853851851851
0 0.24133820481927712 0.6082998666666667 0.24780561746987953 0.6010217555555555 0.24848894277108433 0.5899106444444444 0.24432171385542167 0.5842581148148148 0.23229799397590362 0.5839995222222222 0.2272196596385542 0.5931618111111112 0.22954226204819278 0.6043375703703704 0.23671542168674697 0.6100547444444444 0.24133820481927712 0.6082998666666667
0 0.21474038855421684 0.6003106259259259 0.217974093373494 0.5966715703703704 0.21842964457831326 0.589264162962963 0.2142624126506024 0.5836116333333333 0.20825055421686747 0.5834823370370371 0.2033999939759036 0.5889409185185185 0.20294444277108434 0.5963483259259259 0.20711167469879518 0.6020008555555556 0.21474038855421684 0.6003106259259259
0 0.23289162951807227 0.4764628185185185 0.21118921385542166 0.5112277888888889 0.235236656626506 0.511744974074074 0.2400872138554217 0.5062863925925926 0.24286537048192772 0.5100547481481482 0.24493777409638554 0.5008278111111112 0.23960924096385544 0.48958740370370374 0.24284294578313254 0.48594834814814813 0.23589756024096384 0.4765274666666667 0.23289162951807227 0.4764628185185185
0 0.22615159638554216 0.43923184074074073 0.22291789156626507 0.4428708925925926 0.21089417168674698 0.44261229999999996 0.20604361144578315 0.4480708814814815 0.210210843373494 0.4537234074074074 0.22084548795180722 0.4520978259259259 0.22731290060240963 0.44481971851851854 0.22615159638554216 0.43923184074074073
0 0.15467018072289154 0.40246276666666664 0.15790388855421686 0.3988237111111111 0.15904276506024095 0.3803051925925926 0.15487553313253014 0.37465266296296296 0.14285181325301205 0.37439407037037037 0.13453977409638554 0.3871954111111111 0.13408422289156627 0.3946028222222222 0.14102960843373494 0.4040237 0.15467018072289154 0.40246276666666664
0 0.1668992530120482 0.3749112592592593 0.17268334036144578 0.37874425925925925 0.17430019277108433 0.37692472962962964 0.1835457590361446 0.37341497407407404 0.1874627921686747 0.3586648074074074 0.18074518072289156 0.34554022222222225 0.1687214578313253 0.3452816296296296 0.1604094186746988 0.35808297037037035 0.15995386746987952 0.36549037777777776 0.1668992530120482 0.3749112592592593
0 0.1260223795180723 0.4278068555555556 0.12925608734939759 0.4241678 0.1299394126506024 0.4130566925925926 0.12738903313253014 0.40558463333333333 0.1169821656626506 0.4035065148148148 0.10889790060240964 0.41260415185185184 0.10821457530120482 0.42371526296296297 0.11238180722891566 0.4293677925925926 0.1260223795180723 0.4278068555555556
0 0.0739880451807229 0.4174162518518518 0.06797618373493976 0.41728695555555556 0.0631256265060241 0.42274553703703704 0.06544822891566265 0.4339212962962963 0.07239361144578313 0.4433421777777778 0.08002232530120482 0.44165194444444444 0.08093342771084337 0.42683713333333334 0.0739880451807229 0.4174162518518518
0 0.054836006024096384 0.4596532777777778 0.06178139156626506 0.4690741555555556 0.06339824397590361 0.46725463333333334 0.06663195180722892 0.46361557407407405 0.06708750301204819 0.45620817037037037 0.05968656325301205 0.4541946925925926 0.054836006024096384 0.4596532777777778
0 0.1832507138554217 0.3047994814814815 0.18024478313253012 0.30473483333333334 0.17539422590361445 0.3101934148148148 0.1795614578313253 0.31584594444444447 0.18418424096385544 0.31409106296296296 0.1832507138554217 0.3047994814814815
0 0.22927318975903616 0.31506079259259256 0.23344042168674697 0.32071331851851853 0.2410691355421687 0.3190230851851852 0.24430284036144578 0.3153840333333333 0.24013560843373494 0.3097315074074074 0.23412375 0.3096022074074074 0.22927318975903616 0.31506079259259256
0 0.2360132228915663 0.3522917703703704 0.2286122891566265 0.3502783 0.2265398795180723 0.359505237037037 0.23070711144578315 0.365157762962963 0.23532989457831324 0.3634028851851852 0.2360132228915663 0.3522917703703704
0 0.38961425 0.17943664444444443 0.3805964608433735 0.1792427 0.37574590060240964 0.18470128518518517 0.37551812650602406 0.18840498888888887 0.3796853584337349 0.19405751481481484 0.39032 0.19243193333333333 0.3937814819277109 0.18508917407407408 0.38961425 0.17943664444444443
0 0.4284411445783132 0.1598743777777778 0.43538652710843373 0.16929525925925926 0.44000931024096385 0.16754038148148148 0.44463209337349396 0.16578550370370368 0.455950063253012 0.1530488074074074 0.4568611686746988 0.13823399259259259 0.45292171385542174 0.12887776296296297 0.43789206325301205 0.1285545185185185 0.42657409036144583 0.14129121481481483 0.4284411445783132 0.1598743777777778
0 0.49687178614457833 0.1483660037037037 0.48808177108433737 0.14446835925925924 0.480225280120482 0.1498622888888889 0.47954195481927714 0.16097340370370372 0.483709186746988 0.16662592962962963 0.494343828313253 0.16500034814814815 0.4975775361445783 0.1613612925925926 0.49687178614457833 0.1483660037037037
0 0.7940257319277108 0.18628 0.7974872138554218 0.17893724444444445 0.7907696024096386 0.16581265925925925 0.7877636716867469 0.16574801111111112 0.7859190451807229 0.17127124074074074 0.777834780120482 0.18036888148148147 0.7732119969879518 0.18212375925925925 0.774373298192771 0.18771164074074076 0.7940257319277108 0.18628
0 0.6751067891566266 0.35802673333333335 0.6792740210843374 0.36367926296296293 0.6822799518072289 0.36374391111111115 0.684830328313253 0.3712159666666667 0.6924590421686747 0.36952573703703706 0.6989264518072289 0.3622476259259259 0.7002931084337349 0.3400254037037037 0.6868803102409639 0.33788263333333335 0.6787960451807229 0.3469802703703704 0.6783404939759037 0.3543876777777778 0.6751067891566266 0.35802673333333335
0 0.49743589759036144 0.506258274074074 0.4965023734939759 0.4969666925925926 0.48887365963855417 0.49865692222222224 0.4898071867469879 0.5079485074074074 0.49743589759036144 0.506258274074074
0 0.3298839337349398 0.09841707407407407 0.32917818072289157 0.08542178888888889 0.31854353915662653 0.08704737037037037 0.3192492891566265 0.10004265555555555 0.3298839337349398 0.09841707407407407
0 0.1675637108433735 0.09492605925925926 0.18029317771084338 0.10817994444444444 0.18792189156626507 0.10648971111111111 0.1888329939759036 0.0916748962962963 0.1862826144578313 0.08420284074074075 0.18211538554216866 0.0785503111111111 0.17332537048192773 0.07465266296296297 0.16524110843373493 0.0837503 0.16801926204819279 0.08751865555555556 0.1675637108433735 0.09492605925925926
0 0.19912419879518073 0.2179887148148148 0.19980752710843375 0.2068776037037037 0.19240658734939758 0.20486413333333334 0.1901064096385542 0.21779477037037037 0.19912419879518073 0.2179887148148148
0 0.17628290662650603 0.2712722 0.17327697590361446 0.27120755555555554 0.1684264186746988 0.276666137037037 0.16819864156626507 0.28036984074074073 0.1723658704819277 0.2860223666666667 0.17698865361445784 0.2842674888888889 0.18045013554216868 0.27692472962962966 0.17628290662650603 0.2712722
0 0.08983910542168674 0.30649908518518515 0.08382724397590362 0.3063697888888889 0.07897668674698795 0.31182837037037037 0.0831439186746988 0.3174809 0.09077263253012048 0.31579067037037034 0.08983910542168674 0.30649908518518515
0 0.23590110843373496 0.2317597814814815 0.22988925000000002 0.23163048518518517 0.2271110963855422 0.22786212962962965 0.22503868975903615 0.23708907037037036 0.22758906927710845 0.24456112222222223 0.23660686144578313 0.24475506666666666 0.2400683403614458 0.23741230740740737 0.23590110843373496 0.2317597814814815