0 0.5000760542986425 0.4675330330882353 0.513085608597285 0.3970262536764706 0.5011810542986426 0.37659570955882354 0.48517652488687785 0.3777467279411765 0.4757549841628959 0.3898464375 0.4740199932126697 0.42735273161764703 0.4891570248868778 0.4449548639705882 0.49081236877828055 0.46664169852941173 0.5000760542986425 0.4675330330882353
0 0.42356321493212673 0.3686789595588235 0.44354968552036195 0.3293408639705882 0.44445700226244345 0.2809911544117647 0.43562706561085973 0.2707232426470588 0.4266392737556561 0.2734463786764706 0.4213959140271493 0.31016661397058826 0.40085766515837107 0.34227576102941176 0.4050358484162896 0.36689628676470587 0.42356321493212673 0.3686789595588235
0 0.40381569004524887 0.23043766176470587 0.4072060248868778 0.21461820220588235 0.3903738257918552 0.20492580147058823 0.37626214253393664 0.15557947426470586 0.3512698212669683 0.1594536286764706 0.34015311312217195 0.1794630661764706 0.3500467873303167 0.23378543014705883 0.3927388076923077 0.2208505330882353 0.40381569004524887 0.23043766176470587
0 0.5085149411764706 0.2467905257352941 0.49325987556561085 0.212582875 0.47358911990950225 0.22593887499999998 0.4601856425339366 0.2762256654411765 0.4654673846153846 0.31530408088235296 0.4912873800904977 0.3222733455882353 0.5056365656108598 0.2994354926470588 0.5085149411764706 0.2467905257352941
0 0.46806555656108595 0.5752302794117647 0.45075978506787334 0.6045110147058823 0.4574209819004525 0.661661794117647 0.4738194366515837 0.6807307720588236 0.49557928054298644 0.6796850330882352 0.5231342647058823 0.6491480073529411 0.5156453959276018 0.5811538088235294 0.5235296266968326 0.5639727794117647 0.5149755814479637 0.5573193419117647 0.509338298642534 0.5738195882352941 0.46806555656108595 0.5752302794117647
0 0.3574943959276018 0.43677141176470585 0.35493173303167425 0.4634342867647059 0.3719601764705882 0.5359342904411765 0.39060557918552036 0.5543224852941177 0.4073197443438914 0.5474093676470588 0.4313663619909502 0.5160862757352941 0.44307467420814484 0.4737092205882353 0.436965257918552 0.42378738235294117 0.4082285 0.3936644375 0.37282911085972853 0.4117859264705882 0.3574943959276018 0.43677141176470585
0 0.06424772850678732 0.5404120110294117 0.0906991515837104 0.49541709191176464 0.08545723076923076 0.4267421102941176 0.05222657918552036 0.3979807316176471 0.027510147058823528 0.40546935661764705 0.0020442533936651584 0.4483166470588235 0.001964606334841629 0.5075097757352941 0.029282085972850678 0.5491569264705882 0.06424772850678732 0.5404120110294117
0 0.11265667647058825 0.4517837389705882 0.11943734615384616 0.42014481985294116 0.09964856108597285 0.4168953051470588 0.0961003665158371 0.4457058088235294 0.11265667647058825 0.4517837389705882
0 0.15436172850678734 0.5463916875 0.15609671945701356 0.508885393382353 0.13630793212669684 0.5056358750000001 0.13358741402714933 0.5452897941176471 0.15436172850678734 0.5463916875
0 0.14793372171945704 0.733242375 0.15132405656108597 0.7174229154411765 0.1385520045248869 0.715745518382353 0.13642309049773754 0.7330318235294118 0.14793372171945704 0.733242375
0 0.16464645022624433 0.831724474264706 0.16551394570135744 0.8129713272058823 0.15498884389140272 0.8106131433823529 0.1531358190045249 0.8315139227941176 0.16464645022624433 0.831724474264706
0 0.2472715814479638 0.7697099522058823 0.2501101334841629 0.7466615514705882 0.23733808371040727 0.7449841544117648 0.2329622194570136 0.7629512426470588 0.2472715814479638 0.7697099522058823
0 0.346177128959276 0.7101588897058824 0.35126263122171947 0.6864297022058823 0.33316901357466067 0.6752704558823529 0.3270979819004525 0.7011472683823529 0.346177128959276 0.7101588897058824
0 0.33513863348416295 0.7763704117647059 0.34649140497737557 0.7895720147058823 0.3657284117647059 0.7855925845588235 0.38066920361990947 0.7403871102941176 0.3567022330316742 0.7125170735294117 0.3337591787330317 0.7582980477941177 0.33513863348416295 0.7763704117647059
0 0.3260313665158371 0.8678832463235294 0.340656443438914 0.8486598676470588 0.34463838235294114 0.8104727867647059 0.32741225791855205 0.780560393382353 0.30916078054298646 0.7823921911764706 0.28763700226244343 0.8166489705882354 0.2895682375565611 0.8419502794117647 0.30904130995475115 0.8711818897058824 0.3260313665158371 0.8678832463235294
0 0.26816249095022626 0.8928125735294118 0.2690299864253394 0.8740594264705883 0.2540109886877828 0.8730628161764705 0.25188207239819005 0.8903491176470588 0.26816249095022626 0.8928125735294118
0 0.2009502850678733 0.9760436985294118 0.20400498642533937 0.9893380073529412 0.2219734886877828 0.9884884117647059 0.21486572398190046 0.9625824227941178 0.2009502850678733 0.9760436985294118
0 0.4068816809954751 0.8729715845588235 0.422926036199095 0.8422240036764705 0.4224140769230769 0.8053984926470588 0.4034927850678733 0.7833958272058823 0.3787763529411765 0.7908844522058824 0.3639934208144796 0.8230988786764706 0.3692751674208145 0.8621772904411765 0.38539772850678733 0.877631794117647 0.4068816809954751 0.8729715845588235
0 0.34503086877828054 0.9360879963235295 0.3447948009049774 0.9028769558823528 0.32752885294117645 0.9025611286764705 0.3267793914027149 0.937919794117647 0.34503086877828054 0.9360879963235295
0 0.4413737556561086 0.9031998051470588 0.4280499208144797 0.8942934669117647 0.41035022624434386 0.9033542132352941 0.39753835067873305 0.9312733786764705 0.4452760452488688 0.9242058602941177 0.4413737556561086 0.9031998051470588
0 0.47125533484162896 0.8127888639705882 0.467668757918552 0.7658007205882353 0.4565918733031674 0.7562135955882353 0.45221600904977377 0.7741806801470589 0.47125533484162896 0.8127888639705882
0 0.5552599185520362 0.7688467058823529 0.5589261425339367 0.7566417205882353 0.5503720972850679 0.7499882830882353 0.5459962352941177 0.7679553676470589 0.5552599185520362 0.7688467058823529
0 0.5405950203619909 0.8176666507352941 0.545404628959276 0.7903229889705882 0.5303856289592761 0.789326375 0.5260097669683258 0.8072934632352942 0.5405950203619909 0.8176666507352941
0 0.6875141538461539 0.7546625404411765 0.6940189321266969 0.7194091507352942 0.6787240429864254 0.7147980661764706 0.6709578438914028 0.7485846139705883 0.6875141538461539 0.7546625404411765
0 0.7444358846153846 0.8076794889705882 0.751768334841629 0.7832695147058824 0.7333988257918552 0.7684957977941176 0.7256326266968326 0.8022823419117647 0.7444358846153846 0.8076794889705882
0 0.6853055904977376 0.8311419742647059 0.6716660452488687 0.848217724264706 0.6924403619909503 0.8493196139705883 0.6853055904977376 0.8311419742647059
0 0.7659212782805429 0.6976240625000001 0.7687598325791856 0.6745756580882353 0.7534649411764706 0.6699645735294117 0.7496408597285067 0.6951606029411765 0.7659212782805429 0.6976240625000001
0 0.7339520452488688 0.6703295257352941 0.7395893280542987 0.6538292830882353 0.7321786674208145 0.6320371727941176 0.703559943438914 0.6185197463235294 0.6901962873303167 0.6392099669117648 0.7034802963800905 0.6777128750000001 0.7127439819004525 0.6786042132352941 0.7225992692307692 0.6571279301470588 0.7339520452488688 0.6703295257352941
0 0.9014463778280543 0.7564101323529412 0.8903694932126697 0.7468230073529413 0.8774395837104073 0.7581366580882353 0.8786611787330317 0.7892000661764706 0.8991596040723981 0.786687481617647 0.9014463778280543 0.7564101323529412
0 0.9539140339366515 0.7811920845588236 0.9440587466063348 0.8026683676470588 0.9548199162895927 0.8382375845588235 0.9811418122171945 0.8302625367647058 0.9835415452488688 0.7185935882352942 0.9690126832579186 0.7229955661764706 0.9519828009049773 0.7558907720588236 0.9539140339366515 0.7811920845588236
0 0.9840743823529411 0.4836051801470588 0.9749685565610859 0.4697228014705882 0.9614868665158371 0.4738075036764706 0.9562435090497737 0.5105277389705882 0.9775696063348416 0.5188585698529411 0.9840743823529411 0.4836051801470588
0 0.9342461583710407 0.5837576544117647 0.9522615701357465 0.5487148161764706 0.942210036199095 0.5073834963235294 0.9288862036199095 0.49847715808823534 0.8909639728506787 0.513664955882353 0.887139891402715 0.5388609889705882 0.9011335384615384 0.571601794117647 0.9220258891402715 0.5893092058823529 0.9342461583710407 0.5837576544117647
0 0.7982091018099547 0.4881460698529412 0.8013235452488687 0.46871214338235295 0.7905225542986426 0.4627394889705882 0.7866984705882354 0.4879355183823529 0.7982091018099547 0.4881460698529412
0 0.8203230475113122 0.5369168897058824 0.8248567669683258 0.5059587573529412 0.8050679819004526 0.5027092389705882 0.8015197873303168 0.5315197426470588 0.8203230475113122 0.5369168897058824
0 0.8375107873303168 0.4910306360294118 0.8560779773755656 0.46321674264705887 0.8589165316742081 0.4401683382352941 0.8461843031674208 0.4088943786764706 0.8228871470588235 0.40485879779411765 0.8055813755656108 0.43413953308823533 0.8049897714932126 0.4565071580882353 0.8205207285067874 0.4943292794117647 0.8375107873303168 0.4910306360294118
0 0.7590638371040724 0.5776656801470589 0.7652529027149321 0.5683943823529412 0.7603650814479638 0.5495359595588235 0.7486965904977376 0.5623164522058823 0.7590638371040724 0.5776656801470589
0 0.7078590384615384 0.44895536029411764 0.6858233009049773 0.44638662500000004 0.6822751108597286 0.4751971286764705 0.6913809366515837 0.48907951470588235 0.7036012081447964 0.4835279632352942 0.7078590384615384 0.44895536029411764
0 0.6898038031674208 0.5135947610294118 0.6546020904977375 0.48912864338235296 0.632132608597285 0.49593648161764703 0.6215278574660633 0.5527714301470588 0.6404491470588236 0.5747740955882352 0.6594102647058824 0.5671801948529411 0.6775835316742082 0.5191463125 0.6898038031674208 0.5135947610294118
0 0.5760371108597285 0.5591581654411765 0.5990981990950226 0.529982705882353 0.6143153891402715 0.5059573492647058 0.5988621312217195 0.49677166911764703 0.5433980633484162 0.5080291691176471 0.5364993597285068 0.5230625661764706 0.5437521606334842 0.5578457242647059 0.564266794117647 0.5781341801470589 0.5760371108597285 0.5591581654411765
0 0.8214294841628959 0.3405843492647059 0.8194982511312218 0.31528304411764707 0.8092490384615385 0.3165393345588235 0.8054249547511313 0.34173536397058824 0.8214294841628959 0.3405843492647059
0 0.8271065927601811 0.29448754411764705 0.8304969276018099 0.2786680845588235 0.815202036199095 0.2740569963235294 0.8158718484162897 0.2978914632352941 0.8271065927601811 0.29448754411764705
0 0.9013753574660633 0.1832319742647059 0.9064608574660634 0.15950278676470586 0.8934129162895927 0.15421091544117646 0.889588834841629 0.17940694852941177 0.9013753574660633 0.1832319742647059
0 0.8875011832579186 0.0617014705882353 0.8923107918552036 0.03435780882352941 0.8770159027149321 0.02974672426470588 0.8709448733031674 0.05562354044117647 0.8875011832579186 0.0617014705882353
0 0.8908118687782806 0.10507514338235294 0.8953455904977375 0.07411701102941176 0.8780796402714932 0.07380118014705882 0.8742555588235293 0.09899721323529412 0.8908118687782806 0.10507514338235294
0 0.7884761606334841 0.21004223161764707 0.7804738981900453 0.21061773897058822 0.7873327760180995 0.22518090441176472 0.7884761606334841 0.21004223161764707
0 0.7847302895927603 0.2814403492647059 0.7855977850678733 0.26268719852941175 0.7750726809954751 0.26032901838235295 0.7732196583710407 0.2812297941176471 0.7847302895927603 0.2814403492647059
0 0.7572962126696832 0.11779246691176472 0.7428289954751132 0.12402479779411764 0.7568624660633484 0.12716904044117647 0.7572962126696832 0.11779246691176472
0 0.580139959276018 0.3267861764705882 0.5788387171945701 0.35491589705882354 0.5976419751131222 0.3603130441176471 0.6099404547511312 0.40096358088235295 0.6405302352941177 0.41018575 0.671199665158371 0.3602147904411765 0.6650902466063349 0.3102929558823529 0.6397039999999999 0.29394711764705883 0.6090743959276018 0.31432151102941175 0.6034371153846153 0.3308217536764706 0.580139959276018 0.3267861764705882
0 0.6385620542986425 0.20369057720588235 0.6154227556561086 0.18666395220588236 0.5981169819004525 0.21594469117647058 0.5997723257918552 0.2376315257352941 0.6114009909502263 0.25444759926470584 0.6283910497737557 0.251148955882353 0.6385222285067874 0.23328714338235296 0.6385620542986425 0.20369057720588235
0 0.5694982624434389 0.20242726470588235 0.5723368122171946 0.17937886029411765 0.5615358212669683 0.17340620588235295 0.5554647895927601 0.19928302205882353 0.5694982624434389 0.20242726470588235
0 0.5309076515837104 0.08838538602941177 0.5271632194570136 0.05438828676470588 0.5087538846153846 0.06921113235294117 0.5164404343891402 0.0946177169117647 0.5309076515837104 0.08838538602941177
0 0.3611265475113122 0.03258212867647059 0.33964259502262445 0.03724234191176471 0.3369619004524887 0.047299698529411766 0.34874842081447965 0.05112472426470588 0.3456339773755656 0.0705586544117647 0.35939155656108596 0.07008842279411764 0.3672757895927602 0.05290739705882353 0.3611265475113122 0.03258212867647059
0 0.2748750158371041 0.07720506985294118 0.25425855882352943 0.06311213602941176 0.24511290950226244 0.07882631617647058 0.25181392760180993 0.1063805330882353 0.26781845701357465 0.10522951470588235 0.2748750158371041 0.07720506985294118
0 0.1049331809954751 0.24518329044117645 0.12460393438914028 0.2318272867647059 0.14943839819004526 0.2409441838235294 0.14498432579185522 0.2127091875 0.13390744117647058 0.2031220625 0.1000453597285068 0.22632486764705884 0.1049331809954751 0.24518329044117645
0 0.10296356108597286 0.14408333455882352 0.10804906108597286 0.12035414338235295 0.09275417194570135 0.11574305882352942 0.08893008823529412 0.1409390919117647 0.10296356108597286 0.14408333455882352
0 0.3141738235294118 0.2908800625 0.3192593257918552 0.2671508713235294 0.3036885475113122 0.2589253161764706 0.29789340497737554 0.28841660294117644 0.3141738235294118 0.2908800625
0 0.324302128959276 0.4838086801470588 0.32938762895927604 0.46007949264705883 0.31409273981900454 0.4554684044117647 0.3102686561085973 0.48066444117647056 0.324302128959276 0.4838086801470588
0 0.25042872398190047 0.5098890257352942 0.2583129547511312 0.4927079999999999 0.24329395475113122 0.49171138970588235 0.23864220135746608 0.506064 0.25042872398190047 0.5098890257352942
0 0.0019617285067873302 0.718300205882353 0.00026656334841628957 0.7262099375 0.002363330316742081 0.7536799301470589 0.003735106334841629 0.7565925625 0.03700558371040724 0.755757375 0.04488981221719457 0.7385763492647058 0.03523220588235294 0.717465018382353 0.0019617285067873302 0.718300205882353