0 0.7101929059139784 0.35687865037593985 0.8624714381720431 0.2381815977443609 0.803828626344086 0.2690173646616541 0.7828538037634408 0.2423693796992481 0.7430088333333333 0.2529747030075188 0.7346301344086023 0.2676402969924812 0.7401891370967743 0.28747865789473687 0.680349370967742 0.320409507518797 0.6642266102150538 0.3401817218045113 0.6661947392473119 0.36630533834586465 0.6408497930107526 0.3895473120300752 0.6458464731182796 0.4019217819548872 0.6981510268817204 0.3948523609022556 0.7133579946236559 0.3809071804511278 0.7101929059139784 0.35687865037593985
0 0.45747461559139785 0.3472463646616541 0.44846128225806453 0.3714709360902255 0.38270904301075265 0.3978543458646617 0.3242831639784946 0.377621515037594 0.23967692741935484 0.29761142105263155 0.23369214247311826 0.3080868496240602 0.28310469086021506 0.35254425187969923 0.2857074569892473 0.36910888721804513 0.23375637634408603 0.36288738721804514 0.16505597311827958 0.3141736729323308 0.11338605376344085 0.3116841203007519 0.1169046129032258 0.32242172932330826 0.17153077150537635 0.3281850037593985 0.285844 0.4068865639097744 0.29288112096774194 0.4283617819548872 0.3255443521505376 0.4303269661654135 0.3447598951612903 0.4516061503759398 0.2709101155913979 0.49638709774436096 0.2450751559139785 0.49514231954887217 0.2916841666666667 0.43045686842105263 0.28485589516129034 0.4297364586466166 0.18558886021505377 0.5147822481203007 0.09871717473118279 0.5485634060150376 0.07442456720430107 0.6037560263157895 0.09286085752688171 0.6686399097744361 0.11742654838709678 0.6890026353383458 0.19373447580645162 0.6948320526315789 0.2111907365591398 0.7107424285714287 0.2638487634408602 0.690382090225564 0.28693633602150537 0.709107954887218 0.31678794892473117 0.6737536954887218 0.3980925510752688 0.691957582706767 0.4515298306451613 0.627992537593985 0.45751461559139783 0.617517112781955 0.4456896666666667 0.6044222330827068 0.47378199731182796 0.5636991691729324 0.5123577016129032 0.5722117969924811 0.521089873655914 0.5442552819548873 0.5420646962365592 0.5709032631578947 0.566847317204301 0.5401973947368421 0.611407809139785 0.5382345977443609 0.5389076827956989 0.47505132706766917 0.5366583897849463 0.44519577067669175 0.5649676505376344 0.3534041090225564 0.5565247204301076 0.31326916541353383 0.5378715000000001 0.2994538759398496 0.4932387016129032 0.3184395413533835 0.45747461559139785 0.3472463646616541
0 0.35209433333333334 0.33316650375939855 0.35462478763440863 0.366754007518797 0.37954395430107524 0.3738258157894737 0.39573902419354845 0.33703073308270676 0.39229277419354835 0.30927025939849623 0.37581654032258066 0.34233339849624056 0.35209433333333334 0.33316650375939855
0 0.437142502688172 0.2392160037593985 0.4440430833333333 0.22291354511278197 0.4256710268817205 0.2128302030075188 0.42052972849462367 0.23450146240601505 0.437142502688172 0.2392160037593985
0 0.6612784489247312 0.2650845977443609 0.6738103413978495 0.25159763909774435 0.6688136612903226 0.23922316917293235 0.6387531962365591 0.25382262030075187 0.6612784489247312 0.2650845977443609
0 0.6839402392473118 0.3141242518796993 0.6961909704301076 0.29690534586466166 0.6593745483870967 0.293761522556391 0.6402955483870968 0.310260022556391 0.6839402392473118 0.3141242518796993
0 0.8973197284946236 0.21520180451127818 0.875284491935484 0.2284265827067669 0.8892221935483872 0.23359934210526315 0.8973197284946236 0.21520180451127818
0 0.9506123870967742 0.1852824887218045 0.9565248629032258 0.19182992857142858 0.966756561827957 0.18377712030075188 0.9659377392473119 0.17290865413533835 0.9619473225806452 0.1738906165413534 0.9506123870967742 0.1852824887218045
0 0.6666685994623656 0.5344388984962406 0.6384397258064517 0.5373842894736842 0.6612461397849463 0.5523782142857143 0.6499112016129032 0.5637700902255639 0.7019345940860214 0.5529687255639099 0.6666685994623656 0.5344388984962406
0 0.6710468010752688 0.4127255338345865 0.6276832688172043 0.41259325187969925 0.6203649838709677 0.3873860827067669 0.5498972258064516 0.4051269736842105 0.6789997150537634 0.4283737255639098 0.6710468010752688 0.4127255338345865
0 0.6457822392473118 0.34712124436090225 0.6663393575268818 0.3322596052631579 0.5537050241935484 0.34777312030075186 0.5563077903225806 0.3643377593984962 0.6457822392473118 0.34712124436090225
0 0.104461188172043 0.1752390187969925 0.17041420430107526 0.24143382330827065 0.19976772311827956 0.2534162067669173 0.104461188172043 0.1752390187969925
0 0.31706103494623655 0.7493090413533835 0.21295001612903225 0.7161112330827067 0.3502142768817204 0.775760984962406 0.31706103494623655 0.7493090413533835
0 0.03329456182795699 0.14773833834586467 0.02139730376344086 0.15166632330827065 0.03294108870967742 0.16102925939849622 0.03329456182795699 0.14773833834586467
0 0.4536025806451613 0.3497996766917293 0.45247793548387094 0.3348718947368421 0.47240042204301075 0.32956923308270675 0.47275389247311833 0.31627831203007517 0.4305873172043011 0.31405093984962407 0.4305150080645161 0.33107380827067673 0.44712778494623656 0.33578834586466166 0.4399460430107527 0.34835885714285714 0.4536025806451613 0.3497996766917293
0 0.7354574650537634 0.42248293984962404 0.7191981586021505 0.4044774812030075 0.694206682795699 0.41442853759398496 0.7048346747311829 0.4296185 0.7354574650537634 0.42248293984962404