0 0.42333333333333334 0.7351190476190477 0.43666666666666665 0.7172619047619048 0.44166666666666665 0.6964285714285714 0.46166666666666667 0.6726190476190477 0.485 0.6785714285714286 0.5116666666666667 0.7023809523809523 0.525 0.7023809523809523 0.5316666666666666 0.6845238095238095 0.5516666666666666 0.6964285714285714 0.5783333333333334 0.6785714285714286 0.5833333333333334 0.6696428571428571 0.58 0.5684523809523809 0.5933333333333334 0.5505952380952381 0.59 0.5327380952380952 0.5966666666666667 0.5208333333333334 0.5933333333333334 0.46726190476190477 0.5783333333333334 0.4523809523809524 0.5616666666666666 0.4523809523809524 0.5516666666666666 0.4107142857142857 0.5416666666666666 0.4107142857142857 0.5316666666666666 0.44047619047619047 0.5266666666666666 0.43154761904761907 0.5266666666666666 0.38392857142857145 0.515 0.375 0.5 0.40773809523809523 0.495 0.44047619047619047 0.4683333333333333 0.4523809523809524 0.45166666666666666 0.44642857142857145 0.43666666666666665 0.46726190476190477 0.44 0.4791666666666667 0.435 0.4880952380952381 0.415 0.49404761904761907 0.41 0.5208333333333334 0.41333333333333333 0.5386904761904762 0.4066666666666667 0.5505952380952381 0.41 0.5863095238095238 0.3983333333333333 0.5892857142857143 0.39666666666666667 0.6041666666666666 0.4033333333333333 0.6220238095238095 0.40166666666666667 0.6428571428571429 0.4266666666666667 0.6458333333333334 0.4033333333333333 0.6875 0.4 0.7351190476190477
0 0.6 0.7291666666666666 0.6033333333333334 0.7113095238095238 0.5983333333333334 0.7023809523809523 0.5883333333333334 0.7023809523809523 0.5833333333333334 0.7113095238095238 0.585 0.7321428571428571
0 0.66 0.7767857142857143 0.655 0.7678571428571429 0.6466666666666666 0.7708333333333334 0.6483333333333333 0.7797619047619048
0 0.7166666666666667 0.9732142857142857 0.72 0.9672619047619048 0.72 0.9494047619047619 0.7116666666666667 0.9464285714285714 0.7066666666666667 0.9553571428571429 0.7066666666666667 0.9613095238095238 0.715 0.9761904761904762
0 0.35 0.6160714285714286 0.35333333333333333 0.6101190476190477 0.35 0.5922619047619048 0.345 0.5833333333333334 0.335 0.5773809523809523 0.33 0.5863095238095238 0.33 0.6041666666666666 0.3416666666666667 0.6190476190476191
0 0.3 0.6279761904761905 0.29833333333333334 0.6071428571428571 0.2916666666666667 0.6071428571428571 0.2866666666666667 0.6160714285714286 0.2866666666666667 0.6220238095238095 0.2916666666666667 0.6309523809523809
0 0.14 0.6101190476190477 0.14666666666666667 0.6041666666666666 0.14166666666666666 0.5892857142857143 0.11666666666666667 0.5922619047619048 0.11666666666666667 0.5982142857142857 0.12166666666666667 0.6071428571428571 0.12833333333333333 0.6071428571428571 0.13166666666666665 0.6130952380952381
0 0.16666666666666666 0.6636904761904762 0.165 0.6488095238095238 0.15333333333333332 0.6517857142857143 0.155 0.6666666666666666
0 0.37333333333333335 0.44345238095238093 0.36833333333333335 0.43452380952380953 0.36333333333333334 0.4375 0.365 0.44642857142857145
0 0.5433333333333333 0.36607142857142855 0.5466666666666666 0.3601190476190476 0.5466666666666666 0.34226190476190477 0.5416666666666666 0.3333333333333333 0.5383333333333333 0.3333333333333333 0.5333333333333333 0.34226190476190477 0.5333333333333333 0.36607142857142855
0 0.5233333333333333 0.7648809523809523 0.5266666666666666 0.7589285714285714 0.525 0.75 0.52 0.7529761904761905 0.52 0.7648809523809523
0 0.36333333333333334 0.33630952380952384 0.36333333333333334 0.3244047619047619 0.35833333333333334 0.31547619047619047 0.35 0.31845238095238093 0.35 0.3244047619047619 0.35833333333333334 0.3392857142857143
0 0.43666666666666665 0.3482142857142857 0.43666666666666665 0.33035714285714285 0.43166666666666664 0.32142857142857145 0.42833333333333334 0.32142857142857145 0.4266666666666667 0.33630952380952384 0.43 0.3482142857142857
0 0.43333333333333335 0.36607142857142855 0.43333333333333335 0.3601190476190476 0.42833333333333334 0.35119047619047616 0.42333333333333334 0.3541666666666667 0.425 0.36904761904761907
0 0.47 0.24107142857142858 0.47333333333333333 0.23511904761904762 0.47333333333333333 0.22321428571428573 0.465 0.22023809523809523 0.4633333333333333 0.23511904761904762 0.4683333333333333 0.24404761904761904
0 0.58 0.4017857142857143 0.58 0.38392857142857145 0.575 0.375 0.5716666666666667 0.375 0.57 0.4017857142857143
0 0.5966666666666667 0.44345238095238093 0.5966666666666667 0.43154761904761907 0.5916666666666667 0.42857142857142855 0.59 0.44345238095238093
0 0.38333333333333336 0.5386904761904762 0.37833333333333335 0.5238095238095238 0.37 0.5267857142857143 0.37166666666666665 0.5416666666666666
0 0.39 0.5803571428571429 0.3933333333333333 0.5684523809523809 0.3883333333333333 0.5595238095238095 0.38166666666666665 0.5595238095238095 0.38 0.5744047619047619 0.385 0.5833333333333334
0 0.4166666666666667 0.49107142857142855 0.40166666666666667 0.4642857142857143 0.39 0.4732142857142857 0.39166666666666666 0.48214285714285715 0.405 0.48214285714285715 0.4116666666666667 0.49404761904761907
0 0.43666666666666665 0.45535714285714285 0.44 0.4494047619047619 0.43666666666666665 0.4375 0.42833333333333334 0.43452380952380953 0.4266666666666667 0.44345238095238093 0.435 0.4583333333333333
0 0.53 0.17559523809523808 0.5283333333333333 0.16071428571428573 0.52 0.1636904761904762 0.5216666666666666 0.17261904761904762 0.5283333333333333 0.17857142857142858
0 0.58 0.16964285714285715 0.5783333333333334 0.14285714285714285 0.575 0.1488095238095238 0.5683333333333334 0.1488095238095238 0.5633333333333334 0.15773809523809523 0.5633333333333334 0.1636904761904762 0.5716666666666667 0.17261904761904762
0 0.39 0.2113095238095238 0.3983333333333333 0.20833333333333334 0.40166666666666667 0.20238095238095238 0.405 0.20833333333333334 0.4116666666666667 0.20833333333333334 0.41333333333333333 0.19940476190476192 0.405 0.19047619047619047 0.40166666666666667 0.19642857142857142 0.38166666666666665 0.17857142857142858 0.37666666666666665 0.20535714285714285 0.385 0.20833333333333334 0.3883333333333333 0.21428571428571427
0 0.5933333333333334 0.6934523809523809 0.5916666666666667 0.6785714285714286 0.5883333333333334 0.6785714285714286 0.5833333333333334 0.6875 0.585 0.6964285714285714
0 0.36 0.6994047619047619 0.35833333333333334 0.6845238095238095 0.3466666666666667 0.6875 0.34833333333333333 0.7023809523809523
0 0.27666666666666667 0.6755952380952381 0.2816666666666667 0.6666666666666666 0.29 0.6636904761904762 0.2816666666666667 0.6607142857142857 0.275 0.6488095238095238 0.26666666666666666 0.6577380952380952 0.26666666666666666 0.6696428571428571 0.27166666666666667 0.6785714285714286
0 0.31 0.6398809523809523 0.30333333333333334 0.6279761904761905 0.30333333333333334 0.6160714285714286 0.31 0.6101190476190477 0.30833333333333335 0.5952380952380952 0.3016666666666667 0.5952380952380952 0.2833333333333333 0.6160714285714286 0.2866666666666667 0.6220238095238095 0.2833333333333333 0.6339285714285714 0.285 0.6428571428571429