0 0.5028329514824799 0.8124694115523465 0.48463861927223717 0.8146403898916967 0.4761793274932615 0.8183246064981949 0.4857335485175202 0.8212469945848376 0.49982826886792453 0.8190636561371841 0.5028329514824799 0.8124694115523465
0 0.494596826819407 0.8480579034296029 0.4993181455525606 0.8415430288808664 0.4987087392183288 0.8361991931407942 0.4682278739892183 0.8264620207581227 0.46394744339622646 0.827858809566787 0.45971164690026955 0.835636453068592 0.468768045148248 0.8491671416967509 0.4665312702156334 0.8565056462093863 0.4623300909703504 0.8556026462093863 0.4610197270889488 0.8590858339350181 0.47692034973045827 0.8697435749097473 0.49470841105121294 0.8640100406137184 0.494596826819407 0.8480579034296029
0 0.4435855721024259 0.8200070054151625 0.4483615397574124 0.8349344828519856 0.4534668126684636 0.828791738267148 0.4473804797843666 0.8173474467509025 0.4435855721024259 0.8200070054151625
0 0.440107667115903 0.8134674106498195 0.4450990721024259 0.8183050965703971 0.4537615 0.8164021579422382 0.45497029582210247 0.8120283312274368 0.45175246159029653 0.8017797996389892 0.44023383625336926 0.7906159079422382 0.4383363827493261 0.7919456868231047 0.440107667115903 0.8134674106498195
0 0.43645351347708894 0.7544718276173286 0.43516546630727765 0.7611454422382672 0.43156367654986527 0.7505247806859205 0.42674079043126684 0.7561490162454874 0.4315736933962264 0.7655862788808664 0.43603494204851756 0.7627803402527076 0.44714729582210244 0.7703816750902527 0.45255727156334236 0.7669108474729242 0.4509991388140162 0.7622319016245488 0.44364707479784365 0.7606516525270759 0.44234901078167116 0.7522637698555956 0.43645351347708894 0.7544718276173286
0 0.44129871698113204 0.7520380189530685 0.4370652041778976 0.7328830947653429 0.43049106536388143 0.7471086037906137 0.4355271030997305 0.7583271435018051 0.44008991981132073 0.75641184566787 0.44129871698113204 0.7520380189530685
0 0.4453905956873316 0.7100563131768953 0.443198454851752 0.7237756714801444 0.45547497237196766 0.7206223249097473 0.44995341239892184 0.7081410144404332 0.4453905956873316 0.7100563131768953
0 0.4538129865229111 0.7419853077617329 0.4490024009433962 0.7357384729241877 0.44454115229110513 0.7385444097472924 0.4471149636118598 0.752129749097473 0.4504466657681941 0.7513978492779784 0.4538129865229111 0.7419853077617329
0 0.4674736718328841 0.6641223501805055 0.47028523584905657 0.6708083240072202 0.4750933025606469 0.6739964124548736 0.4778750518867924 0.6654892084837545 0.4690217897574124 0.653739797833935 0.46683193261455525 0.6405265893501805 0.4649344784366577 0.6418563673285199 0.4674736718328841 0.6641223501805055
0 0.519309769541779 0.6874272924187725 0.5156164292452831 0.6909774891696752 0.5207094009433962 0.6967058140794224 0.5285023530997305 0.6931679774368231 0.5298696516172506 0.6841945740072202 0.521638096361186 0.665917928700361 0.519074301212938 0.6673940884476535 0.519309769541779 0.6874272924187725
0 0.5253391684636118 0.7043617987364621 0.529461096361186 0.7075645857400723 0.5313362331536389 0.7030443790613718 0.5284231017520216 0.6954677653429603 0.5253391684636118 0.7043617987364621
0 0.5205039811320755 0.7218571046931408 0.5211234043126685 0.7422624377256317 0.5260255411051212 0.7343384142599279 0.5230677762803234 0.7203809458483754 0.5205039811320755 0.7218571046931408
0 0.5413167580862533 0.7396523203971119 0.5423224191374663 0.733497214801444 0.5387429467654987 0.7260669810469315 0.5321364750673854 0.7220405640794224 0.5308484272237196 0.728714178700361 0.5336030566037736 0.740890369133574 0.5413167580862533 0.7396523203971119