0 0 0.5422922423076922 0.01384485635359116 0.5400973961538461 0.022966151933701655 0.5212984192307692 0.017994881215469615 0.5036489923076922 0 0.50568405 0 0.5422922423076922
0 0.20702866022099445 0.5371279807692309 0.20706653038674033 0.513803926923077 0.1886564944751381 0.5145533769230769 0.18747846132596685 0.5402273000000001 0.20702866022099445 0.5371279807692309
0 0.1634054806629834 0.5294020615384615 0.16392971270718232 0.48647881923076924 0.13643624585635358 0.4827031923076923 0.13477185359116023 0.5279763076923077 0.1634054806629834 0.5294020615384615
0 0.10247455524861879 0.5433997692307693 0.10613822375690608 0.5265505576923076 0.09318581767955801 0.5253502384615384 0.09066231215469614 0.539849576923077 0.10247455524861879 0.5433997692307693
0 0.11006103314917128 0.6300464615384616 0.11372469889502762 0.6131972538461539 0.10305261878453038 0.6072971884615385 0.09780029834254145 0.6227714115384616 0.11006103314917128 0.6300464615384616
0 0.06766971546961326 0.7034672846153847 0.07951983149171271 0.683693423076923 0.057483997237569064 0.6779680307692308 0.05312865745856354 0.7008919769230769 0.06766971546961326 0.7034672846153847
0 0.17573601104972375 0.7736424846153845 0.17988603867403316 0.7371940846153846 0.14330914364640884 0.7288933884615385 0.14164474861878454 0.7741665038461538 0.17573601104972375 0.7736424846153845
0 0.22313646685082875 0.6945470384615385 0.22362282872928177 0.67494785 0.21067041988950277 0.6737475346153846 0.20631508011049723 0.6966714807692307 0.22313646685082875 0.6945470384615385
0 0.25674136740331494 0.7136222153846153 0.259956544198895 0.6930481423076923 0.24292984806629836 0.681648123076923 0.23584569337016575 0.7055469538461538 0.25674136740331494 0.7136222153846153
0 0.16056305524861877 0.6003490961538461 0.15628345580110498 0.5766249423076922 0.1319294281767956 0.5989233461538461 0.1375923674033149 0.6104980384615385 0.16056305524861877 0.6003490961538461
0 0.23106377071823203 0.5712772730769231 0.21676589226519336 0.5589023692307692 0.1746934944751381 0.5758754884615385 0.18080492817679558 0.5911750423076924 0.23106377071823203 0.5712772730769231
0 0.3111283314917127 0.8107448076923077 0.32709060220994474 0.7778465961538462 0.29279403038674034 0.764846153846154 0.2866068591160221 0.7961947076923077 0.3111283314917127 0.8107448076923077
0 0.3463437900552486 0.6777262076923076 0.3147760331491713 0.6637508807692308 0.30357972375690606 0.7007740615384616 0.31559727900552487 0.7178487076923077 0.33628763812154694 0.7123995153846153 0.3463437900552486 0.6777262076923076
0 0.49603398895027623 0.7272034307692308 0.5085379033149171 0.7246788846153845 0.4962771685082873 0.7174038346153847 0.49065209392265197 0.6825050923076923 0.4751761850828729 0.6958041153846154 0.4388424696132597 0.6777038192307692 0.39942314917127075 0.7403501615384616 0.39800193646408843 0.7758236807692308 0.4125051270718232 0.8017230384615385 0.43816675966850827 0.813923273076923 0.4693238922651934 0.8008496807692307 0.5057712182320442 0.7489778192307692 0.4935104834254143 0.7417027692307693 0.49603398895027623 0.7272034307692308
0 0.35015893370165746 0.5675807884615385 0.3456740248618784 0.530332176923077 0.3172835773480663 0.5191068269230769 0.277696817679558 0.5449046615384615 0.2746869502762431 0.5790031923076923 0.3438960220994475 0.6455774423076923 0.42540370165745856 0.6961026923076924 0.4458887541436464 0.6771290461538462 0.3943223093922652 0.6625281807692308 0.31827225966850825 0.6100531615384616 0.32307608839779006 0.5908540769230769 0.35015893370165746 0.5675807884615385
0 0.2687429585635359 0.6005521461538462 0.27558393370165746 0.5864529115384616 0.2594542209944751 0.5825026192307693 0.25737920718232044 0.6007268192307692 0.2687429585635359 0.6005521461538462
0 0.27199600552486186 0.5566540192307692 0.2745195110497238 0.5421546807692308 0.23244711602209944 0.5591278038461539 0.2381100552486188 0.5707024923076922 0.27199600552486186 0.5566540192307692
0 0.4708427541436464 0.5652592961538462 0.4602085414364641 0.5360351807692307 0.4277438038674033 0.5146101346153846 0.3919881519337016 0.5604072615384615 0.3955760801104973 0.59020615 0.42303167679558007 0.6173058269230769 0.4566744447513812 0.6130569499999999 0.4812716546961326 0.5809589538461538 0.620570820441989 0.5914124653846154 0.5622012707182321 0.5675867807692307 0.5050097513812154 0.5180871769230769 0.483179226519337 0.5258862423076923 0.4708427541436464 0.5652592961538462
0 0.2468426408839779 0.3713858346153846 0.28517562983425415 0.4179100307692308 0.3267616629834254 0.4205361 0.35384451104972375 0.39726281153846155 0.36593780386740327 0.36768935384615387 0.36511656353591165 0.31359152692307696 0.32906389779005524 0.2623675923076923 0.27587092817679554 0.26971578846153843 0.24602139779005525 0.31728801153846153 0.2468426408839779 0.3713858346153846
0 0.26295639226519335 0.24519141923076923 0.270283726519337 0.2114929923076923 0.24234176795580112 0.2039925076923077 0.23660308839779004 0.23906592307692306 0.26295639226519335 0.24519141923076923
0 0.49305197513812155 0.3242197115384615 0.47211843370165746 0.3394685 0.4457651298342541 0.33334300769230774 0.41729893922651934 0.3687657615384615 0.41995201657458564 0.41443898461538464 0.4401560193370166 0.4285889769230769 0.46039788950276245 0.4194149230769231 0.47839730662983426 0.3916165576923077 0.49611567127071826 0.39694184615384615 0.5082089668508287 0.36736838846153846 0.5082468370165746 0.3440443384615384 0.49305197513812155 0.3242197115384615
0 0.4226429613259668 0.43678815 0.41518605524861874 0.4103140153846154 0.3853743977900552 0.4345621884615385 0.3914858287292818 0.4498617346153846 0.4226429613259668 0.43678815
0 0.30346204143646405 0.0733745423076923 0.3045643370165746 0.09434871923076923 0.31547959668508285 0.09044918846153846 0.30346204143646405 0.0733745423076923
0 0.5479093370165745 0.2715984 0.5483956988950276 0.25199921153846155 0.5381721049723757 0.24982401153846157 0.5360970939226519 0.2680482115384616 0.5479093370165745 0.2715984
0 0.5147529281767956 0.25624808846153846 0.5166226325966851 0.22449943076923076 0.5048103895027625 0.22094923846153847 0.4984936464088398 0.19212523076923077 0.4823639309392265 0.18817493461538462 0.47845708563535916 0.21482374230769233 0.49935275690607733 0.2228990076923077 0.5029406850828729 0.25269789615384614 0.5147529281767956 0.25624808846153846
0 0.6119039585635359 0.33032282307692307 0.6434338453038675 0.3676222 0.6589097541436464 0.35432318076923075 0.6845713895027624 0.3665234076923077 0.6758985801104972 0.38904725 0.6790380193370166 0.41512127692307693 0.690401770718232 0.4149466076923077 0.6973184861878453 0.3541992730769231 0.6668908922651934 0.3378740730769231 0.6503505580110498 0.3068748653846154 0.6139789751381216 0.31209862307692304 0.6119039585635359 0.33032282307692307
0 0.5534048370165746 0.24632458461538462 0.5569170276243094 0.3227715769230769 0.5750838839779006 0.33182172307692304 0.6099046850828729 0.30189892307692306 0.6219979806629835 0.2723254692307692 0.6193449033149171 0.22665224615384616 0.6325404889502763 0.21805296923076925 0.5996272624309392 0.1929030576923077 0.5677784585635359 0.21205138461538464 0.5534048370165746 0.24632458461538462
0 0.9480286906077349 0.47442647307692304 0.9494120359116023 0.46227700384615383 0.9028925966850829 0.4186774615384615 0.8747074613259668 0.42097657307692304 0.8596800386740332 0.4380004538461538 0.8447283591160222 0.4083762384615385 0.8267289419889502 0.43617459615384613 0.8896212707182319 0.47392484230769233 0.9480286906077349 0.47442647307692304
0 0.7739844640883977 0.4472476576923077 0.7754056767955801 0.4117741384615385 0.7447349033149172 0.4052485346153846 0.7490902403314916 0.3823245923076923 0.7329605276243093 0.37837429230769226 0.7358567872928177 0.41424791923076926 0.7512948259668508 0.42427295000000004 0.7544342624309393 0.45034697692307696 0.7739844640883977 0.4472476576923077
0 0.7754754696132597 0.6487395153846154 0.7673647624309392 0.6050160653846154 0.746225908839779 0.6067403961538461 0.7432160441988951 0.640838926923077 0.7754754696132597 0.6487395153846154
0 0.7159278867403315 0.6505877576923077 0.7127884502762432 0.6245137269230769 0.6953132651933702 0.60938885 0.6917791685082872 0.6864106192307692 0.7008625966850829 0.6909356923076924 0.7159278867403315 0.6505877576923077
0 0.8341917928176795 0.17903525384615385 0.8057634751381215 0.19113395769230768 0.8371259198895027 0.19158482692307693 0.8341917928176795 0.17903525384615385
0 0.8732921961325967 0.17283661153846155 0.8421350607734807 0.18591019615384616 0.8739459944751381 0.19008592692307694 0.8732921961325967 0.17283661153846155
0 0.8803006077348066 0.19558588461538462 0.8982242872928177 0.2144356269230769 0.9660114558011049 0.1982848076923077 0.9648790220994475 0.18887957307692307 0.9214760248618784 0.17116304230769233 0.8803006077348066 0.19558588461538462
0 0.7000692071823205 0.19975562307692307 0.6734348535911602 0.22675377307692307 0.6784061243093923 0.24440319615384618 0.700890453038674 0.25385344615384614 0.7432060276243093 0.22708073076923077 0.7934270027624309 0.23050701153846154 0.7073208038674034 0.2127053 0.7000692071823205 0.19975562307692307
0 0.18898135911602212 0.17449220000000001 0.20144740607734807 0.19529170384615385 0.2303242127071823 0.18691786153846154 0.2367166961325967 0.16909376923076921 0.2251476325966851 0.15574398461538463 0.20787775690607738 0.15414356153846154 0.18898135911602212 0.17449220000000001