0 0.6878810528052804 0.12673123200992556 0.682392353960396 0.11914914019851117 0.6536637219471947 0.13158301612903225 0.6333408275577558 0.15320441439205956 0.5937692475247525 0.15914442555831265 0.5722562136963696 0.15730424689826303 0.5187329207920792 0.16942512531017367 0.5064508316831683 0.17670032630272955 0.4873942153465346 0.17340510794044667 0.4685492202970297 0.2104010024813896 0.4730401930693069 0.2335740124069479 0.47852889108910895 0.24115610297766749 0.4941310198019802 0.2348309540942928 0.5071614892739273 0.22252914392059553 0.5351993613861386 0.2188377270471464 0.552413491749175 0.20989106203473948 0.6011776047854785 0.2105891960297767 0.6209057739273927 0.20390333995037221 0.6384656303630363 0.21725177667493795 0.6566202103960397 0.2156646699751861 0.6797071790429043 0.23907242803970222 0.7062479447194719 0.21876789702233249 0.7106041237623762 0.2066042617866005 0.7094908118811881 0.18809715260545903 0.701027452970297 0.17519378163771712 0.7063240825082509 0.1703897047146402 0.710526951320132 0.17498346526054592 0.7091450874587458 0.16580205210918111 0.6907408168316832 0.15128714143920596 0.6878810528052804 0.12673123200992556
0 0.6694222665016502 0.3484974367245658 0.6604025965346535 0.3530068399503722 0.656794797029703 0.3601438660049628 0.663915050330033 0.3930093870967742 0.6681371262376238 0.39884176550868483 0.6651628110561056 0.4201868138957816 0.6563352112211222 0.43708238337468985 0.6564504521452145 0.44451408436724565 0.6586191113861386 0.45114612282878414 0.6627067392739274 0.44830818362282876 0.6656621914191418 0.45239084739454094 0.6751040693069307 0.4484646811414392 0.6987466584158416 0.4011270074441687 0.7040237351485148 0.36841798511166257 0.6989956575907591 0.3638963660049628 0.6978439323432343 0.342912023573201 0.6922591988448845 0.3291368486352357 0.6856959471947195 0.3321912109181141 0.6814930783828382 0.3275974516129032 0.6694222665016502 0.3484974367245658
0 0.6230981237623763 0.5584362791563275 0.6257274042904291 0.5681287890818859 0.6327128638613861 0.5656576650124069 0.6069197879537953 0.5276029280397022 0.590876245049505 0.532106223325062 0.5959235288778878 0.537866459057072 0.5960387706270627 0.545298158808933 0.5921047995049505 0.5580450334987593 0.5918557986798679 0.5952756749379653 0.6008953646864686 0.645337547146402 0.6184356691419142 0.6307810359801489 0.6325791047854785 0.6103200062034739 0.6247108168316832 0.6091474218362283 0.6199132227722772 0.6194892034739454 0.6153457673267327 0.6180280558312655 0.6118905891089109 0.5550750272952854 0.6143470066006601 0.5536199875930521 0.6182429100660066 0.5650622096774194 0.6230981237623763 0.5584362791563275
0 0.5435711699669967 0.5722102977667494 0.5526107359735974 0.6222721699751861 0.5438983778877888 0.6465994404466501 0.5555857409240924 0.6542597803970224 0.5650660321782178 0.6528108473945409 0.5760046707920792 0.6388314665012407 0.5778848803630363 0.6002179243176179 0.5717819051155116 0.5796664305210918 0.5658902054455446 0.5727397196029776 0.5664849298679868 0.5578041761786601 0.5502301113861386 0.548682688585608 0.543398306930693 0.561062746898263 0.5435711699669967 0.5722102977667494
0 0.5769814636963696 0.48867028163771714 0.5840053374587459 0.48867639081885855 0.583487095709571 0.4819000682382134 0.5964023226072607 0.46216655955334984 0.5785547079207921 0.4569052034739454 0.5584808135313531 0.441295959057072 0.5466401394389439 0.4503930148883375 0.5480796245874587 0.46329027791563276 0.5826618869636964 0.4819722096774194 0.5769814636963696 0.48867028163771714
0 0.5095249768976897 0.4548779863523573 0.518160852310231 0.45226257816377174 0.5200606146864686 0.44155398263027296 0.5111558415841585 0.4268287568238213 0.49944927062706274 0.41792980024813897 0.46964574092409245 0.41433380024813893 0.4619695214521452 0.4255473846153846 0.462046349009901 0.4305018511166253 0.4717187095709571 0.44143908560794043 0.5095249768976897 0.4548779863523573
0 0.5077219397689768 0.5251123225806451 0.5096793217821782 0.5181195781637717 0.5035190709570957 0.5205185620347395 0.5031928985148515 0.5261284081885856 0.5077219397689768 0.5251123225806451
0 0.5154365726072607 0.5163759739454094 0.5186221641914192 0.5086557084367246 0.516012090759076 0.5002018151364764 0.5270659702970297 0.4936541327543424 0.5281981452145215 0.48673352977667494 0.5110604966996699 0.4739683325062035 0.5058022813531353 0.4812496426799007 0.5101395990099009 0.4945137196029777 0.5070308349834984 0.5071884516129033 0.5154365726072607 0.5163759739454094
0 0.5401928193069307 0.5142117369727047 0.5452016889438944 0.5174947394540943 0.5484641089108911 0.514728941687345 0.5491356608910891 0.5047478672456576 0.5412481658415842 0.5023366674937966 0.5401928193069307 0.5142117369727047
0 0.5627035792079208 0.5004609950372209 0.5508052838283829 0.5058422009925558 0.5522255618811881 0.5175008473945409 0.5783252590759076 0.5220407915632754 0.5806664348184819 0.5131540508684864 0.5710324892739274 0.5046940496277916 0.5627035792079208 0.5004609950372209
0 0.7508102235973597 0.2948712605459057 0.75343950330033 0.304563770471464 0.7867935569306931 0.323973223325062 0.799094852310231 0.3179366377171216 0.8012439587458745 0.296663729528536 0.7986338861386139 0.28820983622828783 0.7831274471947195 0.2740617406947891 0.7656444191419142 0.2656677717121588 0.7466262161716172 0.2648497866004963 0.7471444587458745 0.27162610794044667 0.7538421592409241 0.2772420607940447 0.7508102235973597 0.2948712605459057
0 0.750830810231023 0.40277519478908186 0.7578546831683168 0.40278130272952856 0.7631128985148515 0.39549999255583124 0.764321555280528 0.3668675272952853 0.755320748349835 0.3459492183622828 0.7470302524752476 0.3441933957816377 0.7328484018151815 0.36217719230769235 0.7329636435643565 0.36960889205955333 0.7424634867986798 0.3960649069478908 0.750830810231023 0.40277519478908186
0 0.8285907260726073 0.2750484416873449 0.8175944678217821 0.28531197270471464 0.8105325255775577 0.30949496029776674 0.8125478737623762 0.3328843957816377 0.8243120651815182 0.3454992009925558 0.8296663151815181 0.34441097642679896 0.8365365321782179 0.3345081501240695 0.8420248869636964 0.31542391191067 0.8373421897689769 0.30653106203473945 0.8332737689768978 0.31060761786600494 0.8303375231023102 0.307763570719603 0.829320245049505 0.29544954590570716 0.8340986320132013 0.28386914888337467 0.8285907260726073 0.2750484416873449