0 0.36540867391304344 0.5605751395348837 0.40686715652173916 0.5971292325581394 0.37983095217391305 0.620297011627907 0.34710560869565216 0.624001011627907 0.3387713347826087 0.6058677945736435 0.3081992869565217 0.6021099341085271 0.2743043130434783 0.6255384341085272 0.21845050869565216 0.6153616046511629 0.17495865217391304 0.6563749457364342 0.09194871304347826 0.5992603255813953 0.0806903652173913 0.6304383488372094 0.11676559130434783 0.6856471085271317 0.1778167 0.7091563953488371 0.28343631304347827 0.6879214069767442 0.3234192826086957 0.7060815542635659 0.35623760434782603 0.686383988372093 0.41101476086956523 0.7002917480620156 0.4638245652173913 0.6896742596899225 0.48470674782608697 0.727010519379845 0.5032227217391304 0.7176966511627907 0.5028238652173913 0.6955717751937984 0.5290893 0.7142533759689922 0.5629842739130434 0.6908248682170544 0.5839594304347826 0.7121675736434109 0.6769381652173913 0.6877231007751938 0.7051709478260869 0.7309299573643411 0.7368196391304348 0.7309568875968991 0.797657843478261 0.7003541705426356 0.7422958739130434 0.6963086550387597 0.7640418043478261 0.675801984496124 0.7390389695652173 0.6214023294573643 0.8765862086956521 0.5522135852713178 0.9412391826086957 0.5005558178294575 0.8828332130434783 0.475715980620155 0.8144584521739131 0.5324352286821705 0.7885918739130434 0.535878507751938 0.7777054347826088 0.5030822790697674 0.8201206391304348 0.46579987596899225 0.7869964391304348 0.447379 0.7558395826086957 0.45348338759689927 0.8214762217391304 0.4140882480620155 0.7762029782608695 0.3985892093023256 0.762485443478261 0.3991106589147287 0.7813073 0.4279152286821706 0.7084130304347827 0.4454462093023256 0.7240979086956522 0.469450019379845 0.7129325391304348 0.484634480620155 0.6760865434782609 0.47127509302325576 0.6221071130434782 0.5016170852713178 0.654619547826087 0.4438010775193798 0.6174676739130435 0.39232325193798445 0.6042419782608696 0.39897601550387596 0.6114066260869565 0.4368337286821706 0.5736968869565218 0.4813172790697674 0.2498863 0.561276531007752 0.25871241304347825 0.5855410620155038 0.2739984347826087 0.5874199961240311 0.2873171086956522 0.5647736705426356 0.3030019869565217 0.588777476744186 0.36540867391304344 0.5605751395348837
0 0.5324661304347826 0.8592652635658915 0.5604860130434783 0.8483601162790698 0.5426478304347826 0.8318181782945737 0.5225633652173913 0.8387316627906977 0.5324661304347826 0.8592652635658915
0 0.6171105869565218 0.8166875736434109 0.6388565130434782 0.7961809031007752 0.6220020043478262 0.7919015891472868 0.5829097304347827 0.8019976356589147 0.6171105869565218 0.8166875736434109
0 0.6483604173913043 0.7945896279069767 0.6794243 0.8044788023255814 0.681391647826087 0.8290040581395349 0.7278345217391304 0.8247786046511628 0.7643746347826087 0.8000195542635659 0.7296819391304348 0.7791982984496124 0.7487827304347827 0.7600221821705426 0.6648160695652173 0.7767440620155038 0.6483604173913043 0.7945896279069767
0 0.5165265739130435 0.33466025581395353 0.5830539130434782 0.3235213100775194 0.683569204347826 0.27296030232558144 0.8458133913043479 0.22005277519379843 0.8883215739130434 0.1667768023255814 0.8430483260869566 0.15127776356589148 0.7442874782608695 0.17225202713178295 0.6923683695652173 0.21112570930232558 0.6121234956521739 0.22278610465116278 0.4619353739130435 0.28876536434108524 0.38276715217391305 0.2966948217054263 0.3647430173913044 0.312140007751938 0.3310339956521739 0.30358138372093024 0.3097799086956522 0.3302193682170543 0.2802845130434783 0.32273057364341085 0.21944630869565218 0.3533332906976744 0.24835688695652175 0.3706843333333333 0.33075506521739134 0.35156207364341086 0.36123412608695654 0.3713135 0.41785870434782607 0.3396409534883721 0.42588709999999996 0.31965573255813956 0.4468622565217391 0.34099843798449614 0.47546695217391305 0.32023103875968995 0.5165265739130435 0.33466025581395353
0 0.1370481391304348 0.3724555465116279 0.1387096 0.35886236821705425 0.11920995652173913 0.3559136085271318 0.11225821304347827 0.3721678953488372 0.1370481391304348 0.3724555465116279
0 0.1277571391304348 0.42815882945736433 0.14538241739130434 0.39058876744186044 0.13274153043478262 0.3873792868217054 0.10207651304347826 0.39961498449612404 0.1277571391304348 0.42815882945736433
0 0.20877277826086957 0.37464906201550385 0.2072972695652174 0.35625512015503874 0.1793703652173913 0.3511667015503876 0.1476286956521739 0.3671333372093023 0.15331783043478261 0.38659710852713175 0.20877277826086957 0.37464906201550385
0 0.1461801304347826 0.43483852325581396 0.14236536956521736 0.4558935697674419 0.1577443608695652 0.44177893798449613 0.1461801304347826 0.43483852325581396
0 0.24386433043478262 0.4175951899224806 0.25502970434782607 0.40241073255813953 0.2434654695652174 0.39547031782945735 0.23073160869565218 0.40825439534883723 0.24386433043478262 0.4175951899224806
0 0.5411305434782608 0.366935031007752 0.5468196826086956 0.3863988023255814 0.5569084043478261 0.37494527906976743 0.5411305434782608 0.366935031007752
0 0.4593441347826087 0.46229417441860465 0.47444420000000004 0.4961602286821706 0.527745847826087 0.49167405038759693 0.5172582608695652 0.4810026976744186 0.5415563565217392 0.4751590348837209 0.5469396086956522 0.45650436821705426 0.5354683565217392 0.4335703914728682 0.4690339956521739 0.4287157713178295 0.4593441347826087 0.46229417441860465
0 0.5336869652173913 0.377058003875969 0.5562306086956522 0.40080108914728685 0.5837586565217391 0.38376462790697674 0.6211894608695653 0.3872617635658915 0.6065812347826087 0.3595270232558139 0.6183314217391305 0.3344803139534884 0.5846224 0.3259216937984496 0.5476834260869565 0.3285558682170543 0.5336869652173913 0.377058003875969
0 0.7736238652173913 0.2978270736434108 0.7397288913043478 0.32125557364341084 0.7807885086956522 0.3356847906976744 0.7364059608695652 0.34844193798449613 0.7389581217391303 0.36310494573643415 0.810283904347826 0.34317358527131786 0.7736238652173913 0.2978270736434108
0 0 0.6551655271317829 0.00299765652173913 0.6567617480620156 0.01308637391304348 0.6453082286821705 0 0.6364448294573644 0 0.6551655271317829
0 0.06687985652173913 0.6469533604651163 0.05599341304347826 0.6141571317829457 0.04070739565217391 0.6122782015503876 0.03689263043478261 0.6333332480620155 0.06687985652173913 0.6469533604651163
0 0.13956121739130434 0.5753103759689923 0.1336861304347826 0.5878337286821705 0.17739089130434785 0.6009323914728683 0.24293455652173915 0.5775308178294574 0.2713532956521739 0.5887505465116278 0.2846719695652174 0.5661042209302326 0.25311625217391304 0.5500837325581396 0.24195087826086956 0.5652681860465116 0.13956121739130434 0.5753103759689923
0 0.4750438347826087 0.8466880503875969 0.47024539565217394 0.855480472868217 0.4866080652173913 0.8536284689922481 0.4750438347826087 0.8466880503875969
0 0.42164921739130434 0.8671677945736433 0.4348749086956522 0.860515031007752 0.42125035217391305 0.8450429186046512 0.4085164956521739 0.857826996124031 0.42164921739130434 0.8671677945736433
0 0.27967544347826084 0.8811747093023256 0.29680888260869565 0.8374733372093023 0.2715271217391304 0.8310543643410853 0.25144265652173914 0.8379678565891473 0.2422446347826087 0.8776775736434108 0.27967544347826084 0.8811747093023256