0 0.59921875 0.2833333333333333 0.61015625 0.2833333333333333 0.61875 0.2972222222222222 0.6265625 0.29583333333333334 0.63828125 0.32083333333333336 0.64453125 0.3194444444444444 0.6484375 0.3111111111111111 0.653125 0.3125 0.67578125 0.38333333333333336 0.67578125 0.42777777777777776 0.66875 0.4583333333333333 0.65625 0.4666666666666667 0.6390625 0.46944444444444444 0.62578125 0.48333333333333334 0.60703125 0.49027777777777776 0.5953125 0.5069444444444444 0.590625 0.5333333333333333 0.5828125 0.5458333333333333 0.58203125 0.5902777777777778 0.5833265625 0.6906263888888888 0.55618671875 0.8257847222222223 0.5654914062499999 0.9126708333333334 0.50703125 0.9083333333333333 0.5015625 0.9027777777777778 0.5015625 0.8958333333333334 0.5046875 0.8708333333333333 0.50859375 0.7319444444444444 0.52421875 0.6416666666666667 0.521875 0.6319444444444444 0.50703125 0.6319444444444444 0.5 0.625 0.49921875 0.6180555555555556 0.50546875 0.6027777777777777 0.5171875 0.5916666666666667 0.53203125 0.5652777777777778 0.53203125 0.5555555555555556 0.52421875 0.5388888888888889 0.51953125 0.5125 0.5203125 0.4444444444444444 0.53046875 0.41805555555555557 0.540625 0.35555555555555557 0.5453125 0.3472222222222222 0.5484375 0.32916666666666666 0.56015625 0.3236111111111111 0.56484375 0.3138888888888889 0.5640625 0.29444444444444445 0.5671875 0.2916666666666667 0.5703125 0.2986111111111111 0.58203125 0.2875
0 0.61640625 0.8944444444444445 0.6203125 0.8958333333333334 0.6234375 0.9069444444444444 0.61953125 0.9125 0.61171875 0.9125 0.60859375 0.9041666666666667
0 0.44921875 0.5555555555555556 0.4546875 0.5597222222222222 0.4546875 0.5805555555555556 0.4515625 0.5958333333333333 0.44609375 0.5972222222222222 0.44140625 0.5791666666666667
0 0.48203125 0.43194444444444446 0.490625 0.43472222222222223 0.4953125 0.44305555555555554 0.490625 0.45555555555555555 0.48359375 0.46111111111111114 0.4765625 0.45555555555555555 0.47734375 0.4388888888888889
0 0.6796875 0.6361111111111111 0.6921875 0.6375 0.696875 0.6444444444444445 0.6984375 0.6680555555555555 0.69453125 0.6763888888888889 0.68203125 0.6694444444444444 0.678125 0.6486111111111111
0 0.73125 0.7055555555555556 0.7375 0.7125 0.74140625 0.7402777777777778 0.7375 0.7638888888888888 0.7296875 0.7722222222222223 0.72578125 0.7472222222222222
0 0.57109375 0.20277777777777778 0.58828125 0.2111111111111111 0.5921875 0.22361111111111112 0.58984375 0.24166666666666667 0.57578125 0.2625 0.56875 0.2652777777777778 0.56484375 0.2625 0.5609375 0.2361111111111111 0.56328125 0.2111111111111111
0 0.45625 0.5430555555555555 0.46015625 0.5444444444444444 0.46015625 0.5458333333333333 0.4609375 0.5458333333333333 0.4609375 0.5486111111111112 0.46015625 0.5486111111111112 0.459375 0.5555555555555556 0.45859375 0.5555555555555556 0.45625 0.5611111111111111 0.4515625 0.5611111111111111 0.4515625 0.5625 0.45078125 0.5625 0.45078125 0.5652777777777778 0.45 0.5652777777777778 0.45 0.5722222222222222 0.44921875 0.5722222222222222 0.44921875 0.5736111111111111 0.45 0.5736111111111111 0.45 0.5777777777777777 0.44921875 0.5777777777777777 0.44921875 0.5944444444444444 0.45 0.5944444444444444 0.45 0.6013888888888889 0.44921875 0.6013888888888889 0.44921875 0.6027777777777777 0.44375 0.6027777777777777 0.44375 0.6013888888888889 0.4421875 0.6013888888888889 0.4421875 0.6 0.44140625 0.6 0.44140625 0.5972222222222222 0.440625 0.5972222222222222 0.440625 0.5805555555555556 0.44140625 0.5805555555555556 0.44140625 0.575 0.4421875 0.575 0.4421875 0.5722222222222222 0.44296875 0.5722222222222222 0.44375 0.5666666666666667 0.4453125 0.5652777777777778 0.4453125 0.5625 0.44609375 0.5625 0.446875 0.5569444444444445 0.44765625 0.5569444444444445 0.44765625 0.5555555555555556 0.4484375 0.5555555555555556 0.4484375 0.5527777777777778 0.45 0.5513888888888889 0.45 0.5486111111111112 0.45078125 0.5486111111111112 0.45078125 0.5472222222222223 0.45234375 0.5472222222222223 0.45234375 0.5458333333333333 0.45390625 0.5458333333333333 0.45390625 0.5444444444444444 0.45625 0.5444444444444444
0 0.80078125 0.325 0.821875 0.325 0.83359375 0.34444444444444444 0.8296875 0.3819444444444444 0.815625 0.41388888888888886 0.809375 0.41944444444444445 0.7859375 0.4222222222222222 0.72578125 0.45 0.71171875 0.45 0.70234375 0.44166666666666665 0.69609375 0.41944444444444445 0.70078125 0.37777777777777777 0.6953125 0.3680555555555556 0.6953125 0.35555555555555557 0.70625 0.33611111111111114 0.72578125 0.32916666666666666 0.759375 0.3458333333333333 0.7734375 0.3472222222222222 0.78828125 0.33055555555555555
0 0.72734375 0.6180555555555556 0.7328125 0.6222222222222222 0.7359375 0.6736111111111112 0.734375 0.7388888888888889 0.73046875 0.7458333333333333 0.72421875 0.7416666666666667
0 0.81875 0.6875 0.8234375 0.6902777777777778 0.825 0.7013888888888888 0.82421875 0.7861111111111111 0.80390625 0.7958333333333333 0.76328125 0.7944444444444444 0.75390625 0.7875 0.75390625 0.7819444444444444 0.7578125 0.7791666666666667 0.81015625 0.7777777777777778 0.8140625 0.6944444444444444
0 0.725 0.7458333333333333 0.7359375 0.7638888888888888 0.73515625 0.7805555555555556 0.728125 0.7875 0.7234375 0.7875 0.71875 0.7791666666666667