0 0.19898826123595506 0.7775954609375 0.22279925000000003 0.8038107421875 0.263512797752809 0.79012090625 0.2711562865168539 0.77434716015625 0.26390263483146065 0.754151375 0.32379181460674156 0.71595981640625 0.33912340168539323 0.694367421875 0.3351455308988764 0.6674114609375 0.3598254016853933 0.64159787890625 0.35370828651685393 0.629103796875 0.29975779213483145 0.6399690546875 0.2849498679775281 0.655457203125 0.29001966573033705 0.68015977734375 0.14019100842696627 0.813533625 0.19898826123595506 0.7775954609375
0 0.6280515056179775 0.61553941015625 0.6903921882022472 0.63257163671875 0.7844103820224718 0.70982088671875 0.7898700168539327 0.69855392578125 0.7351282162921349 0.65579285546875 0.731194952247191 0.6387919921875 0.7857583230337079 0.6417326796875 0.8609015056179775 0.687603921875 0.9148966095505618 0.6866937578125 0.9104396825842698 0.67579713671875 0.8531241938202248 0.6735123828125 0.7282644016853933 0.5996275390625 0.7193505533707865 0.577834296875 0.6851885674157303 0.57800378515625 0.6636060421348314 0.55723680859375 0.7372112219101125 0.5058104921875 0.76420877247191 0.50535541015625 0.7204424803370787 0.57558090625 0.7276069185393258 0.57586649609375 0.8247108286516854 0.48096980078125 0.912689488764045 0.440069765625 0.9339151516853933 0.38119598046875 0.9099257359550562 0.3151603125 0.8828389691011237 0.295705203125 0.8029382415730337 0.29481705859375 0.7835841769662921 0.2794983984375 0.7302465589887641 0.30416960546875 0.7048199859550562 0.286311953125 0.6763406713483145 0.32498995703125 0.5903228258426966 0.3116077265625 0.5393921011235955 0.381547625 0.5339324662921349 0.3928145859375 0.5472140196629214 0.40559426171875 0.5209631657303371 0.449720578125 0.48016040168539326 0.44350023046875 0.4731297865168539 0.473079921875 0.44931880056179774 0.4468646328125 0.42577546067415734 0.480379921875 0.3795130617977528 0.48542653125 0.45968143539325845 0.54604525 0.46422757584269664 0.5768520625 0.4415201488764045 0.67394876953125 0.4532753286516854 0.7149962734375 0.4737213202247191 0.72806154296875 0.5188025758426966 0.70535813671875 0.5539226657303371 0.67306997265625 0.5615215477528089 0.6473411328125 0.6280515056179775 0.61553941015625
0 0.6331213033707865 0.6402419765625 0.6189708623595506 0.67949116796875 0.6246089269662921 0.70804458984375 0.6393276376404494 0.67264625 0.6647096011235955 0.6805488046875 0.6595951966292135 0.645891140625 0.6331213033707865 0.6402419765625
0 0.5969655280898876 0.81030401953125 0.6007203595505618 0.78748450390625 0.5830710983146067 0.7837183984375 0.5770878033707865 0.80108959765625 0.5969655280898876 0.81030401953125
0 0.3417979382022472 0.79936668359375 0.37202666292134834 0.78219633203125 0.3477366264044944 0.77204038671875 0.3356808230337079 0.78687260546875 0.3417979382022472 0.79936668359375
0 0.3476028005617977 0.7421751015625 0.36625477528089884 0.72377762890625 0.3205160365168539 0.7227199921875 0.3090285 0.7414030625 0.3476028005617977 0.7421751015625
0 0.11266979775280898 0.820092953125 0.10559457584269664 0.83971755078125 0.12756693820224718 0.8245149921875 0.11266979775280898 0.820092953125
0 0.3265652780898876 0.47412820703125 0.3375291573033708 0.4615493828125 0.2841469297752809 0.4762654921875 0.3222421797752809 0.49309687109375 0.3514235842696629 0.48813500390625 0.3265652780898876 0.47412820703125
0 0.38131871348314605 0.6424546640625 0.45339751966292136 0.619296171875 0.31722862078651687 0.60391478515625 0.32666612921348315 0.61960378515625 0.37183659831460675 0.61681056640625 0.38131871348314605 0.6424546640625
0 0.45366516573033705 0.6790267421875 0.449731904494382 0.662025875 0.3578199803370787 0.68592504296875 0.33750781460674156 0.70272505859375 0.45366516573033705 0.6790267421875
0 0.8292356235955056 0.7529522890625 0.9342623033707865 0.82757780859375 0.8606900983146066 0.76339383203125 0.8292356235955056 0.7529522890625
0 0.6339999016853933 0.22147204296875 0.6704795674157303 0.24666105859375 0.7813557162921348 0.2740500859375 0.6339999016853933 0.22147204296875
0 0.5396830112359551 0.69240897265625 0.5402958848314607 0.70621491796875 0.5843744297752809 0.70567509375 0.5831932893258427 0.688018296875 0.5655440280898877 0.6842521875 0.5720955898876404 0.67073183203125 0.5577667162921348 0.6701606484375 0.5600397865168539 0.6855640546875 0.5396830112359551 0.69240897265625
0 0.30242069662921345 0.61940293359375 0.2902310730337079 0.6043698671875 0.2588658117977528 0.613838515625 0.2771279466292135 0.6314105703125 0.30242069662921345 0.61940293359375