0 0.7364841402714931 0 0.7458473031674209 0.011080608870967741 0.7518779049773756 0.06888030241935485 0.7337599570135748 0.16845255241935483 0.740126773755656 0.19777489112903227 0.7108060927601809 0.2714894314516129 0.7075010882352941 0.30774103629032257 0.7168366968325791 0.329289125 0.6782734298642533 0.4548037661290323 0.6790698914027149 0.49564664919354834 0.6951085316742082 0.5180397258064516 0.7332605022624434 0.5085893024193548 0.7652137579185521 0.45557786693548386 0.8680376923076923 0.35649806048387095 0.9047958529411764 0.2755725927419355 0.9091095045248868 0.1538889314516129 0.9182149909502262 0.14077690322580647 0.9323865113122173 0.1588603629032258 0.9640345588235294 0.15877567338709678 0.9948696968325792 0.130994 0.9975843031674207 0.012257790322580644 0.9843248393665158 0.01058629435483871 0.900346798642534 0 0.8964566945701358 0 0.8795407624434389 0.03200829435483871 0.8770012104072399 0.08465337903225806 0.8860006018099547 0.13467882258064517 0.8778906945701358 0.1988444556451613 0.8456012217194571 0.28033324596774195 0.8067458144796381 0.3222889758064516 0.789039165158371 0.305797004032258 0.7762435135746606 0.19825352822580644 0.7665406787330317 0.18073339516129033 0.78799464479638 0.06935893951612904 0.7822941742081447 0 0.7364841402714931 0
0 0.6571732036199095 0 0.6435897081447964 0.11634318548387097 0.6551286538461538 0.11372354032258064 0.6644022488687783 0.08637283467741937 0.6786056176470588 0 0.6571732036199095 0
0 0.6262931583710407 0 0.6199895542986426 0.003363443548387097 0.6233875814479638 0.04046003629032258 0.6332585203619909 0.04374149193548387 0.6430984524886878 0.02257355241935484 0.6367928031674208 0 0.6262931583710407 0
0 0.5261657556561087 0 0.5202094954751131 0.007082137096774193 0.5228420701357466 0.027785237903225807 0.5392169298642534 0.021700959677419356 0.5356927714932127 0 0.5261657556561087 0
0 0.3829937352941176 0 0.3824455769230769 0.006012572580645161 0.3899140633484163 0.02325104435483871 0.4068552601809955 0.023349532258064513 0.4140936266968326 0.0059278830645161295 0.4132500904977376 0 0.3829937352941176 0
0 0.2892021199095023 0 0.28303274434389136 0.005703306451612903 0.2901340067873303 0.026969733870967745 0.30464174208144795 0.016575838709677417 0.2989552828054299 0 0.2892021199095023 0
0 0.2074718416289593 0 0.20186188687782805 0.0036193830645161293 0.20282645701357466 0.03022358870967742 0.18008477828054298 0.006985524193548387 0.15313554298642534 0.04229365322580645 0.1531975588235294 0.09119244758064517 0.1647365045248869 0.08857280241935485 0.1808812398190045 0.047828403225806455 0.19841978280542985 0.0785590564516129 0.2185288846153846 0.08109401612903225 0.22950149095022626 0.07229160483870968 0.23467361990950228 0.04034962096774193 0.21603340950226244 0.02170283870967742 0.21524654751131223 0 0.2074718416289593 0
0 0.08013661312217195 0.02494289112903226 0.08103916742081448 0.0026483024193548386 0.0681994366515837 0.0071410927419354835 0.06859766515837104 0.02756253629032258 0.08013661312217195 0.02494289112903226
0 0.04946985520361991 0 0.044019873303167416 0.024464254032258066 0.05612516063348417 0.028027370967741935 0.061496400452488685 0.006296108870967741 0.05176073981900453 0 0.04946985520361991 0
0 0.08840156108597284 0.08302424596774192 0.08706977149321267 0.06044799596774194 0.0742300407239819 0.06494078629032259 0.0790969592760181 0.08592555241935483 0.08840156108597284 0.08302424596774192
0 0.5999734751131222 0.07417667741935484 0.5990089049773756 0.047572471774193555 0.5835676085972851 0.05581156048387097 0.5858329592760182 0.08054261693548387 0.5999734751131222 0.07417667741935484
0 0.5933944705882352 0.1711292822580645 0.6027300791855204 0.19267737096774193 0.6539208936651584 0.18894487499999998 0.6641280475113123 0.16374898387096776 0.600632834841629 0.1537076370967742 0.5933944705882352 0.1711292822580645
0 0.5950934841628959 0.18967757661290321 0.5779841787330317 0.20381776209677419 0.5582423009049774 0.19725485080645164 0.5379960995475113 0.2334079637096774 0.534691092760181 0.26965956451612905 0.5522296334841629 0.3003902177419355 0.5790107647058823 0.27932076209677414 0.5950934841628959 0.18967757661290321
0 0.5803735633484164 0.32634641532258063 0.5883463733031674 0.3008688548387097 0.5714051764705883 0.30077036693548387 0.5705026221719457 0.3230649516129032 0.5803735633484164 0.32634641532258063
0 0.5414561425339366 0.3194033467741935 0.5133122126696832 0.29344715322580645 0.5035783755656108 0.25147761693548387 0.476598128959276 0.2623363508064516 0.47422668552036196 0.3007427661290322 0.523612391402715 0.34159944758064514 0.5338505542986425 0.34085294758064516 0.5414561425339366 0.3194033467741935
0 0.4717622194570136 0.26580098387096773 0.4626257262443439 0.25446361693548386 0.43884439366515837 0.2922082137096774 0.4112978122171946 0.2968841774193548 0.4021923257918552 0.3099962096774193 0.4051921244343891 0.3266713548387096 0.4429768687782805 0.32124889112903227 0.4717622194570136 0.26580098387096773
0 0.45088766289592763 0.24687254032258063 0.45852425791855206 0.24987233467741934 0.463528278280543 0.23216902419354837 0.44055647737556564 0.1742708427419355 0.40701030090497736 0.14559651612903227 0.36930064027149323 0.0634321129032258 0.334484685520362 0.061080326612903225 0.37643291176470584 0.10914793548387097 0.42311095701357465 0.2168883870967742 0.45088766289592763 0.24687254032258063
0 0.29901423981900455 0.276618310483871 0.27690091402714934 0.30846180645161286 0.2586589343891403 0.3102364637096774 0.21983453619909502 0.3766415927419355 0.2549736357466063 0.487001685483871 0.2741491787330317 0.4873818387096774 0.301067407239819 0.42762431048387095 0.2980365995475113 0.38649976612903225 0.3755303597285068 0.13144252419354838 0.3663628552036199 0.09565575806451614 0.35332401131221725 0.0899378306451613 0.3300780113122172 0.10941579838709677 0.328640128959276 0.14997702016129033 0.29901423981900455 0.276618310483871
0 0.26170280995475115 0.21487534677419354 0.2488010633484163 0.17046934677419354 0.24342982126696833 0.19220060887096774 0.2512965407239819 0.22986052419354838 0.26170280995475115 0.21487534677419354
0 0.15762216968325793 0.20379203629032258 0.18873488687782808 0.22197398387096776 0.19803948868778282 0.21907267338709677 0.1859031968325792 0.19106016129032258 0.15665759954751132 0.1771878306451613 0.15762216968325793 0.20379203629032258
0 0.1916726696832579 0.18975033870967742 0.2036098484162896 0.2075521290322581 0.21831669909502263 0.20736895564516128 0.22852385294117647 0.18217306451612902 0.2052158371040724 0.15275223387096773 0.1916726696832579 0.18975033870967742
0 0.06959324208144796 0.07861614112903226 0.08449921040723982 0.08864368548387096 0.08987045248868779 0.06691242338709677 0.056890610859728505 0.04442085887096774 0.04815235067873304 0.053504931451612905 0.050218585972850685 0.06802527016129031 0.03774607918552036 0.06849010483870968 0.04671446380090498 0.09406615322580646 0.06959324208144796 0.07861614112903226
0 0.036180398190045246 0.15507421774193547 0.0390027850678733 0.1786532258064516 0.07418596153846153 0.17697705241935485 0.08102609502262442 0.13913396774193548 0.0439757963800905 0.1365005201612903 0.036180398190045246 0.15507421774193547
0 0.07747789819004525 0.2772111129032258 0.09198563348416289 0.2668172177419355 0.07504443665158371 0.26671872983870965 0.07747789819004525 0.2772111129032258
0 0.06777506561085973 0.25969097983870965 0.03106098190045249 0.2285801814516129 0.02682241628959276 0.2626769717741936 0.03912681447963801 0.2764508145161291 0.06777506561085973 0.25969097983870965
0 0.09939210633484163 0.23515689919354837 0.11706775113122173 0.22719947177419356 0.12207176923076923 0.20949616532258067 0.08535768552036199 0.17838536290322582 0.06214269230769231 0.22231272580645162 0.09158740497737557 0.24639577822580644 0.1059270339366516 0.250240560483871 0.09939210633484163 0.23515689919354837
0 0.11549276470588235 0.30644877016129035 0.12369569909502262 0.3156313266129032 0.13356663800904978 0.31891278225806446 0.1434065701357466 0.29774484274193547 0.12049678506787331 0.2887454596774194 0.11549276470588235 0.30644877016129035
0 0.13290727828054297 0.2393818306451613 0.14664956108597285 0.21259444758064514 0.1449505475113122 0.19404615322580646 0.13397793891402715 0.20284856451612904 0.12583702036199096 0.24256479838709677 0.12996949547511313 0.2716054758064516 0.13667252941176472 0.2724504596774193 0.13290727828054297 0.2393818306451613
0 0.11325842081447965 0.3061671048387097 0.10002046153846153 0.29023845564516126 0.09464921719457015 0.3119697217741936 0.1009850294117647 0.3168426612903226 0.11325842081447965 0.3061671048387097
0 0.195269814479638 0.23705764516129033 0.1854298823529412 0.25822558467741935 0.20220297058823528 0.27256275403225805 0.18905803167420812 0.3299822943548387 0.17341761990950227 0.3280106612903226 0.1674180226244344 0.29466036290322584 0.15010960407239818 0.2985898306451613 0.1479372737556561 0.3472069596774194 0.15987445248868778 0.3650087580645161 0.1970928597285068 0.35340352822580645 0.20970246606334841 0.314250620967742 0.2091051221719457 0.28361845967741933 0.21920618099547512 0.3215600322580645 0.22814356108597286 0.32268667741935486 0.25432734615384617 0.270985064516129 0.2172770452488688 0.26835162096774196 0.20867588235294118 0.23874761693548388 0.195269814479638 0.23705764516129033
0 0.08733576696832579 0.4169782338709677 0.1171477036199095 0.43703332661290323 0.12831942760180995 0.4384416370967742 0.13275710859728507 0.41455556451612907 0.12508950452488687 0.387106375 0.08733576696832579 0.4169782338709677
0 0.03628205656108597 0.3820226532258065 0.04858645475113122 0.39579649193548383 0.0750003597285068 0.378754995967742 0.06843442760180996 0.3392219354838709 0.03698549547511312 0.34951734274193547 0.03628205656108597 0.3820226532258065
0 0 0.43443168548387096 0.030008260180995474 0.426048504032258 0.028278237556561087 0.38305081048387096 0.007036459276018099 0.3681503225806452 0 0.3765168427419355 0 0.43443168548387096
0 0 0.6727928588709677 0.06159916063348416 0.674485745967742 0.049661984162895925 0.6566839516129032 0.050931760180995475 0.6303614072580646 0.04015826696832579 0.6493745362903226 0.03138899773755656 0.6340092137096774 0.03692834615384615 0.5980392741935484 0.022756823529411763 0.579955814516129 0.03779989140271493 0.5512952862903225 0.08511936199095022 0.5776316290322581 0.11713463348416289 0.5735189919354838 0.15285314027149322 0.5535761854838709 0.16452918778280542 0.5122684677419355 0.15575991628959276 0.4969031451612903 0.10176842081447963 0.4941712096774194 0.1108429004524887 0.45660978225806453 0.09760493891402715 0.4406811330645161 0.08276098642533937 0.47955237903225806 0.06375355203619909 0.4649335564516129 0.04477712669683258 0.474764125 0.02546448416289593 0.5130720483870967 0.024468909502262444 0.4620184435483871 0.010129278280542985 0.45817366129032255 0 0.4756954516129032 0 0.6727928588709677
0 0 0.8729779758064516 0.03223440271493212 0.8602365524193548 0.08149607918552036 0.8032956491935483 0.07806704298642535 0.7417496612903226 0.06222751357466063 0.7295673064516129 0.030977696832579185 0.750073431451613 0.0022984389140271494 0.7423838709677419 0 0.745273556451613 0 0.8729779758064516
0 0.08232354524886877 0.8685879274193549 0.08569056787330316 0.8812351209677419 0.09816307466063348 0.8807702822580645 0.1035343190045249 0.8590390201612903 0.09142903393665158 0.8554759032258065 0.08232354524886877 0.8685879274193549
0 0.04074950904977375 0.9020524475806452 0.04697226244343891 0.8845027741935484 0.03746854524886878 0.8771933629032259 0.014198531674208145 0.8987054274193549 0.04074950904977375 0.9020524475806452
0 0.11410869457013574 0.8298151693548387 0.12171428280542987 0.8083655645161291 0.11221056787330316 0.8010561532258065 0.09903461990950227 0.8340262983870969 0.11410869457013574 0.8298151693548387
0 0.09086269683257919 0.8492931370967741 0.08916368099547511 0.8307448427419355 0.07595672850678732 0.8392655887096774 0.0767221809954751 0.8556590725806452 0.09086269683257919 0.8492931370967741
0 0.12016543891402715 0.6146435322580646 0.09001728959276017 0.6230657943548388 0.07310709954751132 0.6474167056451613 0.07130199321266968 0.6920058830645162 0.11384756561085974 0.7707056532258064 0.13822624208144796 0.7635932177419354 0.14676539140271494 0.7442984233870967 0.18288212669683257 0.7447770604838709 0.2094641402714932 0.7134968870967742 0.21090202714932124 0.6729356653225806 0.1886956787330317 0.6314309717741935 0.14774302714932128 0.6344169677419355 0.13733675791855204 0.6494021411290322 0.12016543891402715 0.6146435322580646
0 0.20433062443438915 0.9226735322580645 0.20711063574660635 0.9128383588709678 0.17859948416289592 0.8909101169354838 0.1671660226244344 0.9179885483870968 0.20433062443438915 0.9226735322580645
0 0.2188927737556561 0.8083931693548387 0.209756278280543 0.7970557983870967 0.1999163484162896 0.8182237379032258 0.20738483484162895 0.8354622096774194 0.2188927737556561 0.8083931693548387
0 0.22770612217194572 0.7117222298387097 0.23321446380090496 0.6513028911290323 0.22067994117647058 0.602868935483871 0.22063586425339365 0.7149051975806452 0.22770612217194572 0.7117222298387097
0 0.24126236199095022 0.5382384637096774 0.2388289004524887 0.5277460846774195 0.2159501221719457 0.5431960927419355 0.19369969909502263 0.6137276653225807 0.21861370588235293 0.5883485927419355 0.22452028054298645 0.5483506975806451 0.24126236199095022 0.5382384637096774
0 0.17039168325791856 0.5843068346774194 0.14788012895927602 0.5957288911290323 0.18529764932126697 0.5943343830645161 0.1962392511312217 0.5610825725806452 0.17446214253393666 0.5644487177419355 0.17039168325791856 0.5843068346774194
0 0.22932518325791856 0.5204366693548388 0.23899700678733032 0.5135074032258065 0.22836061538461536 0.49383245967741934 0.22932518325791856 0.5204366693548388
0 0.2612833076923077 0.7648459516129031 0.2713533619909502 0.7783381330645162 0.29946628280542986 0.7798449314516129 0.3163764705882353 0.7554940201612903 0.3289240633484163 0.667442314516129 0.3516037262443439 0.6417815846774194 0.3443033484162896 0.610304435483871 0.32569414479638015 0.6161070524193548 0.28536984615384614 0.6741746048387097 0.2616195226244344 0.7363686008064516 0.2612833076923077 0.7648459516129031
0 0.3396796199095023 0.487494125 0.32664077375565614 0.48177619758064516 0.3104650294117647 0.4980711935483871 0.3157301809954751 0.5394774032258064 0.33006980995475116 0.5433221854838709 0.3440112104072398 0.5267455241935484 0.3396796199095023 0.487494125
0 0.40511703846153846 0.4142582217741936 0.41235540271493215 0.3968365766129032 0.4009845656108597 0.38521754435483874 0.39524609954751133 0.4109767661290322 0.40511703846153846 0.4142582217741936
0 0.3905962307692307 0.5611377822580645 0.39780359049773756 0.5192667419354839 0.38979977149321265 0.5202948991935483 0.38165885294117646 0.5600111330645161 0.3905962307692307 0.5611377822580645
0 0.4533700701357466 0.44274937903225803 0.4319291742081448 0.41763816935483866 0.42729237556561084 0.4313135241935484 0.4414638981900452 0.4493969798387097 0.4533700701357466 0.44274937903225803
0 0.4731119479638009 0.4493122943548387 0.48315099547511314 0.43835507258064516 0.47328005429864256 0.43507361693548385 0.4731119479638009 0.4493122943548387
0 0.46599761538461537 0.5645315282258064 0.4525915452488688 0.5628415564516129 0.4412517126696832 0.5756719193548387 0.44388428959276016 0.5963750282258065 0.467161298642534 0.6013464556451612 0.47403243891402713 0.5879527661290322 0.46599761538461537 0.5645315282258064
0 0.4188331809954751 0.6604421693548387 0.43237635067873303 0.6234440685483871 0.41766949773755657 0.6236272419354839 0.3970560746606335 0.6638083104838709 0.4188331809954751 0.6604421693548387
0 0.392680407239819 0.7365931774193548 0.39975066515837104 0.7334102096774193 0.3958173031674208 0.714580254032258 0.392680407239819 0.7365931774193548
0 0.34585219004524886 0.8040264677419354 0.34415317647058824 0.7854781733870968 0.33614935972850674 0.7865063346774194 0.33654758823529407 0.8069277782258064 0.34585219004524886 0.8040264677419354
0 0.27071194117647057 0.8597422379032258 0.29639139819004523 0.8507566532258065 0.27645040497737555 0.8339830161290323 0.27071194117647057 0.8597422379032258
0 0.27048181674208144 0.8250821169354838 0.2751186153846154 0.8114067661290323 0.26784924208144795 0.8043790161290323 0.25837653393665155 0.821519 0.27048181674208144 0.8250821169354838
0 0.367763628959276 0.9432759395161291 0.37131946606334837 0.9213158266129032 0.35098024208144796 0.88412075 0.3512103642533937 0.9187808709677419 0.35978052036199093 0.9239354717741936 0.35561438009049773 0.9417444032258065 0.367763628959276 0.9432759395161291
0 0.3138135135746606 0.9364749717741935 0.3184606470588235 0.9309494193548388 0.29481641628959276 0.9300059435483871 0.2943177601809955 0.9340173346774194 0.3138135135746606 0.9364749717741935
0 0.6698321719457013 0.8448674758064516 0.6656996990950226 0.8158267983870967 0.6729380610859729 0.7984051491935484 0.7046171199095023 0.8227698629032258 0.7084884615384616 0.7927010241935484 0.7328671380090498 0.7855885846774193 0.7471447533936652 0.7405345766129032 0.7231463687782805 0.6071333911290323 0.706908608597285 0.5745295967741936 0.6890338529411765 0.5722762983870967 0.6624518393665159 0.6035564717741936 0.646705334841629 0.664722310483871 0.6115221561085973 0.6663984798387096 0.6023105791855203 0.7426479798387098 0.6358567556561086 0.7713223064516129 0.6310518529411765 0.7992363387096774 0.6141416628959276 0.8235872459677419 0.564251633484163 0.8254465927419355 0.516290742081448 0.8805143467741936 0.46597147285067875 0.8375028548387097 0.4065031108597285 0.9481594516129032 0.45997874886877826 0.9549006048387096 0.8744245746606334 0.916189629032258 0.8758211221719456 0.9156512298387096 0.8863955 0.886427375 0.9061122352941176 0.913229870967742 0.9464460633484163 0.9094625201612904 0.9660175113122171 0.6947892701612903 0.9569120226244343 0.7079012943548386 0.9218969547511312 0.6953387943548387 0.9094554547511312 0.7202530282258064 0.9013455452488688 0.7844186572580646 0.8208650588235294 0.8863150887096773 0.7739748280542986 0.9048495806451613 0.7318274864253395 0.8465712459677419 0.685671701357466 0.8570498306451613 0.6698321719457013 0.8448674758064516
0 0.5913820475113123 0.6394141249999999 0.6170615090497739 0.6304285362903225 0.6108627963800904 0.5868675201612904 0.638807608597285 0.602612995967742 0.6560850203619909 0.5742341330645161 0.6394800407239819 0.5456582903225806 0.6231051809954751 0.551742564516129 0.5902624411764706 0.4905629274193548 0.5796880610859729 0.5197867822580645 0.5913820475113123 0.6394141249999999
0 0.5502743597285068 0.520153133064516 0.5452083235294117 0.4889576451612903 0.5279309140271493 0.5173365080645161 0.5331650542986425 0.534293318548387 0.5502743597285068 0.520153133064516
0 0.5299220656108597 0.6194437177419354 0.5267231515837104 0.5925578467741935 0.5161177647058823 0.5973322983870968 0.5183831176470588 0.6220633588709678 0.5299220656108597 0.6194437177419354
0 0.4529146923076923 0.6708498669354839 0.46038317873303164 0.6880883387096773 0.4862617533936652 0.6893134717741936 0.5005393687782805 0.6442594637096773 0.4645907375565611 0.6295421451612904 0.4529146923076923 0.6708498669354839
0 0.41585132126696833 0.8047020806451612 0.42402324660633484 0.789435245967742 0.4145195316742082 0.7821258306451613 0.41585132126696833 0.8047020806451612
0 0.18825337104072398 0.7230457983870968 0.20983136425339366 0.7094689314516129 0.20256199095022623 0.7024411814516128 0.18825337104072398 0.7230457983870968
0 0.19538564253393667 0.7687616209677419 0.19255395248868779 0.7378477943548387 0.18418291176470586 0.7429039153225807 0.1831122511312217 0.7794371814516129 0.19538564253393667 0.7687616209677419
0 0.16699852262443438 0.8446309717741936 0.16106094343891403 0.8601794677419355 0.14578775113122172 0.854179875 0.1340806968325792 0.8710382016129032 0.13411170588235294 0.8954875967741935 0.12384101583710408 0.9125269919354838 0.16564579411764704 0.9177969072580645 0.1687595520361991 0.9120780564516129 0.179134814479638 0.8726434879032258 0.16699852262443438 0.8446309717741936
0 0.21772909049773756 0.7715782419354839 0.22666646832579185 0.7727048911290322 0.22720179864253395 0.7544382580645161 0.21772909049773756 0.7715782419354839
0 0.2176980814479638 0.7471288427419355 0.23444016515837104 0.7370166129032258 0.22270210180995476 0.7294255362903226 0.2176980814479638 0.7471288427419355
0 0.26149549095022623 0.6385710120967742 0.2734016628959276 0.6319234112903226 0.2687338574660634 0.6211493669354838 0.26149549095022623 0.6385710120967742
0 0.2380503778280543 0.6478382580645161 0.2503237692307692 0.6371627016129032 0.2408200520361991 0.6298532903225806 0.2380503778280543 0.6478382580645161
0 0.2210030882352941 0.7108772419354839 0.23321446380090496 0.6513028911290323 0.22067994117647058 0.602868935483871 0.2210030882352941 0.7108772419354839
0 0.29441331674208143 0.6121637822580646 0.27580411538461536 0.6179663991935483 0.2816045950226244 0.6411059717741936 0.2604248303167421 0.6751042782258064 0.294842556561086 0.6570346209677419 0.30318258823529415 0.6275291088709677 0.29441331674208143 0.6121637822580646
0 0.2696054027149321 0.5744053830645162 0.27124240271493216 0.5440548790322581 0.23942624660633485 0.5583782459677419 0.25583211312217197 0.5767433629032258 0.2696054027149321 0.5744053830645162
0 0.744972423076923 0.7891517056451612 0.7569096018099547 0.8069535040322581 0.7779522624434388 0.8116432701612903 0.7829562850678734 0.7939399637096775 0.7496092194570135 0.7754763508064516 0.744972423076923 0.7891517056451612
0 0.7880043800904977 0.6642003870967742 0.786305366515837 0.6456520927419356 0.7648954796380091 0.6449902782258065 0.7708950769230769 0.6783405766129033 0.7880043800904977 0.6642003870967742
0 0.8910453665158372 0.7362663588709677 0.8964166108597285 0.7145350967741935 0.8846785475113123 0.7069440201612903 0.8789400837104072 0.7327032419354839 0.8910453665158372 0.7362663588709677
0 0.8382485610859728 0.7947987500000001 0.8332445429864254 0.8125020564516129 0.8498185180995474 0.8166285 0.8685958280542986 0.7965872096774194 0.859459334841629 0.7852498427419355 0.8382485610859728 0.7947987500000001
0 0.7916504683257919 0.8968921532258064 0.8080253280542987 0.890807875 0.806693536199095 0.8682316290322581 0.7916504683257919 0.8968921532258064