0 0.33125 0.49074074074074076 0.30625 0.37222222222222223 0.31666666666666665 0.3537037037037037 0.31666666666666665 0.32037037037037036 0.29583333333333334 0.25 0.30416666666666664 0.22407407407407406 0.29583333333333334 0.13148148148148148 0.30625 0.07962962962962963 0.3416666666666667 0.046296296296296294 0.34375 0.024074074074074074 0.334375 0.003703703703703704 0.2604166666666667 0.001851851851851852 0.275 0.05740740740740741 0.2625 0.12777777777777777 0.27291666666666664 0.23148148148148148 0.2625 0.2462962962962963 0.24166666666666667 0.3425925925925926 0.22395833333333334 0.35555555555555557 0.19166666666666668 0.31296296296296294 0.16875 0.2351851851851852 0.16666666666666666 0.17592592592592593 0.17916666666666667 0.13148148148148148 0.18125 0.08333333333333333 0.16354166666666667 0.040740740740740744 0.121875 0.022222222222222223 0.08645833333333333 0.05185185185185185 0.040625 0.022222222222222223 0.028125 0 0 0.001851851851851852 0.0010416666666666667 0.2111111111111111 0.014583333333333334 0.18703703703703703 0.014583333333333334 0.1425925925925926 0.03229166666666667 0.12222222222222222 0.09270833333333334 0.18888888888888888 0.121875 0.1925925925925926 0.13645833333333332 0.17777777777777778 0.14375 0.19074074074074074 0.1375 0.30185185185185187 0.16458333333333333 0.37962962962962965 0.25104166666666666 0.48148148148148145 0.2760416666666667 0.5333333333333333 0.3104166666666667 0.5462962962962963 0.32708333333333334 0.5277777777777778 0.33125 0.49074074074074076
0 0.36354166666666665 0 0.375 0.1574074074074074 0.38125 0.18333333333333332 0.39166666666666666 0.18703703703703703 0.3875 0.024074074074074074 0.378125 0 0.36354166666666665 0
0 0.409375 0.07777777777777778 0.4 0.10185185185185185 0.40729166666666666 0.12222222222222222 0.4166666666666667 0.12037037037037036 0.42291666666666666 0.08703703703703704 0.409375 0.07777777777777778
0 0.4739583333333333 0.003703703703703704 0.41458333333333336 0.001851851851851852 0.421875 0.018518518518518517 0.47708333333333336 0.053703703703703705 0.48333333333333334 0.03148148148148148 0.4739583333333333 0.003703703703703704
0 0.5708333333333333 0.001851851851851852 0.5895833333333333 0.009259259259259259 0.5979166666666667 0.001851851851851852 0.5708333333333333 0.001851851851851852
0 0.6645833333333333 0.001851851851851852 0.675 0.012962962962962963 0.6854166666666667 0.001851851851851852 0.6645833333333333 0.001851851851851852
0 0.796875 0.05185185185185185 0.7666666666666667 0.05740740740740741 0.7739583333333333 0.03333333333333333 0.8052083333333333 0.025925925925925925 0.809375 0.044444444444444446 0.8385416666666666 0.05185185185185185 0.8760416666666667 0.02962962962962963 0.9635416666666666 0.025925925925925925 0.9833333333333333 0.001851851851851852 0.728125 0 0.7291666666666666 0.027777777777777776 0.70625 0.07962962962962963 0.7135416666666666 0.0962962962962963 0.734375 0.0962962962962963 0.7583333333333333 0.12407407407407407 0.7958333333333333 0.07962962962962963 0.796875 0.05185185185185185
0 0.8166666666666667 0.07592592592592592 0.8177083333333334 0.08888888888888889 0.8270833333333333 0.08703703703703704 0.828125 0.07037037037037037 0.8166666666666667 0.07592592592592592
0 0.8739583333333333 0.02962962962962963 0.86875 0.05 0.8770833333333333 0.05740740740740741 0.8833333333333333 0.03888888888888889 0.8739583333333333 0.02962962962962963
0 0.940625 0.025925925925925925 0.9166666666666666 0.04259259259259259 0.921875 0.06296296296296296 0.9354166666666667 0.06481481481481481 0.9458333333333333 0.05 0.940625 0.025925925925925925
0 0.9916666666666667 0.07962962962962963 1 0.09074074074074075 0.9989583333333333 0.044444444444444446 0.9916666666666667 0.07962962962962963
0 0.98125 0.001851851851851852 0.9864583333333333 0.018518518518518517 0.9979166666666667 0.016666666666666666 0.9989583333333333 0 0.98125 0.001851851851851852
0 0.9645833333333333 0.07592592592592592 0.9239583333333333 0.08148148148148149 0.91875 0.10925925925925926 0.9333333333333333 0.11666666666666667 0.9572916666666667 0.1 0.9645833333333333 0.07592592592592592
0 0.503125 0.08518518518518518 0.49583333333333335 0.11296296296296296 0.5104166666666666 0.12037037037037036 0.5145833333333333 0.10185185185185185 0.503125 0.08518518518518518
0 0.6416666666666667 0.08703703703703704 0.621875 0.07407407407407407 0.6125 0.11296296296296296 0.6177083333333333 0.12962962962962962 0.6333333333333333 0.13148148148148148 0.6416666666666667 0.11666666666666667 0.6416666666666667 0.08703703703703704
0 0.721875 0.11481481481481481 0.7125 0.13518518518518519 0.725 0.14629629629629629 0.7333333333333333 0.12777777777777777 0.721875 0.11481481481481481
0 0.8552083333333333 0.10740740740740741 0.8375 0.12037037037037036 0.8479166666666667 0.1388888888888889 0.8583333333333333 0.12407407407407407 0.8552083333333333 0.10740740740740741
0 0.828125 0.14074074074074075 0.8052083333333333 0.15925925925925927 0.8083333333333333 0.13518518518518519 0.796875 0.1259259259259259 0.79375 0.15 0.775 0.1648148148148148 0.7770833333333333 0.19444444444444445 0.7864583333333334 0.2037037037037037 0.8052083333333333 0.2037037037037037 0.8239583333333333 0.17777777777777778 0.8354166666666667 0.21666666666666667 0.8458333333333333 0.22037037037037038 0.85 0.17592592592592593 0.828125 0.14074074074074075
0 0.9197916666666667 0.14814814814814814 0.91875 0.1685185185185185 0.9291666666666667 0.17222222222222222 0.93125 0.1537037037037037 0.9197916666666667 0.14814814814814814
0 0.9375 0.1537037037037037 0.940625 0.17407407407407408 0.9520833333333333 0.17222222222222222 0.9489583333333333 0.14814814814814814 0.9375 0.1537037037037037
0 0.909375 0.2 0.90625 0.22037037037037038 0.9145833333333333 0.22407407407407406 0.9208333333333333 0.20555555555555555 0.909375 0.2
0 0.43854166666666666 0.12962962962962962 0.4354166666666667 0.1537037037037037 0.4479166666666667 0.16111111111111112 0.45208333333333334 0.1388888888888889 0.43854166666666666 0.12962962962962962
0 0.428125 0.22592592592592592 0.36875 0.22777777777777777 0.37604166666666666 0.2518518518518518 0.42291666666666666 0.2611111111111111 0.43333333333333335 0.24259259259259258 0.428125 0.22592592592592592
0 0.4791666666666667 0.3055555555555556 0.4635416666666667 0.27037037037037037 0.44479166666666664 0.2740740740740741 0.43020833333333336 0.25925925925925924 0.4375 0.3425925925925926 0.46041666666666664 0.3648148148148148 0.4791666666666667 0.3388888888888889 0.4791666666666667 0.3055555555555556
0 0.4270833333333333 0.3611111111111111 0.4322916666666667 0.3851851851851852 0.44166666666666665 0.38333333333333336 0.4427083333333333 0.362962962962963 0.4270833333333333 0.3611111111111111
0 0.5333333333333333 0.3388888888888889 0.509375 0.32592592592592595 0.496875 0.362962962962963 0.46875 0.38333333333333336 0.4739583333333333 0.40370370370370373 0.48333333333333334 0.40555555555555556 0.5322916666666667 0.37407407407407406 0.5333333333333333 0.3388888888888889
0 0.590625 0.37777777777777777 0.565625 0.37037037037037035 0.546875 0.3333333333333333 0.5375 0.3425925925925926 0.559375 0.3962962962962963 0.59375 0.40555555555555556 0.5979166666666667 0.3907407407407407 0.590625 0.37777777777777777
0 0.6385416666666667 0.2111111111111111 0.68125 0.17222222222222222 0.6489583333333333 0.17037037037037037 0.6072916666666667 0.24074074074074073 0.5739583333333333 0.26296296296296295 0.5479166666666667 0.31296296296296294 0.5510416666666667 0.3296296296296296 0.5583333333333333 0.3277777777777778 0.5864583333333333 0.3037037037037037 0.6385416666666667 0.2111111111111111
0 0.7302083333333333 0.4074074074074074 0.7135416666666666 0.40370370370370373 0.6958333333333333 0.37222222222222223 0.6791666666666667 0.2537037037037037 0.68125 0.21666666666666667 0.6614583333333334 0.1962962962962963 0.6489583333333333 0.2 0.6375 0.23148148148148148 0.6875 0.4722222222222222 0.68125 0.5092592592592593 0.7010416666666667 0.5666666666666667 0.71875 0.5685185185185185 0.7604166666666666 0.4722222222222222 0.7302083333333333 0.4074074074074074
0 0.7510416666666667 0.2814814814814815 0.7354166666666667 0.32037037037037036 0.74375 0.3351851851851852 0.7541666666666667 0.30185185185185187 0.7510416666666667 0.2814814814814815
0 0.8354166666666667 0.29814814814814816 0.8072916666666666 0.3074074074074074 0.79375 0.3314814814814815 0.8020833333333334 0.3351851851851852 0.8322916666666667 0.32222222222222224 0.8354166666666667 0.29814814814814816
0 0.7927083333333333 0.27037037037037037 0.76875 0.29444444444444445 0.7760416666666666 0.31851851851851853 0.7895833333333333 0.32037037037037036 0.8020833333333334 0.3055555555555556 0.7927083333333333 0.27037037037037037
0 0.9427083333333334 0.2111111111111111 0.9458333333333333 0.19814814814814816 0.9385416666666667 0.18888888888888888 0.90625 0.20555555555555555 0.909375 0.22592592592592592 0.9239583333333333 0.21851851851851853 0.94375 0.2351851851851852 0.9541666666666667 0.21296296296296297 0.9427083333333334 0.2111111111111111
0 0.9625 0.22407407407407406 0.9822916666666667 0.26666666666666666 1 0.26481481481481484 0.996875 0.21851851851851853 0.9625 0.22407407407407406
0 0.9427083333333334 0.2740740740740741 0.9083333333333333 0.2722222222222222 0.9114583333333334 0.3074074074074074 0.94375 0.31296296296296294 0.9483333333333334 0.29185185185185186 0.9427083333333334 0.2740740740740741
0 0.9989583333333333 0.29259259259259257 0.9822916666666667 0.28888888888888886 0.95625 0.3277777777777778 0.9635416666666666 0.34444444444444444 0.9770833333333333 0.3425925925925926 1 0.3314814814814815 0.9989583333333333 0.29259259259259257
0 0.8875 0.387037037037037 0.9 0.39814814814814814 0.903125 0.3888888888888889 0.8875 0.387037037037037
0 0.946875 0.3592592592592593 0.9104166666666667 0.38333333333333336 0.9354166666666667 0.40185185185185185 0.9479166666666666 0.3907407407407407 0.946875 0.3592592592592593
0 0.9010416666666666 0.3074074074074074 0.8645833333333334 0.3314814814814815 0.8677083333333333 0.34814814814814815 0.8833333333333333 0.3574074074074074 0.8760416666666667 0.37037037037037035 0.8895833333333333 0.3685185185185185 0.91875 0.35 0.9010416666666666 0.3074074074074074
0 0.859375 0.40370370370370373 0.8375 0.40925925925925927 0.8447916666666667 0.42962962962962964 0.8541666666666666 0.42777777777777776 0.8625 0.4203703703703704 0.859375 0.40370370370370373
0 0.8541666666666666 0.32407407407407407 0.8447916666666667 0.3148148148148148 0.8416666666666667 0.3314814814814815 0.8520833333333333 0.3574074074074074 0.8458333333333333 0.387037037037037 0.8520833333333333 0.387037037037037 0.8583333333333333 0.3611111111111111 0.8541666666666666 0.32407407407407407
0 0.878125 0.4074074074074074 0.8645833333333334 0.4203703703703704 0.875 0.43148148148148147 0.88125 0.42777777777777776 0.878125 0.4074074074074074
0 0.83125 0.40925925925925927 0.815625 0.40370370370370373 0.8072916666666666 0.43333333333333335 0.7927083333333333 0.43333333333333335 0.7854166666666667 0.37962962962962965 0.8020833333333334 0.3685185185185185 0.7947916666666667 0.34814814814814815 0.7822916666666667 0.34814814814814815 0.771875 0.37407407407407406 0.7375 0.37222222222222223 0.7572916666666667 0.4222222222222222 0.765625 0.4222222222222222 0.778125 0.3888888888888889 0.775 0.4166666666666667 0.7833333333333333 0.4537037037037037 0.8166666666666667 0.4685185185185185 0.8291666666666667 0.4537037037037037 0.83125 0.40925925925925927
0 0.846875 0.4925925925925926 0.8375 0.5166666666666667 0.8395833333333333 0.5388888888888889 0.85 0.5388888888888889 0.8791666666666667 0.524074074074074 0.846875 0.4925925925925926
0 0.93125 0.4685185185185185 0.903125 0.45555555555555555 0.89375 0.49074074074074076 0.9166666666666666 0.5092592592592593 0.9291666666666667 0.4981481481481482 0.93125 0.4685185185185185
0 0.96875 0.5055555555555555 0.9572916666666667 0.4888888888888889 0.9364583333333333 0.5 0.93125 0.5388888888888889 0.9583333333333334 0.55 0.9708333333333333 0.5277777777777778 0.96875 0.5055555555555555
0 0.971875 0.7037037037037037 1 0.6907407407407408 0.9989583333333333 0.6037037037037037 0.9895833333333334 0.6129629629629629 0.984375 0.6518518518518519 0.946875 0.5703703703703704 0.9333333333333333 0.5722222222222222 0.928125 0.6185185185185185 0.9135416666666667 0.5814814814814815 0.896875 0.5703703703703704 0.878125 0.5814814814814815 0.8677083333333333 0.5444444444444444 0.8541666666666666 0.5574074074074075 0.859375 0.5925925925925926 0.809375 0.5888888888888889 0.8 0.6018518518518519 0.8072916666666666 0.6407407407407407 0.8385416666666666 0.662962962962963 0.8677083333333333 0.6703703703703704 0.9135416666666667 0.6518518518518519 0.925 0.6796296296296296 0.9104166666666667 0.6944444444444444 0.9125 0.7277777777777777 0.903125 0.7407407407407407 0.8947916666666667 0.7222222222222222 0.89375 0.7462962962962963 0.88125 0.7611111111111111 0.9385416666666667 0.7666666666666667 0.94375 0.7870370370370371 0.9645833333333333 0.7648148148148148 0.971875 0.7037037037037037
0 0.9927083333333333 0.7814814814814814 0.9635416666666666 0.7703703703703704 0.9583333333333334 0.7833333333333333 0.9697916666666667 0.8037037037037037 0.9979166666666667 0.812962962962963 1 0.7907407407407407 0.9927083333333333 0.7814814814814814
0 0.990625 0.8777777777777778 0.9697916666666667 0.8666666666666667 0.9614583333333333 0.8777777777777778 0.9302083333333333 0.8296296296296296 0.903125 0.8333333333333334 0.8760416666666667 0.8111111111111111 0.8604166666666667 0.8203703703703704 0.8520833333333333 0.8759259259259259 0.8927083333333333 0.9333333333333333 0.934375 0.9555555555555556 0.9239583333333333 1 1 0.9981481481481481 0.9989583333333333 0.8592592592592593 0.990625 0.8777777777777778
0 0.8385416666666666 0.9222222222222223 0.8270833333333333 0.924074074074074 0.8302083333333333 0.9444444444444444 0.8416666666666667 0.9462962962962963 0.8458333333333333 0.9351851851851852 0.8385416666666666 0.9222222222222223
0 0.8875 1 0.8677083333333333 0.9703703703703703 0.85625 0.9722222222222222 0.871875 1 0.8875 1
0 0.8864583333333333 0.9481481481481482 0.8770833333333333 0.9537037037037037 0.8822916666666667 0.9740740740740741 0.9083333333333333 0.9944444444444445 0.909375 0.9740740740740741 0.8864583333333333 0.9481481481481482
0 0.8145833333333333 0.8759259259259259 0.8197916666666667 0.8962962962962963 0.8333333333333334 0.9018518518518519 0.8239583333333333 0.8703703703703703 0.8145833333333333 0.8759259259259259
0 0.8427083333333333 0.9 0.8395833333333333 0.9166666666666666 0.8520833333333333 0.924074074074074 0.8541666666666666 0.9092592592592592 0.8427083333333333 0.9
0 0.8729166666666667 0.7351851851851852 0.859375 0.7111111111111111 0.8322916666666667 0.7 0.8135416666666667 0.7296296296296296 0.8052083333333333 0.7148148148148148 0.7677083333333333 0.7074074074074074 0.74375 0.7425925925925926 0.7416666666666667 0.7796296296296297 0.7635416666666667 0.8111111111111111 0.796875 0.8148148148148148 0.803125 0.8333333333333334 0.825 0.8425925925925926 0.8708333333333333 0.7759259259259259 0.8729166666666667 0.7351851851851852
0 0.7729166666666667 1 0.7552083333333334 0.9444444444444444 0.7270833333333333 0.9611111111111111 0.7302083333333333 0.9777777777777777 0.74375 0.9796296296296296 0.7447916666666666 1 0.7729166666666667 1
0 0.734375 0.8555555555555555 0.725 0.8648148148148148 0.7333333333333333 0.8907407407407407 0.7416666666666667 0.8759259259259259 0.734375 0.8555555555555555
0 0.725 0.7203703703703703 0.725 0.7759259259259259 0.73125 0.7796296296296297 0.740625 0.6777777777777778 0.725 0.7203703703703703
0 0.7302083333333333 0.6074074074074074 0.7270833333333333 0.6166666666666667 0.7416666666666667 0.6277777777777778 0.74375 0.6648148148148149 0.7645833333333333 0.6907407407407408 0.75 0.6240740740740741 0.7302083333333333 0.6074074074074074
0 0.7864583333333334 0.6481481481481481 0.7666666666666667 0.6425925925925926 0.7739583333333333 0.674074074074074 0.8083333333333333 0.6796296296296296 0.7885416666666667 0.6666666666666666 0.7864583333333334 0.6481481481481481
0 0.73125 0.5944444444444444 0.7395833333333334 0.6018518518518519 0.7427083333333333 0.5777777777777777 0.73125 0.5944444444444444
0 0.6916666666666667 0.7944444444444444 0.675 0.7351851851851852 0.6427083333333333 0.6777777777777778 0.6260416666666667 0.6703703703703704 0.6166666666666667 0.6981481481481482 0.6354166666666666 0.7240740740740741 0.6395833333333333 0.8055555555555556 0.653125 0.8296296296296296 0.6791666666666667 0.8314814814814815 0.6895833333333333 0.8203703703703704 0.6916666666666667 0.7944444444444444
0 0.653125 0.5555555555555556 0.640625 0.5592592592592592 0.6333333333333333 0.5944444444444444 0.6447916666666667 0.6111111111111112 0.6583333333333333 0.6092592592592593 0.6666666666666666 0.5722222222222222 0.653125 0.5555555555555556
0 0.58125 0.4685185185185185 0.5864583333333333 0.48518518518518516 0.5958333333333333 0.48333333333333334 0.5927083333333333 0.45925925925925926 0.58125 0.4685185185185185
0 0.584375 0.5814814814814815 0.5875 0.6203703703703703 0.5958333333333333 0.6203703703703703 0.5916666666666667 0.5833333333333334 0.584375 0.5814814814814815
0 0.5614583333333333 0.48518518518518516 0.5395833333333333 0.5055555555555555 0.55 0.512962962962963 0.5645833333333333 0.4981481481481482 0.5614583333333333 0.48518518518518516
0 0.5125 0.4981481481481482 0.5208333333333334 0.5092592592592593 0.521875 0.4962962962962963 0.5125 0.4981481481481482
0 0.5302083333333333 0.6148148148148148 0.5177083333333333 0.6148148148148148 0.5083333333333333 0.6351851851851852 0.5135416666666667 0.6481481481481481 0.5354166666666667 0.6462962962962963 0.5395833333333333 0.6277777777777778 0.5302083333333333 0.6148148148148148
0 0.54375 0.6722222222222223 0.553125 0.7074074074074074 0.5729166666666666 0.7129629629629629 0.5572916666666666 0.674074074074074 0.54375 0.6722222222222223
0 0.5645833333333333 0.7759259259259259 0.5708333333333333 0.7796296296296297 0.5697916666666667 0.7592592592592593 0.5645833333333333 0.7759259259259259
0 0.6114583333333333 0.8296296296296296 0.6083333333333333 0.8462962962962963 0.6166666666666667 0.85 0.61875 0.8314814814814815 0.6114583333333333 0.8296296296296296
0 0.65 0.8944444444444445 0.6729166666666667 0.9055555555555556 0.6697916666666667 0.8814814814814815 0.65 0.8944444444444445
0 0.6729166666666667 0.8611111111111112 0.6760416666666667 0.8740740740740741 0.6875 0.8722222222222222 0.6802083333333333 0.8555555555555555 0.6729166666666667 0.8611111111111112
0 0.59375 0.95 0.596875 0.9185185185185185 0.575 0.95 0.5770833333333333 0.9796296296296296 0.5895833333333333 0.9833333333333333 0.5854166666666667 0.9537037037037037 0.59375 0.95
0 0.6229166666666667 0.9648148148148148 0.6458333333333334 0.9981481481481481 0.6447916666666667 0.9666666666666667 0.6229166666666667 0.9648148148148148
0 0.59375 0.9796296296296296 0.6145833333333334 0.9981481481481481 0.6072916666666667 0.9777777777777777 0.59375 0.9796296296296296
0 0.2864583333333333 1 0.2947916666666667 0.9777777777777777 0.31979166666666664 0.9592592592592593 0.328125 0.9777777777777777 0.3385416666666667 0.9740740740740741 0.3333333333333333 0.95 0.34270833333333334 0.9407407407407408 0.3625 0.9685185185185186 0.365625 1 0.5520833333333334 0.9981481481481481 0.4947916666666667 0.8629629629629629 0.44479166666666664 0.8962962962962963 0.40520833333333334 0.8407407407407408 0.359375 0.8333333333333334 0.3458333333333333 0.8092592592592592 0.34375 0.7833333333333333 0.3770833333333333 0.7611111111111111 0.375 0.6907407407407408 0.34270833333333334 0.6851851851851852 0.3333333333333333 0.6277777777777778 0.31145833333333334 0.5962962962962963 0.2947916666666667 0.5962962962962963 0.27708333333333335 0.6240740740740741 0.24375 0.7425925925925926 0.253125 0.7851851851851852 0.275 0.7944444444444444 0.2760416666666667 0.8222222222222222 0.3072916666666667 0.8037037037037037 0.3125 0.8203703703703704 0.30625 0.8462962962962963 0.290625 0.8555555555555555 0.24895833333333334 0.8407407407407408 0.20520833333333333 0.8888888888888888 0.16354166666666667 0.8666666666666667 0.09791666666666667 0.7648148148148148 0.09583333333333334 0.7055555555555556 0.08645833333333333 0.6814814814814815 0.053125 0.6888888888888889 0.04375 0.6722222222222223 0.020833333333333332 0.5388888888888889 0.0375 0.5203703703703704 0.06458333333333334 0.4462962962962963 0.046875 0.4444444444444444 0.01875 0.49444444444444446 0.013541666666666667 0.5222222222222223 0 0.4166666666666667 0 0.7981481481481482 0.0375 0.8425925925925926 0.020833333333333332 0.9055555555555556 0.03333333333333333 0.9277777777777778 0.03229166666666667 0.9740740740740741 0.052083333333333336 0.9648148148148148 0.05520833333333333 0.9111111111111111 0.103125 0.8592592592592593 0.11041666666666666 0.8870370370370371 0.128125 0.8962962962962963 0.13541666666666666 0.9203703703703704 0.11770833333333333 0.9851851851851852 0.15520833333333334 0.9666666666666667 0.16041666666666668 0.9722222222222222 0.15208333333333332 0.9833333333333333 0.16770833333333332 1 0.196875 0.9814814814814815 0.21770833333333334 1 0.2864583333333333 1
0 0.409375 0.5333333333333333 0.37395833333333334 0.5851851851851851 0.359375 0.5777777777777777 0.3416666666666667 0.6018518518518519 0.35520833333333335 0.6296296296296297 0.38229166666666664 0.6185185185185185 0.3729166666666667 0.6574074074074074 0.3958333333333333 0.6685185185185185 0.4166666666666667 0.5611111111111111 0.409375 0.5333333333333333
0 0.4510416666666667 0.5370370370370371 0.44375 0.5648148148148148 0.4583333333333333 0.5796296296296296 0.46458333333333335 0.5648148148148148 0.4510416666666667 0.5370370370370371
0 0.459375 0.6333333333333333 0.45416666666666666 0.6574074074074074 0.46458333333333335 0.6611111111111111 0.46875 0.6388888888888888 0.459375 0.6333333333333333
0 0.5135416666666667 0.674074074074074 0.4791666666666667 0.6833333333333333 0.48854166666666665 0.725925925925926 0.5125 0.7277777777777777 0.5208333333333334 0.7129629629629629 0.5135416666666667 0.674074074074074
0 0.5375 0.8240740740740741 0.54375 0.8388888888888889 0.546875 0.8185185185185185 0.5375 0.8240740740740741
0 0.7416666666666667 0.7759259259259259 0.7604166666666666 0.7907407407407407 0.7489583333333333 0.7703703703703704 0.7416666666666667 0.7759259259259259
0 0.7552083333333334 0.8037037037037037 0.75 0.8314814814814815 0.7604166666666666 0.8425925925925926 0.7625 0.8092592592592592 0.7552083333333334 0.8037037037037037
0 0.8083333333333333 0.9796296296296296 0.7958333333333333 0.9537037037037037 0.7979166666666667 0.9314814814814815 0.7885416666666667 0.9148148148148149 0.7739583333333333 0.9185185185185185 0.7697916666666667 0.9037037037037037 0.75625 0.9277777777777778 0.7625 0.9648148148148148 0.7760416666666666 0.9962962962962963 0.79375 0.9981481481481481 0.796875 0.9777777777777777 0.8083333333333333 0.9796296296296296
0 0.7208333333333333 0.8314814814814815 0.7291666666666666 0.8314814814814815 0.721875 0.8148148148148148 0.7208333333333333 0.8314814814814815
0 0.7166666666666667 0.7981481481481482 0.73125 0.8092592592592592 0.728125 0.7925925925925926 0.7166666666666667 0.7981481481481482
0 0.6895833333333333 0.6981481481481482 0.7 0.7055555555555556 0.6947916666666667 0.6888888888888889 0.6895833333333333 0.6981481481481482
0 0.7104166666666667 0.7055555555555556 0.7208333333333333 0.7166666666666667 0.7197916666666667 0.7 0.7104166666666667 0.7055555555555556
0 0.725 0.7203703703703703 0.73125 0.7759259259259259 0.740625 0.6777777777777778 0.725 0.7203703703703703
0 0.6885416666666667 0.6851851851851852 0.671875 0.6777777777777778 0.6625 0.6907407407407408 0.6677083333333333 0.7185185185185186 0.6979166666666666 0.7388888888888889 0.68125 0.7055555555555556 0.6885416666666667 0.6851851851851852
0 0.6989583333333333 0.6185185185185185 0.6979166666666666 0.6462962962962963 0.7104166666666667 0.65 0.7270833333333333 0.6351851851851852 0.6989583333333333 0.6185185185185185
0 0.23854166666666668 0.774074074074074 0.20625 0.7870370370370371 0.209375 0.8037037037037037 0.22916666666666666 0.8018518518518518 0.24166666666666667 0.7870370370370371 0.23854166666666668 0.774074074074074
0 0.215625 0.6518518518518519 0.2125 0.6685185185185185 0.22708333333333333 0.6833333333333333 0.23541666666666666 0.6537037037037037 0.215625 0.6518518518518519
0 0.10833333333333334 0.7018518518518518 0.11145833333333334 0.7222222222222222 0.12291666666666666 0.7203703703703703 0.11979166666666667 0.6962962962962963 0.10833333333333334 0.7018518518518518
0 0.13645833333333332 0.7703703703703704 0.12708333333333333 0.7796296296296297 0.14270833333333333 0.8 0.15833333333333333 0.7981481481481482 0.15520833333333334 0.7814814814814814 0.13645833333333332 0.7703703703703704
0 0.175 0.8722222222222222 0.18958333333333333 0.8796296296296297 0.178125 0.8518518518518519 0.175 0.8722222222222222
0 0.9666666666666667 0.49074074074074076 1 0.5166666666666667 0.996875 0.48518518518518516 0.9666666666666667 0.49074074074074076
0 0.9833333333333333 0.4203703703703704 0.9833333333333333 0.4388888888888889 1 0.4537037037037037 0.996875 0.4074074074074074 0.9833333333333333 0.4203703703703704