0 0.8024965081967214 0.20766051166180757 0.8043560196721311 0.21214264285714285 0.8238182967213115 0.2033931647230321 0.8282293614754099 0.1985820029154519 0.8024965081967214 0.20766051166180757
0 0.7896065114754098 0.5472349344023324 0.7953418803278689 0.5523723833819242 0.7870591803278689 0.4838252128279883 0.7853150090163934 0.4770471778425656 0.7804517262295082 0.4752987434402332 0.7896065114754098 0.5472349344023324
0 0.7680027057377049 0.44818752040816323 0.7817204704918033 0.45004380174927117 0.7786287868852458 0.4078437725947522 0.7656354163934426 0.40194224052478134 0.7636514213114753 0.41549922303207 0.7680027057377049 0.44818752040816323
0 0.8092987696721312 0.40423082944606414 0.8033510073770491 0.3721987667638484 0.7998950163934426 0.36837286880466474 0.797795681147541 0.38422575655976676 0.7922909926229508 0.3744965 0.7871555344262295 0.3833529110787172 0.8010491204918033 0.4750766472303207 0.8051465155737705 0.48688337026239065 0.8085286598360655 0.4869921326530612 0.8001397614754099 0.4049976559766764 0.8045831786885246 0.409916666180758 0.8092987696721312 0.40423082944606414
0 0.8080433909836066 0.34103954810495624 0.8091693647540984 0.3653101413994169 0.8167551016393443 0.39067293294460637 0.8230397426229508 0.4315604941690962 0.8445556393442624 0.4856741807580175 0.8487824393442623 0.5364015918367347 0.8569125270491804 0.5405546909620991 0.8547020729508197 0.4860004693877551 0.831211325409836 0.429700556851312 0.8144616590163934 0.3481447871720117 0.8080433909836066 0.34103954810495624
0 0.7284606 0 0.7287019016393442 0.0011525524781341107 0.7306908180327869 0.044555371720116616 0.7210472393442623 0.029032430029154517 0.6982675204918033 0.05713348979591836 0.7153167918032787 0.08085478279883382 0.7414927204918033 0.09407907871720116 0.7620901155737705 0.09385698250728863 0.780288568852459 0.16732224927113704 0.7870852106557378 0.1772699475218659 0.7973054901639345 0.18131336880466473 0.793157456557377 0.19126289650145772 0.8151944959016394 0.19869350874635566 0.8505385762295082 0.19540776822157435 0.8510829270491803 0.17419807725947523 0.8369537385245902 0.030106345481049564 0.8323211352459017 0.02376610495626822 0.8266919639344262 0.03207596064139941 0.8186357221311475 0.03163999416909621 0.8206080467213114 0 0.7284606 0
0 0.7480298278688525 0.7472024970845481 0.7635424016393443 0.7340805641399417 0.7655263959016393 0.7205235801749271 0.7618073737704918 0.7115593192419825 0.7530175950819672 0.7309118148688046 0.7305100516393442 0.748408029154519 0.7331678016393443 0.7525620422740525 0.7480298278688525 0.7472024970845481
0 0.7264126557377049 0.736601307580175 0.7210233090163934 0.7245761443148688 0.7067935442622951 0.7536597274052479 0.710817093442623 0.7617493148688046 0.7204698139344262 0.7615290481049561 0.727127906557377 0.7482992667638484 0.7264126557377049 0.736601307580175
0 0.9262960688524591 0.7518738119533528 0.9302274860655738 0.7877326880466473 0.9274452516393442 0.8016177871720117 0.9173403122950821 0.7952784606413994 0.9018277385245902 0.8084003935860059 0.9038764360655739 0.814303753644315 0.9112497786885245 0.8127719329446065 0.9156556196721312 0.8169568906705539 0.9450536426229508 0.8048728148688046 0.9304026073770492 0.7479373250728863 0.9262960688524591 0.7518738119533528
0 0.032495599180327864 0.5961216297376093 0.03714226557377049 0.6436784635568513 0.03223748770491803 0.6479430699708455 0.02814009262295082 0.6361363469387755 0.021754176229508197 0.6387612827988338 0.020974138524590163 0.6423885233236151 0.039518439344262295 0.7816994941690962 0.048876735245901644 0.7887545466472302 0.0458033393442623 0.7150680947521866 0.04984517459016393 0.6916712638483965 0.059424050819672135 0.687733861516035 0.07059026229508197 0.6988834358600583 0.0864446344262295 0.751576804664723 0.10858294918032786 0.715494919825073 0.11478882295081967 0.6957055437317784 0.10215975983606557 0.6514298790087464 0.09831133196721312 0.6035449285714285 0.08612042213114754 0.5246122667638483 0.08917905327868852 0.427419306122449 0.0844079024590164 0.3979015860058309 0.0807627262295082 0.3926544591836734 0.06459046147540984 0.4292819868804664 0.051500036065573775 0.39418993731778423 0.04693213606557377 0.40731004081632655 0.047070684426229505 0.43048752040816324 0.0414415131147541 0.43879737609329444 0.023880241803278687 0.4460159475218659 0.03899615573770492 0.46153797521865886 0.044104185245901636 0.49991119241982507 0.031890767213114755 0.5251679650145773 0.014477187704918031 0.5398208032069971 0.012490269672131148 0.5451464504373178 0.013129209016393441 0.5730333979591836 0.01723199262295082 0.5731653352769679 0.017924035245901637 0.5593899110787173 0.022432154098360656 0.5837692653061224 0.019313040983606557 0.5887988688046647 0.017149003278688523 0.5851914096209913 0.01760122213114754 0.5917510058309038 0.022086132786885246 0.5906569781341108 0.027590820491803277 0.6003862346938775 0.030825272950819674 0.5930607303206997 0.032495599180327864 0.5961216297376093
0 0.7546394049180328 0.2940375 0.7514879409836066 0.28933692857142856 0.7499238139344262 0.29972333527696793 0.7578049336065574 0.3399546632653061 0.7707659532786886 0.33612602332361513 0.7754674803278688 0.2892235947521866 0.7697918926229509 0.24658668658892127 0.7774374106557378 0.23445001895043732 0.7705254295081967 0.22679822448979592 0.7682137 0.21575650000000002 0.7621323098360656 0.21750676093294463 0.7579934196721312 0.21171307725947522 0.7498541893442623 0.22330318804664726 0.7527334778688525 0.2386086034985423 0.7512431950819672 0.2527121443148688 0.7563280163934426 0.26561197959183674 0.7545008565573771 0.27086002040816326 0.7583675713114754 0.2872585510204082 0.7546394049180328 0.2940375