0 0.8346299212598426 0.8042925583941606 0.842204251968504 0.7855786277372263 0.8982631299212599 0.7666142153284671 0.9157939763779528 0.7460702956204379 0.9116976751968504 0.7215622591240876 0.8766857736220472 0.7041799416058394 0.8723374842519686 0.6869356313868613 0.88050368503937 0.6226432481751825 0.8700929881889763 0.5805305255474452 0.8853676437007875 0.539470810218978 0.8975422519685039 0.5307374708029197 0.8943660059055119 0.5082255510948905 0.9086327125984252 0.4962207262773723 0.9075485629921259 0.47043732116788317 0.9219412637795276 0.45480063503649637 0.9057963464566929 0.4353940802919708 0.8953358562992126 0.4517515145985402 0.8907355787401575 0.44177092700729925 0.905758246062992 0.40797493065693435 0.9018758326771653 0.3487840291970803 0.8842687854330709 0.3144896496350365 0.850467027559055 0.31925887591240876 0.8023721594488189 0.22272447445255475 0.7973938996062993 0.2236394708029197 0.8158712086614174 0.3184001204379562 0.8410027913385827 0.3924507226277372 0.8335544547244095 0.4075327919708029 0.8017188011811023 0.4126623868613139 0.7783277401574803 0.45954433576642334 0.7684972145669292 0.45774246350364967 0.7587545885826772 0.42488958394160586 0.770891096456693 0.38873709489051095 0.7895060925196851 0.39397658394160584 0.7905140413385827 0.36492169343065695 0.7765872165354331 0.33861178467153286 0.7432894330708661 0.32885356569343066 0.7327029488188976 0.3488428613138686 0.7239184763779527 0.3454052481751825 0.7190164153543307 0.4011585401459854 0.6778542145669292 0.38995882116788316 0.660361466535433 0.43792188686131384 0.6105788838582678 0.4470718430656934 0.6076165255905512 0.38987705474452555 0.6604610551181102 0.3209815729927007 0.6798701141732283 0.3318490401459854 0.7099916515748032 0.3190953430656934 0.7222043582677166 0.3377811532846715 0.7221662578740158 0.310362003649635 0.6945148011811023 0.30894862773722626 0.6763656811023623 0.26176254744525546 0.6495463858267716 0.293396299270073 0.6357836515748031 0.2908736824817518 0.6227768838582677 0.26655989416058395 0.5854208976377953 0.2597127883211679 0.5665920137795275 0.28915617518248177 0.5412846417322835 0.2772075875912409 0.5533713562992125 0.2995252554744525 0.5290221377952756 0.31699193430656936 0.5475111417322834 0.3258632810218978 0.5484692972440945 0.3552785474452555 0.5838972775590552 0.38918442700729927 0.5696686712598426 0.428608401459854 0.5279146003937008 0.4629871386861314 0.528204687007874 0.4831425620437956 0.5441855098425197 0.47876183211678836 0.5612504822834646 0.5001645072992701 0.6081088051181102 0.46123891240875914 0.6289418937007873 0.4595750510948905 0.6136672362204725 0.5006347664233577 0.5889400393700787 0.5289970328467154 0.5964645767716535 0.5687532591240876 0.6379168641732283 0.600108401459854 0.6085014940944882 0.6495410839416058 0.60711556496063 0.6894915620437957 0.58816068503937 0.7225668102189781 0.590416877952756 0.7430826058394161 0.6465255492125984 0.6656480328467154 0.6600362933070866 0.6754343759124087 0.6841335236220473 0.6652314197080291 0.6785633956692912 0.7117248686131388 0.698980403543307 0.6935374416058394 0.7096049881889763 0.7009672883211678 0.7047029291338582 0.7567205802919709 0.6531183346456693 0.7892974489051096 0.6553745255905511 0.8098132481751825 0.6796358503937008 0.8233975766423358 0.7177096988188976 0.7810343686131387 0.7293803307086615 0.7868284744525548 0.7580397381889763 0.7591869598540145 0.7722185511811023 0.7782331423357665 0.77434875 0.802380802919708 0.816721092519685 0.8357320620437957 0.8231233818897637 0.8222857372262774 0.8418643700787402 0.8238933613138686 0.8346299212598426 0.8042925583941606
0 0.7491994429133858 0.24404538321167885 0.7652564645669292 0.29450294890510953 0.7731208838582677 0.2959444452554745 0.7821192460629921 0.2646991897810219 0.7550596555118111 0.21770735766423358 0.7491994429133858 0.24404538321167885
0 0.581626377952756 0.16947087591240875 0.576193937007874 0.12644315693430658 0.5589150787401574 0.13972335401459854 0.5587392893700788 0.20182536861313868 0.581626377952756 0.16947087591240875
0 0.6028755452755906 0.18433056934306571 0.6040856870078739 0.20648211313868614 0.6149622598425196 0.2066482408759124 0.6227885787401575 0.18067059124087592 0.6122899881889764 0.1696088795620438 0.6028755452755906 0.18433056934306571
0 0.46033748818897635 0.5858340401459854 0.4540611929133858 0.5956484999999999 0.46731994881889766 0.6126985656934306 0.4638419212598425 0.6559205255474453 0.4746305984251969 0.6871376642335767 0.4618260216535433 0.7140303102189781 0.471908531496063 0.7085684562043796 0.48404504133858267 0.6724159708029197 0.4936235748031496 0.6814815656934307 0.5244847696850394 0.6901827956204379 0.5032138070866141 0.6046578540145986 0.4883669251968504 0.5763518321167883 0.4873706712598425 0.5195174197080291 0.46000930118110234 0.5382594671532847 0.46033748818897635 0.5858340401459854
0 0.531419031496063 0.5330736277372262 0.5491139744094489 0.5363169927007299 0.5413374507874015 0.5038244890510949 0.531419031496063 0.5330736277372262
0 0.582865938976378 0.5900179270072993 0.5787696358267717 0.565509894160584 0.5576845590551182 0.5744374817518249 0.5748755255905512 0.5922082919708029 0.582865938976378 0.5900179270072993
0 0.5901765866141733 0.6644570218978103 0.5650831023622047 0.6178255656934306 0.5478042421259842 0.6311057664233577 0.5759098799212599 0.6764618540145986 0.5901765866141733 0.6644570218978103
0 0.8878026377952756 0.7829716496350365 0.8812743562992126 0.8000498321167883 0.8739139114173228 0.7840808941605839 0.8550469271653544 0.7861051313868613 0.8606434606299213 0.8529201313868613 0.8751123582677165 0.8921217408759125 0.8914711653543307 0.8768454233576642 0.8878026377952756 0.7829716496350365
0 0.9200777618110236 0.6225870072992701 0.9266060433070866 0.6055088211678832 0.893067968503937 0.5171250182481751 0.9200777618110236 0.6225870072992701
0 0.892766187007874 0.582858901459854 0.896610501968504 0.6146306569343066 0.9096670649606299 0.5804742883211679 0.8949080787401575 0.5211172554744525 0.8791675492125984 0.6041235656934306 0.892766187007874 0.582858901459854