0 0.6671875 0.002777777777777778 0.81328125 0.0125 0.8234375 0.022222222222222223 0.825 0.05416666666666667 0.81953125 0.20833333333333334 0.8109375 0.32916666666666666 0.8140625 0.39305555555555555 0.82265625 0.42916666666666664 0.83359375 0.4513888888888889 0.85703125 0.4861111111111111 0.8890625 0.5097222222222222 0.89453125 0.5305555555555556 0.89140625 0.5513888888888889 0.87109375 0.6041666666666666 0.86015625 0.6708333333333333 0.8484375 0.6791666666666667 0.834375 0.6791666666666667 0.821875 0.6944444444444444 0.80546875 0.7430555555555556 0.7953125 0.7875 0.7875 0.8 0.7609375 0.8111111111111111 0.74921875 0.8305555555555556 0.74609375 0.8805555555555555 0.753125 1 0.6078125 1 0.6125 0.9277777777777778 0.6125 0.8597222222222223 0.60390625 0.7486111111111111 0.58359375 0.6888888888888889 0.565625 0.6583333333333333 0.5546875 0.6458333333333334 0.52734375 0.6305555555555555 0.503125 0.6055555555555555 0.49140625 0.5569444444444445 0.475 0.5180555555555556 0.46953125 0.4930555555555556 0.4671875 0.4444444444444444 0.45 0.30972222222222223 0.44609375 0.1527777777777778 0.43984375 0.13472222222222222 0.4140625 0.11805555555555555 0.4046875 0.10138888888888889 0.4046875 0.08333333333333333 0.4171875 0.05555555555555555 0.4203125 0.03888888888888889 0.440625 0.009722222222222222 0.4546875 0.009722222222222222 0.4796875 0.02361111111111111 0.49453125 0.025 0.53359375 0.008333333333333333
0 0.453125 0.6875 0.459375 0.6888888888888889 0.465625 0.7083333333333334 0.48515625 0.7402777777777778 0.47890625 0.75 0.47890625 0.95 0.4734375 0.9930555555555556 0.46796875 1 0.38671875 1 0.38125 0.9958333333333333 0.3296875 1 0.3296875 0.9722222222222222 0.33828125 0.9694444444444444 0.34453125 0.9583333333333334 0.35546875 0.9555555555555556 0.35625 0.8375 0.359375 0.7986111111111112 0.365625 0.775 0.38671875 0.7375 0.40234375 0.7194444444444444 0.42890625 0.6944444444444444
0 0.16953125 0.4736111111111111 0.1796875 0.4777777777777778 0.1828125 0.5152777777777777 0.178125 0.5347222222222222 0.16953125 0.5416666666666666 0.17109375 0.5472222222222223 0.1671875 0.5583333333333333 0.1546875 0.5611111111111111 0.1515625 0.5527777777777778 0.15390625 0.49583333333333335 0.1609375 0.4791666666666667
0 0.359375 0.28680555555555554 0.36171875 0.27291666666666664 0.353515625 0.2652777777777778 0.3515625 0.2826388888888889
0 0.4015625 0.2590277777777778 0.4046875 0.2548611111111111 0.4046875 0.2423611111111111 0.392578125 0.23333333333333334 0.3890625 0.24513888888888888 0.39140625 0.2548611111111111
0 0.37109375 0.22847222222222222 0.37421875 0.22013888888888888 0.371875 0.20208333333333334 0.363671875 0.19166666666666668 0.36015625 0.19791666666666666 0.3609375 0.21458333333333332 0.368359375 0.22916666666666666
0 0.31796875 0.26180555555555557 0.33125 0.2590277777777778 0.3328125 0.2520833333333333 0.326171875 0.2361111111111111 0.308203125 0.23194444444444445 0.30234375 0.23958333333333334 0.305078125 0.25833333333333336
0 0.23046875 0.27708333333333335 0.2375 0.25763888888888886 0.2375 0.2298611111111111 0.226953125 0.2152777777777778 0.21875 0.23541666666666666 0.21796875 0.2590277777777778 0.222265625 0.275
0 0.08203125 0.06597222222222222 0.093359375 0.06111111111111111 0.0984375 0.050694444444444445 0.09921875 0.035416666666666666 0.092578125 0.02361111111111111 0.079296875 0.02361111111111111 0.07421875 0.035416666666666666 0.07421875 0.059027777777777776
0 0.14609375 0.14097222222222222 0.153125 0.13541666666666666 0.1546875 0.12013888888888889 0.149609375 0.10833333333333334 0.144921875 0.10694444444444444 0.1375 0.11319444444444444 0.13515625 0.13125
0 0.1125 0.18958333333333333 0.115625 0.18541666666666667 0.1140625 0.16597222222222222 0.101953125 0.16527777777777777 0.1015625 0.1840277777777778 0.105859375 0.19027777777777777
0 0.00546875 0.06041666666666667 0.0109375 0.05486111111111111 0.01171875 0.035416666666666666 0.009375 0.024305555555555556 0.000390625 0.013888888888888888 0 0.06041666666666667
0 0.33125 0.18125 0.334375 0.17847222222222223 0.33515625 0.16319444444444445 0.330859375 0.15555555555555556 0.326171875 0.15555555555555556 0.32421875 0.17152777777777778
0 0.4328125 0.18263888888888888 0.43828125 0.17569444444444443 0.4375 0.16458333333333333 0.423046875 0.16111111111111112 0.4203125 0.1673611111111111 0.42109375 0.17847222222222223