0 0.8088319510309279 0.6796952877697842 0.8226096108247423 0.6477898561151079 0.8822477190721649 0.6566069496402878 0.719641412371134 0.5977699604316546 0.7177095592783506 0.574338298561151 0.7010518943298969 0.5665162553956835 0.6519559484536083 0.5776658525179856 0.6498818969072165 0.5908740287769784 0.6776446726804124 0.6039107661870503 0.6810876262886598 0.6288862482014388 0.6997482448453608 0.6418200359712231 0.7608974536082473 0.6521809424460431 0.7598071030927835 0.6725249676258993 0.7703848144329897 0.6833316978417266 0.8088319510309279 0.6796952877697842
0 0.12381745360824743 0.6266544208633094 0.20977833505154642 0.6286445143884891 0.3173153865979381 0.6741359100719425 0.32339534536082476 0.6711512230215827 0.26794088917525777 0.6267578273381295 0.2912414613402062 0.6168431906474819 0.36753723195876287 0.6334823237410071 0.35428697164948453 0.6597957230215827 0.32490644329896906 0.6726950395683453 0.32279684536082476 0.6950631726618706 0.23437086855670103 0.8070408057553957 0.18573122164948455 0.8309182841726619 0.1846764226804124 0.8421023525179856 0.2312775670103093 0.8222730863309352 0.284136412371134 0.7536593381294964 0.33024570360824745 0.7302621438848921 0.33119385309278354 0.7465579568345324 0.2950637731958763 0.8046738273381294 0.302619280927835 0.8123929208633094 0.36370323195876286 0.7092663956834533 0.41290582731958764 0.670636917266187 0.4781320386597938 0.6729013992805755 0.49120455154639175 0.6923877985611511 0.5295805902061855 0.7070713057553957 0.574072131443299 0.7096101726618704 0.5883060927835052 0.6904326258992806 0.5879564407216494 0.6502248633093525 0.5437492963917526 0.5744063273381295 0.5398144896907217 0.5458629208633093 0.5932362835051547 0.46249717985611516 0.5522232474226804 0.4757738381294964 0.5234767680412371 0.4556012482014388 0.5096991082474227 0.48750667625899285 0.49613474484536085 0.46445235251798556 0.46267721391752575 0.4854481007194245 0.42890557989690725 0.45707612589928054 0.43705958762886593 0.4408832697841727 0.4295040798969072 0.4331641798561151 0.3679696675257732 0.391755464028777 0.2975050051546392 0.4362513597122302 0.26320597164948456 0.41347142086330935 0.24591425773195877 0.43872128776978414 0.19383165721649484 0.4376232913669065 0.18110879896907214 0.4583446510791367 0.11271818298969072 0.48963237410071936 0.09440721907216496 0.5169063489208633 0.09060876804123712 0.5835304604316547 0.12381745360824743 0.6266544208633094
0 0.41775323711340207 0.7246360971223021 0.43940050515463913 0.7498174820143885 0.4369768041237113 0.7228178884892087 0.4148376804123711 0.6940685827338129 0.3935400618556701 0.7090949604316547 0.3979667164948454 0.7412062913669065 0.41775323711340207 0.7246360971223021
0 0.48012914948453606 0.8098204964028777 0.48916020876288663 0.8282433633093526 0.5038860231958763 0.8126337446043166 0.4943275618556701 0.7998029064748202 0.48012914948453606 0.8098204964028777
0 0.6751795773195877 0.7178784892086331 0.7055082577319588 0.7212749820143884 0.707582306701031 0.7080668057553956 0.6934549922680413 0.6997644748201439 0.6751795773195877 0.7178784892086331
0 0.6652714664948454 0.6648398884892086 0.6859705850515464 0.673725464028777 0.7189007164948453 0.6583217482014388 0.7042815489690721 0.6464514892086332 0.6652714664948454 0.6648398884892086
0 0.9075512422680413 0.6518040575539569 0.8958831829896906 0.6613413561151079 0.9186208041237113 0.6661787158273381 0.9075512422680413 0.6518040575539569
0 1 0.6762206798561151 0.9772752087628865 0.6678599532374101 0.9731982061855671 0.675956381294964 0.9858144175257731 0.6827148956834532 1 0.6810916762589928 1 0.6762206798561151
0 0.6443707319587628 0.44729936690647487 0.6728031082474226 0.41810423741007197 0.62321531185567 0.42568591007194245 0.6358315231958763 0.43244442446043163 0.6180479587628865 0.4541263633093525 0.6443707319587628 0.44729936690647487
0 0.6727617164948453 0.5590715503597122 0.6768742680412371 0.5418151582733813 0.5638499149484536 0.6072038525179856 0.6316420309278351 0.5998280827338129 0.6332597783505154 0.573892025179856 0.6727617164948453 0.5590715503597122
0 0.5778705824742268 0.6429860647482014 0.5788187345360825 0.6592818741007194 0.6846016804123711 0.635541809352518 0.6628833118556702 0.6286803417266187 0.5778705824742268 0.6429860647482014
0 0.2750995103092783 0.8670438201438849 0.25074413659793815 0.8881425215827338 0.2038941469072165 0.9720915035971224 0.2750995103092783 0.8670438201438849
0 0.3075256082474227 0.3300027302158273 0.1943590592783505 0.43203125899280576 0.28260728608247426 0.3658534244604316 0.3075256082474227 0.3300027302158273
0 0.47500318814432985 0.6972936402877697 0.4840697963917526 0.7065565467625899 0.46987138402061857 0.7165741330935251 0.4733498865979381 0.7323896582733812 0.5113407216494845 0.7160253633093525 0.5083540695876289 0.7037777661870503 0.4891305 0.7055959712230215 0.4871631005154639 0.6913242661870503 0.47500318814432985 0.6972936402877697
0 0.7001748402061856 0.5319005251798561 0.6935319329896907 0.5496372050359711 0.7183080567010309 0.550426345323741 0.7295198170103093 0.5281611654676258 0.7001748402061856 0.5319005251798561