0 0.7289586680327869 0.4662385815217391 0.7371541393442623 0.4667442989130435 0.7552958729508197 0.48145464130434784 0.7613828606557378 0.4845484239130435 0.7678275450819672 0.4713552391304348 0.7681852418032786 0.45506827173913045 0.764206737704918 0.44938642391304345 0.7650413606557378 0.4113835 0.7630521106557377 0.408542570652174 0.7546181762295082 0.4188948315217392 0.7259340204918033 0.41712482065217393 0.7153915983606558 0.43006514673913043 0.7150339016393443 0.44635210869565217 0.7289586680327869 0.4662385815217391
0 1 0.43382122826086955 0.9517864426229509 0.4093161195652174 0.9501548893442623 0.3901882282608696 0.944187131147541 0.38166545108695654 0.9277961885245902 0.38065402173913043 0.883436475409836 0.3452986304347826 0.8547523237704917 0.3435286141304348 0.7945601393442623 0.37515058695652176 0.7981809467213115 0.397119402173913 0.7934870532786885 0.42401149456521736 0.8010863647540983 0.45166215217391303 0.8406329426229509 0.5193386195652174 0.9533803114754098 0.5235777500000001 0.9737497581967214 0.5302710434782609 0.9862814344262295 0.5201716358695652 1 0.5184289293478261 1 0.43382122826086955
0 0.7642821229508197 0.25911894021739135 0.7624121024590164 0.25084902717391305 0.7501188893442623 0.25009045108695654 0.7478911721311475 0.2581075054347826 0.7517504467213115 0.2692183423913043 0.7677836967213115 0.28651675 0.7759791680327869 0.2870224673913043 0.7762176311475409 0.27616448369565216 0.7642821229508197 0.25911894021739135
0 0.8053848729508197 0.5361907771739131 0.7908639467213114 0.54344925 0.7905062540983606 0.559736222826087 0.7985824918032787 0.565670929347826 0.8087672172131147 0.569017570652174 0.8193096393442623 0.5560772445652173 0.8134611147540983 0.5421254836956522 0.8053848729508197 0.5361907771739131
0 0.8181173196721311 0.6103671413043478 0.8081710573770492 0.5961625217391304 0.7958778524590164 0.5954039402173913 0.7853354303278689 0.6083442663043478 0.7852161967213115 0.61377325 0.7931732049180329 0.6251369510869565 0.8115534016393442 0.6289893152173913 0.8139003524590165 0.6155432663043479 0.8181173196721311 0.6103671413043478
0 0.8187573278688525 0.7680606847826086 0.8088110696721311 0.7538560652173913 0.7965178606557377 0.7530974836956522 0.790192405737705 0.7608616847826086 0.7898347131147542 0.7771486467391304 0.7938132172131148 0.7828305 0.8121934139344262 0.7866828586956522 0.8185188647540984 0.7789186630434782 0.8187573278688525 0.7680606847826086
0 0.8026486967213114 0.9410297608695651 0.7927024385245902 0.9268251467391305 0.7845069631147541 0.9263194239130434 0.778181512295082 0.9340836195652173 0.7777045860655738 0.9557995760869565 0.7816830901639344 0.9614814239130434 0.7959655491803279 0.9650809239130436 0.802291 0.9573167336956522 0.8026486967213114 0.9410297608695651
0 0.969821262295082 0.9893999130434783 0.9702981926229508 0.9676839619565218 0.9788513606557377 0.9519027065217393 0.9771005737704919 0.9382038097826088 0.9607096270491804 0.9371923695652175 0.9417332704918032 0.9604849565217392 0.9412563401639344 0.9822009130434782 0.9486893934426229 0.9928163206521738 0.9671539918032788 0.9926738695652174 0.969821262295082 0.9893999130434783
0 0.9453102295081968 0.7976152826086956 0.9492887336065574 0.803297125 0.9656796803278689 0.8043085652173912 0.9660373770491804 0.7880215923913043 0.960069618852459 0.7794988206521739 0.9456679262295082 0.7813283097826087 0.9453102295081968 0.7976152826086956
0 0.9354393483606557 0.5931431739130435 0.9291138975409836 0.600907375 0.9287562008196721 0.6171943369565218 0.9327347049180328 0.6228761902173913 0.9388216967213115 0.625969972826087 0.9451471475409836 0.6182057771739131 0.9455048442622951 0.6019188097826087 0.9354393483606557 0.5931431739130435
0 0.8892096229508197 0.549517875 0.8931881270491804 0.555199722826087 0.8992751147540983 0.5582935108695652 0.9056005655737706 0.5505293097826087 0.9038497786885246 0.5368304076086957 0.8894480860655737 0.5386598967391304 0.8892096229508197 0.549517875
0 0.8411914139344263 0.5873274130434784 0.8348659590163934 0.5950916086956521 0.8367359795081967 0.6033615217391304 0.8428229713114754 0.6064553043478261 0.8448122213114755 0.6092962282608696 0.8511376762295082 0.6015320326086957 0.8493868893442623 0.5878331304347826 0.8411914139344263 0.5873274130434784
0 0.6951036885245901 0.5130766141304348 0.6846804999999999 0.5205879456521739 0.6843228032786886 0.5368749184782609 0.6923990450819673 0.5428096195652173 0.6984860327868853 0.5459034076086956 0.7048114877049181 0.5381392065217391 0.7051691844262296 0.5218522445652174 0.6951036885245901 0.5130766141304348
0 0.7403734057377048 0.3201615923913044 0.7427203483606557 0.3067155489130435 0.7325356229508196 0.30336890217391305 0.7262101721311475 0.31113310326086957 0.7260909385245902 0.31656208695652177 0.7403734057377048 0.3201615923913044
0 0.7581135901639344 0.16632040760869565 0.7521458319672131 0.15779763586956522 0.7439503606557377 0.15729191304347825 0.7399718565573771 0.15161006521739132 0.7294294344262295 0.16455039130434782 0.7332887090163935 0.17566122826086958 0.751668905737705 0.17951359239130435 0.7579943606557378 0.17174939130434783 0.7581135901639344 0.16632040760869565
0 0.6510955163934427 0.18146202173913045 0.6549547909836065 0.19257285869565216 0.6672479959016394 0.1933314347826087 0.667486463114754 0.18247345652173913 0.6615187090163934 0.1739506847826087 0.6574209672131148 0.17369782608695652 0.6510955163934427 0.18146202173913045
0 0.4898153237704918 0.331882125 0.4858368237704918 0.32620027717391303 0.47951136885245904 0.3339644673913043 0.4792729057377049 0.3448224456521739 0.49355536475409834 0.3484219510869565 0.49988081967213116 0.3406577554347826 0.5000000491803278 0.33522876630434784 0.4898153237704918 0.331882125
0 0.7996117336065575 0.3319715380434783 0.8076879713114754 0.33790623913043477 0.8137749590163935 0.34100002717391303 0.8179919303278689 0.33582389673913043 0.8384806106557378 0.33708819021739134 0.8448060655737705 0.329324 0.8449252950819672 0.3238950054347826 0.8389575368852459 0.3153722336956522 0.818468856557377 0.3141079402173913 0.8142518893442623 0.3192840706521739 0.8060564139344262 0.31877835326086956 0.7997309631147541 0.32654254347826084 0.7996117336065575 0.3319715380434783
0 0.8668447622950819 0.2600114293478261 0.870823262295082 0.2656932826086956 0.8769102540983607 0.2687870652173913 0.8832357049180328 0.26102286956521736 0.881484918032787 0.24732396739130436 0.8670832254098361 0.2491534510869565 0.8668447622950819 0.2600114293478261
0 0.9334439385245902 0.31033002173913043 0.9310969918032788 0.3237760652173913 0.9453794508196721 0.3273755652173913 0.9477263975409835 0.3139295163043478 0.9334439385245902 0.31033002173913043
0 0.4467671721311475 0.23680785869565216 0.4489948852459016 0.2287907989130435 0.44302712704918035 0.22026802717391303 0.4348316557377049 0.2197623097826087 0.4324847049180328 0.23320835326086956 0.4467671721311475 0.23680785869565216
0 0.37734411475409835 0.22165126630434784 0.3568554344262295 0.22038697282608696 0.35052998360655735 0.2281511684782609 0.35438925409836064 0.2392620054347826 0.37686718852459017 0.24336722282608697 0.3831926393442623 0.23560303260869564 0.3833118729508197 0.23017403804347827 0.37734411475409835 0.22165126630434784
0 0.37711181147540984 0.5124814782608695 0.37114405327868855 0.5039587065217391 0.3547531106557377 0.5029472717391305 0.3484276557377049 0.5107114673913044 0.3481891885245902 0.5215694456521739 0.3521676967213115 0.5272512934782609 0.3664501557377049 0.5308507989130434 0.37699257786885243 0.517910472826087 0.37711181147540984 0.5124814782608695
0 0.5251510942622951 0.6847069510869566 0.5152048360655738 0.6705023315217391 0.5111071024590164 0.6702494673913043 0.5047816434426229 0.6780136630434782 0.5045431844262295 0.6888716413043479 0.5085216885245901 0.6945534891304348 0.5187064139344262 0.6979001358695652 0.5250318647540984 0.6901359402173913 0.5251510942622951 0.6847069510869566
0 0.4860437540983607 0.6904482663043477 0.49236920491803277 0.6826840760869566 0.4906184180327869 0.6689851739130435 0.4803144590163934 0.6710675217391304 0.47995676229508194 0.6873544891304347 0.4860437540983607 0.6904482663043477
0 0.4328547213114754 0.7768658532608697 0.43683322540983605 0.7825477010869565 0.4429202131147541 0.7856414891304347 0.4492456639344262 0.7778772880434783 0.4476141106557377 0.7587493967391304 0.4332124180327869 0.7605788858695652 0.4328547213114754 0.7768658532608697
0 0.08903409836065573 0.36423273913043475 0.0706538975409836 0.36038037500000003 0.060111475409836065 0.3733207010869565 0.06397074999999999 0.3844315380434783 0.07415547540983607 0.3877781793478261 0.08247018032786886 0.3828549076086956 0.08879563114754098 0.3750907173913044 0.08903409836065573 0.36423273913043475
0 0.04778057786885246 0.4676958641304348 0.04157435655737705 0.47003107065217387 0.03723815983606558 0.48063618478260867 0.041216659836065574 0.48631803260869566 0.04730365163934426 0.4894118206521739 0.0536291024590164 0.481647625 0.05374833606557377 0.4762186358695652 0.04778057786885246 0.4676958641304348
0 0.1536817131147541 0.31657665217391306 0.151454 0.32459371195652176 0.16163872540983606 0.32794035326086957 0.16386643852459015 0.3199232989130435 0.1536817131147541 0.31657665217391306
0 0.20929923360655736 0.3064177826086956 0.20333147950819672 0.2978950108695652 0.1951360081967213 0.2973892934782609 0.18881054918032789 0.30515348369565215 0.1906805737704918 0.31342339673913044 0.19676756147540983 0.3165171847826087 0.20285454918032786 0.31961096739130435 0.20918 0.3118467663043478 0.20929923360655736 0.3064177826086956
0 0.42939987295081966 0 0.42917774180327867 0.010114076086956521 0.4372539836065574 0.01604878804347826 0.439243237704918 0.01888970652173913 0.44556869262295085 0.011125516304347827 0.44580715163934426 0.00026753804347826087 0.44561981967213116 0 0.42939987295081966 0