0 0.21032540000000002 0.6305561538461539 0.18648873125 0.6405621961538461 0.179061540625 0.6703753076923077 0.19279201562499998 0.6807295576923077 0.21576181874999997 0.6766279500000001 0.22582881562499998 0.6426845923076923 0.21032540000000002 0.6305561538461539
0 0.053422562500000007 0.3211738730769231 0.07152658437500001 0.31558899615384617 0.007404559375 0.30221093846153846 0.053422562500000007 0.3211738730769231
0 0.5902572593750001 0.2726178653846154 0.55623599375 0.27581805 0.502634 0.23233594615384615 0.49859588749999995 0.21136516923076923 0.4424716875 0.21276251923076922 0.40837201875 0.1887965653846154 0.41376923750000005 0.2212852923076923 0.42308696562500003 0.23399558461538464 0.430553353125 0.21776554230769232 0.43368539687499996 0.23105768846153846 0.41256693125000005 0.26409963076923076 0.45692959687499995 0.3220375807692308 0.415855775 0.33172405384615383 0.400469965625 0.36034482692307696 0.382248340625 0.32518048846153846 0.367651 0.3207306807692308 0.369955371875 0.3535103346153846 0.3832328125 0.3600252653846154 0.371767509375 0.36886759999999996 0.3776569625 0.41877871538461536 0.41435724062499996 0.42503135769230765 0.46354648750000005 0.47086950769230773 0.52057675625 0.4771507923076923 0.552746684375 0.4450102653846154 0.54912240625 0.4142957346153846 0.5650004562500001 0.40309735 0.624335096875 0.4421582846153846 0.609402321875 0.47461837692307696 0.621812890625 0.48703773846153847 0.683334309375 0.5181291192307692 0.731499884375 0.515539423076923 0.7626853437500001 0.44855412307692305 0.751516275 0.40690349230769235 0.708591115625 0.3876496346153846 0.71915034375 0.3711286653846154 0.7030762968750001 0.3144116923076923 0.6738424125 0.29192900769230773 0.632354753125 0.3113592346153846 0.5902572593750001 0.2726178653846154
0 0.33796407500000003 0.29440867692307693 0.338870146875 0.3020873076923077 0.334043565625 0.3141871115384615 0.33494963437499997 0.32186574615384617 0.343814328125 0.33073672307692303 0.348680109375 0.33221999230769234 0.353545890625 0.3337032615384616 0.3561857 0.3295730153846154 0.377835596875 0.3275365346153846 0.384435115625 0.3172109269230769 0.382169940625 0.29801434615384614 0.373305246875 0.2891433692307693 0.360027809375 0.2826284423076923 0.341923790625 0.28821331538461537 0.33796407500000003 0.29440867692307693
0 0.33329430000000004 0.3608407615384615 0.331107525 0.3688103230769231 0.345291034375 0.38300388461538465 0.34928994687500003 0.39039159230769227 0.35415572812499996 0.3918748615384615 0.35943534062500004 0.3836143769230769 0.37135367812500003 0.37861135384615385 0.37840623125 0.37212506538461537 0.373915084375 0.3473149692307692 0.365089590625 0.3520270653846154 0.361543715625 0.3484786730769231 0.342986659375 0.35022423076923076 0.33329430000000004 0.3608407615384615
0 0.40425104375 0.4453916423076923 0.40161123437499996 0.44952188846153845 0.398065359375 0.4459734961538461 0.39542555 0.4501037423076923 0.389239865625 0.4506855923076923 0.38528015625 0.45688095384615385 0.38573318749999996 0.4607202730769231 0.396784653125 0.46162168846153845 0.39942446249999997 0.4574914461538462 0.4087029875 0.45661866538461543 0.41707544687500003 0.4480672576923077 0.42326113125 0.4474854038461538 0.42412799999999995 0.4415809692307692 0.41616937812500004 0.44038862307692306 0.413529571875 0.4445188653846154 0.40425104375 0.4453916423076923
0 0.37340101875 0.47546704615384616 0.377360728125 0.4692716846153846 0.376454659375 0.46159305 0.368496034375 0.4604007076923077 0.36189651562499997 0.47072631538461535 0.3628025875 0.47840494615384616 0.36766836875000003 0.4798882153846154 0.37340101875 0.47546704615384616
0 0.36138245 0.5988783884615385 0.36624823125 0.6003616576923076 0.380767175 0.5776453230769231 0.37986110625 0.5699666923076923 0.3745422875 0.5646441076923077 0.371449446875 0.5649350307692308 0.364849928125 0.5752606384615385 0.365755996875 0.5829392730769231 0.357836571875 0.59533 0.36138245 0.5988783884615385
0 0.47630985625 0.6055365153846154 0.482909378125 0.5952109076923078 0.48155027187500005 0.5836929576923077 0.47268558125000004 0.5748219846153846 0.46340705312499997 0.5756947615384614 0.45680753437500005 0.5860203692307693 0.458619675 0.6013776307692308 0.46216555000000004 0.6049260230769231 0.47630985625 0.6055365153846154
0 0.570672075 0.530667573076923 0.567579228125 0.5309585 0.555700096875 0.5495445923076924 0.556606165625 0.5572232230769231 0.56147194375 0.5587064961538462 0.57335108125 0.5401204038461539 0.570672075 0.530667573076923
0 0.59070583125 0.5811891807692308 0.590252796875 0.5773498653846154 0.58316104375 0.5702530807692308 0.5822549718750001 0.5625744500000001 0.57693615625 0.5572518653846154 0.578787496875 0.5861922038461539 0.58674611875 0.5873845423076922 0.59070583125 0.5811891807692308
0 0.562495615625 0.6071343384615384 0.5642685562499999 0.6089085384615384 0.568228265625 0.6027131730769231 0.5668691625 0.5911952230769231 0.563323284375 0.5876468307692307 0.562417215625 0.5799681999999999 0.557551434375 0.5784849307692308 0.5540447562499999 0.5885196076923077 0.5554038625 0.6000375615384616 0.562495615625 0.6071343384615384
0 0.65467105625 0.5402349576923077 0.65421801875 0.5363956423076922 0.6488992062500001 0.5310730576923076 0.6458063625 0.5313639846153847 0.641846653125 0.5375593461538462 0.645845565625 0.5449470538461539 0.6507113437500001 0.5464303230769231 0.65467105625 0.5402349576923077
0 0.622422728125 0.5452093384615384 0.6228365625000001 0.5354655846153845 0.6148779375 0.5342732461538462 0.614464103125 0.5440170000000001 0.622422728125 0.5452093384615384
0 0.594391140625 0.4799123192307692 0.600576828125 0.4793304692307692 0.595258009375 0.4740078846153846 0.594391140625 0.4799123192307692
0 0.5908844656250001 0.48994699999999997 0.5912982999999999 0.4802032461538462 0.5797546 0.46187944230769234 0.578848528125 0.45420081153846154 0.573982746875 0.4527175423076923 0.573568915625 0.4624612961538461 0.5815667375 0.4772367076923077 0.582925840625 0.4887546576923077 0.5908844656250001 0.48994699999999997
0 0.571835178125 0.47427017307692304 0.569156165625 0.4648173423076923 0.561650578125 0.4674643153846154 0.560369875 0.4831125076923077 0.5621428125000001 0.48488670384615384 0.5678754625 0.4804655346153846 0.571835178125 0.47427017307692304
0 0.734592728125 0.5152484961538462 0.723994296875 0.5181863961538462 0.722713590625 0.5338345884615384 0.726259471875 0.5373829769230769 0.74172368125 0.53592835 0.73991154375 0.5205710807692308 0.734592728125 0.5152484961538462
0 0.76114760625 0.5282783538461538 0.767747125 0.5179527461538461 0.7659349875 0.5025954807692308 0.760616171875 0.4972728961538462 0.75133764375 0.4981456730769231 0.744738121875 0.5084712807692308 0.746097228125 0.5199892269230769 0.75318898125 0.5270860115384615 0.76114760625 0.5282783538461538
0 0.762288878125 0.6174554115384616 0.76934143125 0.6109691230769231 0.77107516875 0.5991602500000001 0.765303321875 0.5899983461538462 0.75293195 0.59116205 0.7489722375000001 0.5973574115384616 0.7503313406250001 0.6088753653846154 0.757423096875 0.6159721423076924 0.762288878125 0.6174554115384616
0 0.792311234375 0.6068675230769232 0.796270946875 0.6006721538461538 0.795364875 0.5929935230769231 0.790046059375 0.5876709384615385 0.7838603749999999 0.5882527884615385 0.7799006625 0.5944481538461539 0.78080673125 0.6021267846153846 0.7843526093750001 0.6056751769230769 0.792311234375 0.6068675230769232
0 0.7580155625 0.5149862115384615 0.7827583031249999 0.5126588000000001 0.758350996875 0.47807631153846153 0.75525815625 0.4783672384615385 0.748658634375 0.48869284615384617 0.7522045125 0.4922412346153846 0.74737793125 0.5043410346153846 0.7500569375 0.5137938653846155 0.752696746875 0.509663623076923 0.7580155625 0.5149862115384615
0 0.784335240625 0.4465176423076923 0.779016425 0.4411950538461538 0.766645053125 0.44235876153846154 0.7630991781249999 0.4388103692307692 0.7622323093750001 0.4447148076923077 0.7693240625 0.45181158846153846 0.780375528125 0.4527130076923077 0.784335240625 0.4465176423076923
0 0.848714296875 0.3958196692307692 0.85531381875 0.3854940615384615 0.85440775 0.3778154269230769 0.845090021875 0.3651051307692308 0.83271865 0.36626883846153846 0.828758940625 0.3724642 0.8310241125 0.3916607846153846 0.8345699906249999 0.3952091769230769 0.848714296875 0.3958196692307692
0 0.81284169375 0.3700795153846154 0.814614628125 0.3718537115384616 0.820347278125 0.3674325423076923 0.8269468 0.3571069346153846 0.82604073125 0.3494283 0.816723003125 0.3367180076923077 0.80435163125 0.3378817115384615 0.798205146875 0.3520466346153846 0.8031101312500001 0.36711297307692303 0.81284169375 0.3700795153846154
0 0.879721125 0.42007655 0.883680834375 0.41388118076923075 0.88232173125 0.4023632346153846 0.8734570375 0.39349225769230767 0.862858609375 0.3964301576923077 0.8606718343749999 0.40439971538461533 0.8620309374999999 0.4159176653846154 0.865576815625 0.4194660576923077 0.879721125 0.42007655
0 0.928339734375 0.4213261692307692 0.930073475 0.4095172923076923 0.92475465625 0.4041947076923077 0.918568971875 0.40477656153846153 0.911969453125 0.4151021653846154 0.913781590625 0.4304594307692308 0.921740215625 0.43165177692307694 0.928339734375 0.4213261692307692
0 0.935470690625 0.44200602307692305 0.9279651 0.44465299230769234 0.9288711718749999 0.4523316307692308 0.93241705 0.45588001923076926 0.9341899874999999 0.45765421538461537 0.94078950625 0.4473286076923077 0.935470690625 0.44200602307692305
0 0.79936825 0.2956492307692307 0.798954415625 0.3053929846153846 0.8038201968750001 0.3068762538461538 0.807779909375 0.30068088846153845 0.802461090625 0.29535830384615386 0.79936825 0.2956492307692307
0 0.7472429625 0.3044342923076923 0.741057278125 0.3050161423076923 0.737097565625 0.3112115076923077 0.74064344375 0.3147598961538462 0.748602065625 0.31595223846153847 0.752561778125 0.3097568769230769 0.7472429625 0.3044342923076923
0 0.747813596875 0.3490228192307692 0.7491727 0.3605407692307692 0.754038484375 0.36202403846153847 0.75799819375 0.3558286769230769 0.7553191875 0.34637584615384615 0.747813596875 0.3490228192307692
0 0.59443480625 0.18876339230769232 0.593981771875 0.18492407307692307 0.58866295625 0.17960148846153848 0.579384428125 0.18047426923076923 0.575424715625 0.18666963076923077 0.579423628125 0.19405733846153847 0.5904750937500001 0.1949587576923077 0.59443480625 0.18876339230769232
0 0.52676690625 0.1718369423076923 0.5316326874999999 0.1733202076923077 0.53823220625 0.16299460384615383 0.5390598718749999 0.14350709230769232 0.5266493031249999 0.1310877269230769 0.511185090625 0.1325423576923077 0.5076784125 0.1425770346153846 0.509490553125 0.15793430384615384 0.521901121875 0.1703536730769231 0.52676690625 0.1718369423076923
0 0.48565388125000003 0.16794034615384615 0.48429477812500005 0.1564223923076923 0.47588311875 0.1513907346153846 0.46705762812499996 0.1561028307692308 0.46709682499999994 0.1696859 0.47064270625000004 0.17323429230769233 0.48169416875 0.17413570769230768 0.48565388125000003 0.16794034615384615
0 0.183500584375 0.21771279615384617 0.184367453125 0.21180835769230769 0.179501671875 0.2103250923076923 0.170636978125 0.20145411538461538 0.16841100625 0.1958406 0.1653181625 0.19613153076923076 0.159171678125 0.21029645384615386 0.163170590625 0.21768416153846154 0.183500584375 0.21771279615384617
0 0.27151584687499997 0.3938254230769231 0.278607603125 0.4009222076923077 0.286566225 0.40211455 0.288752996875 0.39414499230769234 0.291845840625 0.39385406538461537 0.295805553125 0.3876587 0.292259675 0.38411031153846154 0.29135360625 0.37643167692307694 0.28248891249999997 0.3675607 0.268797640625 0.3707895230769231 0.27151584687499997 0.3938254230769231
0 0.49553778125000003 0.5299711653846154 0.495951615625 0.5202274115384615 0.48799299375 0.5190350692307693 0.48757915625 0.528778823076923 0.49553778125000003 0.5299711653846154
0 0.6471917625 0.09257546923076923 0.6471525625 0.0789924 0.6361010968749999 0.07809098461538462 0.6361402968750001 0.09167405384615385 0.6471917625 0.09257546923076923
0 0.7828630000000001 0.08951847692307692 0.790821625 0.09071082307692309 0.80315379375 0.07596404615384615 0.8022477218749999 0.06828541538461538 0.80488753125 0.06415516923076924 0.7960228375 0.055284192307692305 0.7871973437500001 0.05999629230769231 0.783237634375 0.06619165384615384 0.781050859375 0.07416121538461538 0.7828630000000001 0.08951847692307692
0 0.787175515625 0.20557075384615386 0.784043471875 0.19227861153846154 0.77653788125 0.19492558076923075 0.777896984375 0.20644353461538462 0.787175515625 0.20557075384615386
0 0.813434159375 0.2690935807692308 0.812981125 0.26525426153846154 0.8076623093749999 0.2599316769230769 0.804569465625 0.26022260384615387 0.8006097531249999 0.2664179653846154 0.8046086656250001 0.2738056730769231 0.8094744468749999 0.2752889423076923 0.813434159375 0.2690935807692308
0 0.895699403125 0.29046983846153845 0.8952855718749999 0.3002135961538462 0.90324419375 0.30140593846153846 0.90720390625 0.29521057692307695 0.901885090625 0.28988798846153846 0.895699403125 0.29046983846153845
0 0.752326575 0.22825845 0.74964756875 0.21880562307692308 0.747007759375 0.22293586153846154 0.740822075 0.2235177153846154 0.736862365625 0.22971307692307694 0.7408612781249999 0.2371007846153846 0.750139803125 0.2362280076923077 0.752326575 0.22825845