0 0.687340777056277 0 0.7109730454545454 0.024411303846153847 0.720200406926407 0.07897056923076923 0.7087152359307359 0.17466006538461537 0.716573196969697 0.20214131923076922 0.6927910064935064 0.27392981923076926 0.6917708528138529 0.30857159615384616 0.7020183701298701 0.32848908846153846 0.6724369155844157 0.4500468807692308 0.675629119047619 0.48880656923076926 0.6923651948051949 0.5091273 0.7284490021645021 0.4978733115384615 0.7559901471861472 0.4455990692307692 0.8488656948051948 0.34532735 0.879363145021645 0.2662439153846154 0.8762750952380952 0.15036809615384616 0.8842418095238096 0.13736673846153846 0.8989283809523809 0.1537039769230769 0.9293216774891775 0.15173667307692307 0.9940847316017316 0.08635110384615385 1 0.09378230769230769 1 0 0.9569429264069265 0 0.9400042012987013 0.00972373076923077 0.9294620692640693 0 0.8572155238095238 0 0.8406308939393939 0.036325169230769234 0.8413201926406927 0.0864977 0.8529371103896104 0.13349321153846155 0.8489606515151515 0.19494416923076924 0.8227889069264069 0.2742964346153846 0.7879611515151514 0.3164775192307692 0.7699736233766235 0.30186320384615384 0.7512922012987012 0.2004428423076923 0.7409313354978355 0.18437443076923077 0.7549194112554112 0.07727209230769232 0.7440959480519481 0.0033329846153846154 0.7450842012987013 0 0.687340777056277 0
0 0.6261978376623377 0 0.6190088982683982 0.13052385769230768 0.6299365151515152 0.12734683461538462 0.6372185281385282 0.10080647692307693 0.6475643636363636 0 0.6261978376623377 0
0 0.5896265584415584 0.02458234230769231 0.5950949632034632 0.05962735384615384 0.6047711277056278 0.06215675769230769 0.6129645411255411 0.04145722692307692 0.6039684805194805 0.01583331153846154 0.5896265584415584 0.02458234230769231
0 0.20824890476190477 0 0.24027366666666666 0.04143270384615385 0.26599660606060604 0.014110307692307693 0.28762514069264067 0.015454438461538461 0.2950357965367965 0 0.20824890476190477 0
0 0.03349897619047619 0 0.03445795021645021 0.0035772 0.05882068614718614 0.022443834615384618 0.07418735930735931 0.015686553846153844 0.07173963636363637 0 0.03349897619047619 0
0 0.5131332380952381 0.046821484615384615 0.5064133787878788 0.017482896153846152 0.49400760822510825 0.034064515384615385 0.49776656493506494 0.05357876923076923 0.5131332380952381 0.046821484615384615
0 0.3805066796536796 0 0.3625269567099567 0.010468976923076924 0.36162015367965367 0.041261661538461544 0.3698181645021645 0.05719565769230769 0.38609624025974026 0.05627921153846154 0.39201345021645023 0.03929435769230769 0.3838302164502164 0 0.3805066796536796 0
0 0.2875163874458874 0.055937046153846155 0.27840697402597403 0.03416221923076923 0.26611455627705627 0.04689474230769231 0.2741992186147186 0.06667782692307692 0.2875163874458874 0.055937046153846155
0 0.15819858874458875 0.032475919230769236 0.14021106277056278 0.01786161153846154 0.13645670562770562 0.03498087692307692 0.14681757142857144 0.05104928461538462 0.15819858874458875 0.032475919230769236
0 0.1880251341991342 0.049754046153846154 0.1905326385281385 0.07497472307692309 0.1673080043290043 0.05425075384615385 0.14352121428571427 0.08940573076923077 0.14648671645021644 0.13586358846153848 0.15741433333333332 0.13268656923076924 0.17050020562770563 0.09301043846153846 0.18917243506493508 0.1211637576923077 0.20863811471861474 0.12237347307692308 0.218654329004329 0.11335561538461539 0.22172398484848485 0.08269734615384615 0.2027117077922078 0.06609128076923076 0.20020420346320347 0.04087060384615385 0.1880251341991342 0.049754046153846154
0 0.07237375324675324 0.07727193076923076 0.07191575324675326 0.05603475 0.0598500367965368 0.06106910769230769 0.06144613852813853 0.08044895 0.07237375324675324 0.07727193076923076
0 0.0494937683982684 0.08163422307692307 0.053361476190476195 0.06066586923076923 0.041635809523809526 0.05415296923076923 0.03765475108225109 0.07897040769230769 0.0494937683982684 0.08163422307692307
0 0.0837639696969697 0.1319656076923077 0.08114311688311689 0.11059401923076924 0.06907739826839827 0.11562837307692307 0.07499920562770564 0.1352770423076923 0.0837639696969697 0.1319656076923077
0 0.574609132034632 0.09305941153846155 0.5721016277056277 0.06783873076923076 0.5577597077922077 0.07658776538461538 0.5614053095238095 0.0999511076923077 0.574609132034632 0.09305941153846155
0 0.5740515757575758 0.18557188461538462 0.5842990909090909 0.20548938076923076 0.6332466688311688 0.19889096153846153 0.641553432900433 0.17434234615384614 0.5799687878787879 0.16858703076923076 0.5740515757575758 0.18557188461538462
0 0.5767857792207792 0.2030943923076923 0.5611924047619048 0.2175498423076923 0.5418400757575758 0.2124910423076923 0.5245418463203463 0.24804926153846152 0.5235216926406926 0.2826910346153846 0.5421939199134199 0.31084435 0.5666654112554113 0.2892283769230769 0.5767857792207792 0.2030943923076923
0 0.5707690151515151 0.3338289 0.5769129242424242 0.30914587692307693 0.5606348506493507 0.3100623192307692 0.5610928506493507 0.3312995 0.5707690151515151 0.3338289
0 0.5329757575757575 0.3295521307692308 0.5044006623376623 0.3065675807692308 0.49255704545454543 0.2672702423076923 0.46728750649350653 0.27919629615384617 0.467292106060606 0.3158298153846154 0.5171556818181818 0.3517057538461538 0.526945196969697 0.35038606538461536 0.5329757575757575 0.3295521307692308
0 0.4628484502164502 0.28277655384615386 0.45339898484848484 0.2725489807692308 0.432799803030303 0.30983012307692304 0.40661886147186144 0.31591533846153846 0.39865214935064935 0.32891669230769227 0.40252445454545455 0.34458186153846154 0.43849490909090905 0.3371769653846154 0.4628484502164502 0.28277655384615386
0 0.4416733181818182 0.2660360807692308 0.44918662987012986 0.26843106923076926 0.452940987012987 0.25131180384615387 0.4274355476190476 0.19766897692307692 0.3935099978354978 0.17242385384615386 0.35240658874458874 0.09660296153846154 0.31882568614718615 0.09644409999999999 0.361974 0.13961497307692305 0.4132115757575758 0.23920244615384614 0.4416733181818182 0.2660360807692308
0 0.29756479437229433 0.30335385 0.2782170606060606 0.33492856923076925 0.2608008852813853 0.33770235 0.22745588095238095 0.40311236538461537 0.2677658376623377 0.5058768615384616 0.2862067683982684 0.505094826923077 0.30851080303030304 0.4467109192307692 0.3031557489177489 0.4078168230769231 0.362432 0.16085215 0.3514997857142857 0.12739565 0.33863601515151515 0.12274008461538462 0.3174654805194805 0.14263313461538463 0.31849483116883115 0.1812584076923077 0.29756479437229433 0.30335385
0 0.25805748484848484 0.2469128 0.2430262619047619 0.2054893 0.2391585562770563 0.22645765384615385 0.24895266883116882 0.2617714923076923 0.25805748484848484 0.2469128
0 0.15742812987012988 0.24258713461538461 0.18839277705627705 0.2580079269230769 0.19715753896103896 0.2546964923076923 0.18383577056277056 0.22880374615384616 0.15492062554112554 0.2173664576923077 0.15742812987012988 0.24258713461538461
0 0.1892995800865801 0.22721523461538462 0.2018232987012987 0.24341806153846154 0.2159385194805195 0.24236720384615384 0.22424528354978354 0.21781858846153845 0.20010924891774892 0.19125378076923077 0.1892995800865801 0.22721523461538462
0 0.06543639177489177 0.12889855384615384 0.08034966450216449 0.1375376192307692 0.08421737229437229 0.11656926923076923 0.05120322077922078 0.09716497692307692 0.04334985714285714 0.10631724615384615 0.046197411255411255 0.11999066538461538 0.03424504329004329 0.12117593846153846 0.044379207792207796 0.14494251923076923 0.06543639177489177 0.12889855384615384
0 0.037886670995670994 0.20353782307692309 0.041998850649350654 0.22577332307692308 0.0756931038961039 0.22208309615384617 0.08001421212121212 0.18571839999999998 0.044270456709956704 0.18542512692307692 0.037886670995670994 0.20353782307692309
0 0.08481171212121212 0.3171249730769231 0.09812888528138529 0.3063841923076923 0.08185080952380953 0.3073006384615385 0.08481171212121212 0.3171249730769231
0 0.0744508484848485 0.3010565653846154 0.037337692640692643 0.27368527692307687 0.03529278787878788 0.3063353038461538 0.04792985714285714 0.31868903846153845 0.0744508484848485 0.3010565653846154
0 0.10336139393939393 0.2758603307692308 0.119866170995671 0.2672457153846154 0.12362052813852814 0.25012644615384616 0.08650737012987013 0.22275516153846153 0.06681958874458875 0.2658771384615385 0.09653278354978355 0.28700435 0.11053465584415585 0.28980258076923077 0.10336139393939393 0.2758603307692308
0 0.12306297186147186 0.34263892307692306 0.13148768398268398 0.3508747461538462 0.14116384848484848 0.35340415000000003 0.14935726190476192 0.33270461923076927 0.12681732683982683 0.3255196576923077 0.12306297186147186 0.34263892307692306
0 0.1358041948051948 0.2778765269230769 0.14741191341991342 0.25160499230769234 0.14467770995670998 0.23408248846153845 0.13466149567099567 0.24310033846153847 0.12920228354978355 0.28132237692307693 0.13489739177489177 0.3086692153846154 0.1413859523809524 0.3090724538461539 0.1358041948051948 0.2778765269230769
0 0.12090011904761905 0.34250451153846156 0.10723829653679653 0.3281590230769231 0.10337059090909091 0.34912737692307694 0.10974580086580087 0.35337969999999996 0.12090011904761905 0.34250451153846156
0 0.19556603679653678 0.27195017307692304 0.1873726233766234 0.2926496961538462 0.20433540043290044 0.3052722576923077 0.19512183333333333 0.3606135576923077 0.1799818593073593 0.35967266923076924 0.17223724891774891 0.32834233076923075 0.15584582251082252 0.33310786153846156 0.15664847186147188 0.3794313076923077 0.16917219047619048 0.3956341269230769 0.2042312445887446 0.3823883923076923 0.21401616233766235 0.3444351846153846 0.2116220108225108 0.3153654192307692 0.22357897619047618 0.35081367307692307 0.2322303896103896 0.35135132307692307 0.25430772727272727 0.30066558846153846 0.21856397186147186 0.30037231923076924 0.20854315584415584 0.27275665 0.19556603679653678 0.27195017307692304
0 0.1025863354978355 0.4493380230769231 0.13241288095238096 0.46661615 0.14322714718614718 0.46728821538461535 0.1460701038961039 0.4443281153846154 0.1370740411255411 0.41870419615384613 0.1025863354978355 0.4493380230769231
0 0.05147130952380952 0.4191685076923077 0.06410837662337662 0.43152224615384616 0.08846651515151516 0.4137553615384615 0.07981050216450217 0.3765841846153846 0.05021525757575758 0.3882414076923077 0.05147130952380952 0.4191685076923077
0 0.009356941558441557 0.45125643846153846 0.019604454545454543 0.4711739307692308 0.04806160173160173 0.46137403846153846 0.04384464502164503 0.4206226076923077 0.0225561645021645 0.4077312192307692 0.01015039393939394 0.4243128346153846 0.009356941558441557 0.45125643846153846
0 0.06298866883116883 0.5799136730769231 0.11000469047619048 0.6021161884615385 0.14051133766233767 0.5962998 0.17363424025974025 0.5752214807692307 0.18239440476190477 0.5352765230769231 0.17305829220779223 0.5211998653846154 0.12103646103896103 0.5218230384615384 0.12752042207792208 0.48559275384615386 0.11385860173160173 0.4712472692307692 0.10191083333333334 0.5090660615384616 0.0827852012987013 0.49630908846153854 0.06514232683982685 0.5067810384615384 0.04886884848484848 0.5443310076923077 0.04487859307359308 0.49588140384615387 0.030876722943722942 0.4930831730769231 0.010486006493506493 0.5335743461538461 0.013805640692640692 0.7024920038461538 0.027490008658008658 0.7184563192307692 0.0335205670995671 0.6976223807692308 0.0931690606060606 0.6955451076923076 0.08064534199134199 0.6793422884615384 0.08030069264069264 0.6542560192307691 0.07108252597402598 0.6729638 0.06174641341991342 0.6588871423076923 0.06492941991341991 0.6243797807692307 0.05024284848484848 0.6080425461538461 0.06298866883116883 0.5799136730769231
0 0.018162329004329004 0.9241796076923077 0.03836811471861472 0.9254353192307692 0.03206540909090909 0.8941945846153846 0.07600257575757577 0.8737883346153846 0.11993514718614719 0.8167485538461539 0.11298398917748917 0.7584746153846154 0.0970459632034632 0.7478438038461539 0.06824876839826839 0.7691909461538461 0.040245025974025975 0.7635944923076924 0.015689718614718615 0.798362173076923 0.018162329004329004 0.9241796076923077
0 0.12461010173160174 0.8787371692307693 0.12859575757575759 0.8905532538461538 0.14054812554112553 0.8893679807692307 0.14441583116883117 0.8683996269230769 0.13257681385281384 0.8657358115384615 0.12461010173160174 0.8787371692307693
0 0.10469561688311688 0.9295573192307692 0.11266233116883116 0.9165559653846154 0.10082331385281385 0.91389215 0.09009635714285713 0.9286500307692307 0.10469561688311688 0.9295573192307692
0 0.07048320995670995 0.9274311500000001 0.08556998917748918 0.9168003423076923 0.09160054978354978 0.8959664038461539 0.08203773376623376 0.8895879153846153 0.0574528961038961 0.915052973076923 0.05770271212121213 0.9266368923076923 0.07048320995670995 0.9274311500000001
0 0.1528359458874459 0.8400019307692307 0.1588665064935065 0.8191679923076923 0.14930369264069265 0.8127895038461538 0.13860737445887447 0.8449018769230769 0.1528359458874459 0.8400019307692307
0 0.13166541341991342 0.8598949769230769 0.12893120995670995 0.8423724730769231 0.11675213852813852 0.8512559153846154 0.11846159307359307 0.866786673076923 0.13166541341991342 0.8598949769230769
0 0.14586639393939396 0.6351939000000001 0.11740925108225109 0.6449937884615384 0.10261392640692642 0.6691391615384615 0.10352992424242424 0.7116135192307693 0.14907239177489176 0.7838541538461538 0.17206572943722942 0.7756427730769231 0.17912104112554114 0.7568005846153846 0.21384004545454546 0.7551021076923077 0.23751348268398267 0.7237962115384615 0.2364841341991342 0.6851709423076923 0.21268814718614718 0.6470588730769231 0.1735300865800866 0.6523376115384615 0.16442527056277054 0.6671963038461538 0.14586639393939396 0.6351939000000001
0 0.22876474891774892 0.9372677384615385 0.22922970995670996 0.9315124384615384 0.2433449329004329 0.9304615807692307 0.24709928787878788 0.9133423153846153 0.21841084632034632 0.89420685 0.20368220562770564 0.9357089538461538 0.22876474891774892 0.9372677384615385
0 0.25220925108225106 0.8134004923076923 0.24275978787878788 0.8031729192307693 0.23456637445887446 0.82387245 0.24276438744588744 0.8398064423076923 0.25220925108225106 0.8134004923076923
0 0.254929658008658 0.7210224346153846 0.2566299134199134 0.6632861423076923 0.24171204329004328 0.6180135576923077 0.24832774891774892 0.7244682769230769 0.254929658008658 0.7210224346153846
0 0.2576408722943723 0.555377323076923 0.2546799675324675 0.5455529923076923 0.23362278354978352 0.5615969538461538 0.21644250432900433 0.6299396076923077 0.23886448917748918 0.6043401384615384 0.24216084632034632 0.5659836923076923 0.2576408722943723 0.555377323076923
0 0.19230646753246755 0.6033748 0.17136263636363638 0.6155696769230768 0.20721974025974024 0.6120138615384615 0.21575320562770564 0.5797670807692308 0.1950360735930736 0.5842637807692307 0.19230646753246755 0.6033748
0 0.2451171515151515 0.5391745038461538 0.2539952662337662 0.5320139807692308 0.24260964935064935 0.513953823076923 0.2451171515151515 0.5391745038461538
0 0.29033796103896103 0.7694964846153846 0.3008121796536796 0.7817158038461538 0.32790451948051946 0.7814714269230769 0.34269984415584415 0.7573260538461538 0.3495192575757576 0.6729149884615385 0.3697783896103896 0.6471811076923077 0.3608956774891775 0.6177081038461538 0.34336615151515154 0.6243309692307693 0.3080849935064935 0.6819084000000001 0.28896856277056276 0.7424184692307693 0.29033796103896103 0.7694964846153846
0 0.34915621645021644 0.5012946307692308 0.3362924458874459 0.4966390692307692 0.3217238225108225 0.5130862730769231 0.3292417316017316 0.5521147846153847 0.34324360389610387 0.5549130115384615 0.3556493722943723 0.5383313961538462 0.34915621645021644 0.5012946307692308
0 0.40765740909090914 0.4278076538461538 0.41357461904761905 0.41082280000000004 0.40196230086580087 0.40046081538461537 0.39798124242424243 0.4252782538461538 0.40765740909090914 0.4278076538461538
0 0.40243869480519484 0.5682320807692308 0.40687315367965365 0.5280183038461539 0.3992464913419913 0.5294724 0.39378728138528135 0.5676944307692308 0.40243869480519484 0.5682320807692308
0 0.4556981818181818 0.45200192307692305 0.4336116493506494 0.42942061153846156 0.4299706428571428 0.44269079230769226 0.4446572142857143 0.4590280269230769 0.4556981818181818 0.45200192307692305
0 0.4750505108225108 0.457060723076923 0.48404197619047623 0.44605111923076923 0.4743658116883117 0.4435217192307692 0.4750505108225108 0.457060723076923
0 0.4750643073593074 0.5669612923076922 0.4620871861471862 0.5661548115384616 0.4519576212121212 0.5790217576923077 0.45571657575757574 0.5985360115384615 0.4783698593073593 0.6018718884615385 0.4841737186147186 0.5887361230769231 0.4750643073593074 0.5669612923076922
0 0.4354620411255411 0.6609034153846154 0.44627170995670995 0.6249419615384616 0.432156487012987 0.6259928192307692 0.41474490909090905 0.6654001230769231 0.4354620411255411 0.6609034153846154
0 0.41486745670995673 0.7348180807692308 0.4214693658008658 0.7313722346153846 0.4165723095238095 0.7137153153846153 0.41486745670995673 0.7348180807692308
0 0.37389579004329004 0.8016821923076922 0.3711615865800866 0.7841596884615385 0.3635349264069264 0.7856137846153846 0.365131025974026 0.8049936269230769 0.37389579004329004 0.8016821923076922
0 0.3050337316017316 0.8591007653846153 0.3291651688311688 0.84903205 0.3090147878787879 0.8342833269230769 0.3050337316017316 0.8591007653846153
0 0.3027529307359308 0.8261819153846154 0.30639393506493506 0.8129117307692307 0.29899397402597405 0.8066676576923076 0.2909139112554113 0.8235181 0.3027529307359308 0.8261819153846154
0 0.38358115151515154 0.8774786423076923 0.3858619523809524 0.9103974884615385 0.3944000151515151 0.9147842307692308 0.3891675064935065 0.9453080884615385 0.40225797835497834 0.9422654846153846 0.4053276341991342 0.9116072076923077 0.38358115151515154 0.8774786423076923
0 0.3399659978354978 0.9441784692307692 0.35512860606060603 0.9239120538461538 0.3323619696969697 0.9244252576923078 0.3311590844155844 0.9436311538461538 0.3399659978354978 0.9441784692307692
0 0.37829656709956705 0.9465605692307693 0.38495514935064934 0.9411901807692308 0.3709532792207792 0.93839195 0.36797385714285713 0.94591905 0.37829656709956705 0.9465605692307693
0 1 0.4948759346153846 0.9967515670995671 0.47405792307692307 0.9690832792207792 0.4202806846153846 0.9506423506493507 0.42106271923076927 0.976492435064935 0.49979180769230774 0.9932285108225108 0.5201125423076923 0.9653565108225108 0.6572010923076923 0.9551135952380952 0.6739171192307691 0.9207346428571429 0.6640683384615385 0.9102650238095238 0.6884825384615385 0.9062885670995671 0.7499335 0.835041551948052 0.85154935 0.7911043831168831 0.8719556076923077 0.7471580173160173 0.8190948153846154 0.7034475476190476 0.8318028961538462 0.6875095259740259 0.8211720846153846 0.6818144177489178 0.7938252461538462 0.6877316255411255 0.7768403884615385 0.7196076753246754 0.7981020153846154 0.7215392294372295 0.7693010807692308 0.7445325649350649 0.7610897 0.7555689329004329 0.7174300730769231 0.7245904913419914 0.5921087153846153 0.7070563658008657 0.5620980576923077 0.689753538961039 0.5610227538461539 0.6660801017316018 0.5923286461538462 0.6545903311688311 0.6513846192307693 0.6208960800865801 0.6550748461538461 0.6165795692640692 0.7280730653846155 0.6505051212121212 0.7533181884615384 0.6475488160173161 0.780127376923077 0.6327534913419913 0.80427275 0.5849440173160174 0.8090138346153846 0.5421495497835498 0.864196276923077 0.49126122294372293 0.8263285923076924 0.433745606060606 0.9500065115384615 0.5073668398268398 0.9545817884615384 0.6261828484848484 0.9435170961538462 0.646769158008658 0.9169715461538461 0.6562186233766234 0.9271991192307693 0.6527732380952381 0.9410408769230769 0.669094303030303 0.9395209846153846 0.6699937922077922 0.9376955192307692 0.6718978614718615 0.9392599038461538 0.8654831017316017 0.9212323576923076 0.8625964913419913 0.909175673076923 0.8709032575757576 0.8846270615384616 0.8895708852813853 0.8761468576923077 0.8979909978354979 0.8477491576923077 0.9461497207792208 0.9047278576923077 0.9464060173160173 0.9136964461538462 0.9760223722943723 0.9109384346153847 0.9820068268398269 0.9011720461538462 0.9666309545454546 0.8346622807692308 1 0.7984127653846154 1 0.4948759346153846
0 0.5999476471861472 0.6306362 0.6240790844155845 0.6205674884615384 0.6155364242424243 0.5795472269230769 0.6433134653679654 0.59284185 0.6582221406926407 0.5648473923076923 0.6405746645021645 0.538685823076923 0.6252079913419913 0.5454431038461538 0.5900263874458874 0.4892708807692308 0.5816062748917749 0.5176685769230769 0.5999476471861472 0.6306362
0 0.5533758311688312 0.5197702961538462 0.5466559718614719 0.49043170769230765 0.5317472965367965 0.5184261653846154 0.5377824545454545 0.53422575 0.5533758311688312 0.5197702961538462
0 0.5397278051948051 0.615325376923077 0.535057448051948 0.5899702884615385 0.5251545844155844 0.5951390576923077 0.5288001883116883 0.6185024 0.5397278051948051 0.615325376923077
0 0.46881624242424247 0.66876045 0.4770142554112554 0.6846944423076923 0.5019437424242424 0.6843156538461538 0.5129801125541126 0.6406560230769232 0.4775764069264069 0.6288154923076923 0.46881624242424247 0.66876045
0 0.44117094372294374 0.7981508269230769 0.4481129047619048 0.783157723076923 0.4385500909090909 0.7767792346153847 0.44117094372294374 0.7981508269230769
0 0.21770775108225107 0.7341337538461539 0.23762683333333334 0.7199471269230769 0.23022687229437228 0.7137030538461538 0.21770775108225107 0.7341337538461539
0 0.2272751645021645 0.7771457615384615 0.222718158008658 0.7479415884615385 0.21497814718614716 0.7532447730769231 0.2161208463203463 0.7880209576923076 0.2272751645021645 0.7771457615384615
0 0.21021743290043288 0.9149063769230769 0.21783949567099567 0.8768187576923078 0.2045177251082251 0.8509260153846154 0.19973861904761905 0.8660535346153847 0.18471199567099567 0.8612635576923077 0.17446908008658008 0.8779795846153846 0.17595182900432899 0.9012085115384615 0.16218125757575758 0.9273456346153847 0.17413362554112555 0.9261603653846153 0.1750866645021645 0.93393185 0.2004972987012987 0.935511026923077 0.21021743290043288 0.9149063769230769
0 0.24890369913419913 0.7784898961538462 0.25755511255411256 0.7790275461538461 0.2569837619047619 0.761639453846154 0.24890369913419913 0.7784898961538462
0 0.24742094805194803 0.7552609653846154 0.2629009718614719 0.7446546 0.25117530303030305 0.7381416961538462 0.24742094805194803 0.7552609653846154
0 0.2830375562770563 0.6495027538461537 0.2940785238095238 0.64247665 0.28895476623376626 0.6325179038461538 0.2830375562770563 0.6495027538461537
0 0.2610689718614719 0.6597058846153846 0.2722232878787879 0.6488306923076923 0.2626604761904762 0.6424522038461539 0.2610689718614719 0.6597058846153846
0 0.24844109956709956 0.7206191923076922 0.2566299134199134 0.6632861423076923 0.24171204329004328 0.6180135576923077 0.24844109956709956 0.7206191923076922
0 0.3130862034632035 0.6224491884615385 0.2955566753246753 0.6290720538461538 0.3025032359307359 0.6507124730769231 0.2841802575757576 0.6842789423076923 0.3161650584415584 0.6650579576923077 0.322422316017316 0.6365258461538462 0.3130862034632035 0.6224491884615385
0 0.28701401515151514 0.5880517961538461 0.28678271645021647 0.5591164461538461 0.25707411904761907 0.5746227538461538 0.2739235432900433 0.5910943999999999 0.28701401515151514 0.5880517961538461
0 0.7563715844155844 0.7637535153846154 0.7688953008658008 0.7799563346153846 0.7893857337662338 0.7831578038461539 0.7931400909090909 0.7660385384615385 0.7600125887445888 0.7504833346153846 0.7563715844155844 0.7637535153846154
0 0.7902787424242425 0.6424645461538462 0.7875445367965368 0.6249420423076922 0.7669407554112555 0.6255896615384615 0.7746853679653679 0.6569200000000001 0.7902787424242425 0.6424645461538462
0 0.8935335476190476 0.7047953269230769 0.8974012554112554 0.6838269769230769 0.8856755887445887 0.6773140730769232 0.8816945303030302 0.7021315115384615 0.8935335476190476 0.7047953269230769
0 0.8463000238095238 0.763558026923077 0.8425456666666666 0.7806772961538462 0.8587103917748917 0.7836099346153846 0.8755552186147186 0.7634480615384616 0.8661057532467532 0.7532204884615384 0.8463000238095238 0.763558026923077
0 0.807609158008658 0.8633409884615385 0.8229758311688311 0.8565837076923076 0.8203549805194805 0.8352121153846154 0.807609158008658 0.8633409884615385