0 0.334375 0.5423611111111111 0.3625 0.4673611111111111 0.371875 0.43125 0.3859375 0.40208333333333335 0.384375 0.3770833333333333 0.39296875 0.36319444444444443 0.4203125 0.2604166666666667 0.43046875 0.2048611111111111 0.434375 0.14930555555555555 0.402734375 0.1125 0.383984375 0.10138888888888889 0.339453125 0.1 0.325390625 0.10416666666666667 0.316796875 0.12361111111111112 0.299609375 0.14166666666666666 0.291015625 0.1388888888888889 0.271484375 0.1125 0.257421875 0.10694444444444444 0.248828125 0.1125 0.235546875 0.13194444444444445 0.221484375 0.13472222222222222 0.213671875 0.14444444444444443 0.192578125 0.14444444444444443 0.166015625 0.1638888888888889 0.16171875 0.17430555555555555 0.16328125 0.18958333333333333 0.2046875 0.33125 0.2109375 0.3701388888888889 0.2390625 0.45902777777777776 0.243359375 0.46805555555555556 0.24921875 0.4673611111111111 0.251171875 0.48194444444444445 0.275390625 0.5083333333333333 0.290234375 0.5194444444444445 0.304296875 0.5208333333333334 0.317578125 0.5347222222222222
0 0.49453125 0.9979166666666667 0.5 0.9909722222222223 0.49765625 0.9645833333333333 0.512109375 0.9333333333333333 0.530078125 0.9097222222222222 0.539453125 0.9069444444444444 0.550390625 0.9125 0.584765625 0.8708333333333333 0.653515625 0.8833333333333333 0.675390625 0.8736111111111111 0.688671875 0.8611111111111112 0.713671875 0.8208333333333333 0.737109375 0.8069444444444445 0.74765625 0.7909722222222222 0.76015625 0.7395833333333334 0.76015625 0.71875 0.749609375 0.7097222222222223 0.722265625 0.7069444444444445 0.70703125 0.6909722222222222 0.703125 0.6729166666666667 0.703125 0.6479166666666667 0.6875 0.61875 0.68515625 0.6020833333333333 0.686328125 0.5541666666666667 0.67421875 0.5618055555555556 0.659765625 0.6083333333333333 0.627734375 0.6263888888888889 0.61953125 0.6451388888888889 0.6171875 0.6645833333333333 0.612109375 0.6680555555555555 0.601171875 0.6916666666666667 0.587890625 0.6944444444444444 0.58125 0.71875 0.568359375 0.7416666666666667 0.561328125 0.7458333333333333 0.515234375 0.7138888888888889 0.433203125 0.6777777777777778 0.392578125 0.6222222222222222 0.372265625 0.5875 0.338671875 0.5555555555555556 0.334375 0.5451388888888888 0.3375 0.53125 0.33515625 0.5229166666666667 0.3421875 0.51875 0.346875 0.5034722222222222 0.34609375 0.4951388888888889 0.36640625 0.4534722222222222 0.36640625 0.43680555555555556 0.38515625 0.39791666666666664 0.3921875 0.36041666666666666 0.4203125 0.26180555555555557 0.42265625 0.23680555555555555 0.42890625 0.21319444444444444 0.43515625 0.15208333333333332 0.430859375 0.14166666666666666 0.419140625 0.13333333333333333 0.403515625 0.1111111111111111 0.380859375 0.10138888888888889 0.330078125 0.10138888888888889 0.323828125 0.10694444444444444 0.317578125 0.12222222222222222 0.296484375 0.1361111111111111 0.271484375 0.1125 0.255859375 0.10833333333333334 0.235546875 0.13055555555555556 0.208203125 0.14305555555555555 0.193359375 0.14305555555555555 0.166015625 0.1625 0.16171875 0.17430555555555555 0.1640625 0.19930555555555557 0.20859375 0.3548611111111111 0.215625 0.4618055555555556 0.28046875 0.74375 0.351953125 0.8194444444444444 0.390234375 0.8833333333333333 0.438671875 0.9402777777777778 0.463671875 0.9916666666666667 0.476953125 0.9986111111111111
0 0.1625 0.5173611111111112 0.169921875 0.5125 0.175 0.4965277777777778 0.1734375 0.4798611111111111 0.164453125 0.4625 0.144140625 0.4583333333333333 0.131640625 0.45 0.119140625 0.4513888888888889 0.1125 0.46041666666666664 0.11328125 0.4798611111111111 0.123046875 0.49583333333333335
0 0.13359375 0.7006944444444444 0.14375 0.6909722222222222 0.140625 0.6423611111111112 0.130859375 0.6194444444444445 0.120703125 0.6125 0.112890625 0.6138888888888889 0.1046875 0.6340277777777777 0.10859375 0.6770833333333334 0.118359375 0.6958333333333333
0 0.059375 0.12291666666666666 0.0671875 0.10902777777777778 0.06875 0.09097222222222222 0.08046875 0.07291666666666667 0.084375 0.022916666666666665 0.076953125 0 0.0703125 0.0020833333333333333 0.06796875 0.034027777777777775 0.05703125 0.04791666666666667 0.04921875 0.07152777777777777 0.0484375 0.09375 0.05546875 0.10069444444444445 0.0546875 0.11875
0 0.3109375 0.08125 0.321484375 0.06944444444444445 0.330078125 0.07916666666666666 0.334765625 0.07916666666666666 0.33671875 0.07291666666666667 0.33515625 0.05625 0.318359375 0.025 0.304296875 0.03194444444444444 0.2875 0.06319444444444444 0.290234375 0.08055555555555556
0 0.2125 0.11041666666666666 0.216015625 0.1 0.223046875 0.09861111111111111 0.22421875 0.09375 0.216015625 0.08055555555555556 0.200390625 0.07916666666666666 0.184375 0.08819444444444445 0.184375 0.10208333333333333 0.188671875 0.10972222222222222 0.205859375 0.10555555555555556
0 0.62421875 0.6354166666666666 0.631640625 0.6263888888888889 0.655078125 0.6152777777777778 0.66328125 0.6006944444444444 0.669921875 0.5694444444444444 0.68828125 0.5576388888888889 0.6890625 0.5493055555555556 0.6828125 0.5381944444444444 0.690234375 0.5305555555555556 0.69921875 0.5298611111111111 0.7015625 0.5020833333333333 0.697265625 0.4930555555555556 0.682421875 0.4888888888888889 0.63828125 0.4965277777777778 0.62265625 0.6243055555555556
0 0.78497890625 0.9938999999999999 0.8682984375 0.8790500000000001 0.88287890625 0.9401791666666667 0.8985015625000001 0.9624083333333333 0.9287046875 0.9568513888888889 0.95370078125 0.9309180555555555 0.96723984375 0.8938694444444445 0.990153125 0.8660833333333334 0.99536015625 0.9179513888888888 0.97244765625 0.9475888888888889 0.9589078125 1
0 0.54453125 0.9518513888888889 0.560015625 0.975375 0.560015625 0.9920472222222222 0.5777210937499999 1 0.58292890625 0.9624083333333333 0.55689140625 0.9327708333333333
0 0.6381281249999999 0.8901652777777778 0.74019453125 0.9568513888888889 0.6922859375 0.8512638888888888