0 0.9871698859060403 0.9915254949494949 0.9911277197986578 0.9131068686868687 0.9737515369127516 0.9065588636363637 0.951485283557047 0.9133691363636364 0.9468001526845639 0.9918789772727272 0.9871698859060403 0.9915254949494949
0 0.8366546879194631 0.9165169873737373 0.8101406090604026 0.9239603636363637 0.8082506409395973 0.9781135631313131 0.8634693087248322 0.9926086338383838 0.8646851459731544 0.9925979873737374 0.8844703187919464 0.9882025 0.8827590989932885 0.9385765101010101 0.8366546879194631 0.9165169873737373
0 0.7274295939597316 0.8420125984848484 0.6776096476510067 0.8434521237373738 0.6675151459731543 0.9432222575757575 0.690694182885906 0.9517390606060606 0.7411607634228188 0.9541936439393939 0.7502281375838926 0.8580682702020201 0.7274295939597316 0.8420125984848484
0 0.9196712818791947 0.8921726085858586 0.9350137902684564 0.9223086085858586 0.9485307315436241 0.921790452020202 0.956038687919463 0.806443888888889 0.9471500604026846 0.7987900808080808 0.9366001560402685 0.807345797979798 0.9309197416107383 0.7862447626262626 0.9242246862416107 0.7852473636363637 0.9175421140939597 0.8007088434343433 0.9148786795302014 0.8534808914141414 0.9196712818791947 0.8921726085858586
0 0.5292268825503356 0.9099614545454546 0.5423633338926174 0.9169821616161616 0.5996518020134228 0.9179211893939393 0.6121935352348993 0.8197815555555555 0.5412488087248323 0.8054147575757576 0.5292268825503356 0.9099614545454546
0 0.38790915436241613 0.7863686893939393 0.3806423741610738 0.8802304621212121 0.4469462986577181 0.886310345959596 0.45537952348993294 0.8027497398989899 0.4417232651006711 0.7893219722222222 0.38790915436241613 0.7863686893939393
0 0.271481682885906 0.7209187171717172 0.224350144295302 0.7025039545454546 0.2158275486577181 0.837954154040404 0.2455748087248322 0.8499813131313131 0.28934633389261744 0.8514384974747475 0.294128427852349 0.7065695833333333 0.271481682885906 0.7209187171717172
0 0.2781378573825503 0.9624359974747475 0.2810274563758389 0.9160272676767677 0.21368391946308724 0.8971332626262626 0.21031829530201343 0.952332547979798 0.2781378573825503 0.9624359974747475
0 0.45106098657718124 0.9881973005050504 0.4561385268456376 0.9547737651515152 0.37205734899328863 0.9333862601010102 0.36726660738255035 0.975713994949495 0.45106098657718124 0.9881973005050504
0 0.5237357248322148 0.9686418636363636 0.5202942147651006 0.9956135202020201 0.5948997667785235 0.9949602626262626 0.5961005553691275 0.9882839191919192 0.5237357248322148 0.9686418636363636
0 0.3419841157718121 0.9719475252525251 0.34772435738255036 0.9310271691919192 0.28360151677852347 0.9151448156565657 0.28064344127516777 0.9628092702020202 0.3419841157718121 0.9719475252525251
0 0.14020931040268458 0.9418880303030304 0.14595989093959733 0.8857781186868686 0.08016328523489934 0.8696464166666666 0.07519921140939598 0.9322031237373738 0.14020931040268458 0.9418880303030304
0 0.2083692869127517 0.9520421944444445 0.21265679194630874 0.9007780176767677 0.15033454530201343 0.8826320606060606 0.14433691946308724 0.9425029419191918 0.2083692869127517 0.9520421944444445
0 0.08101364261744967 0.802679095959596 0.08552761409395973 0.8134789621212122 0.15337847315436243 0.8223211515151516 0.16089891275167786 0.7234334696969696 0.09317488422818793 0.7120783257575758 0.08101364261744967 0.802679095959596
0 0.02443621476510067 0.7208268207070707 0.01373415268456376 0.7104022070707071 0.015201196308724832 0.7862854116161617 0.01946486409395973 0.7859142904040404 0.02443621476510067 0.7208268207070707
0 0.031486790268456376 0.681367595959596 0.02780871476510067 0.7542432803030303 0.05484259899328859 0.7532069671717171 0.0642010889261745 0.7014323181818182 0.061221567114093954 0.6769358762626262 0.031486790268456376 0.681367595959596
0 0.06955293288590604 0.6288059848484848 0.06653397483221477 0.722034654040404 0.08404508389261746 0.7259093055555556 0.08867339932885905 0.7177373383838385 0.09309997315436241 0.613325047979798 0.06955293288590604 0.6288059848484848
0 0.04346730872483221 0.8616477676767677 0.01654726677852349 0.855911207070707 0.017857060402684564 0.923660547979798 0.039565307046979865 0.9268945454545454 0.04346730872483221 0.8616477676767677
0 0.4396210453020134 0.5636742121212122 0.42637024832214765 0.5756253383838383 0.4285763053691275 0.5987406313131314 0.43978533221476507 0.610537898989899 0.45380959563758394 0.5999679217171717 0.4612531476510067 0.5694287146464647 0.4396210453020134 0.5636742121212122
0 0.42598975838926173 0.5831642045454545 0.4348908708053691 0.607276893939394 0.45380959563758394 0.5999679217171717 0.46460067617449663 0.5699274141414141 0.5542998406040268 0.5301215555555555 0.7395823036912751 0.40074944444444444 0.7566879496644295 0.37924519949494945 0.7292361174496644 0.33844373484848483 0.5824252567114094 0.44063313131313137 0.43087173489932884 0.5699663282828283 0.42598975838926173 0.5831642045454545