0 0.8304981258333334 0.8364308560830861 0.8260011941666666 0.8311641142433235 0.8062015349999999 0.820622412462908 0.804327465 0.8250261602373887 0.8304981258333334 0.8364308560830861
0 0.7901045908333333 0.478437025222552 0.7810438883333333 0.5508580237388724 0.7859783991666667 0.5494887359050445 0.78772767 0.5427392833827893 0.7959137375 0.4736930118694362 0.7901045908333333 0.478437025222552
0 0.7684877766666667 0.5773939258160237 0.764176215 0.6102864109792284 0.7662367 0.6242472225519288 0.7794162816666667 0.6193371839762611 0.7824166741666666 0.5766607893175074 0.7684877766666667 0.5773939258160237
0 0.8095267199999999 0.5413256112759643 0.8060913608333333 0.5411513679525223 0.8019683025 0.5528190771513353 0.7881595033333334 0.6449739228486647 0.79340575 0.6544175667655787 0.7989652991666667 0.6449821394658753 0.8011505825 0.6612886587537092 0.8046486024999999 0.6576870875370919 0.8105841141666666 0.6255967774480712 0.8057749241666666 0.6194144376854599 0.80127747 0.6240450311572701 0.8095267199999999 0.5413256112759643
0 0.8502539275 0.49444436350148363 0.84612878 0.5457014080118694 0.8244519175 0.5989474525222552 0.818203625 0.6400194985163205 0.810582025 0.6651861112759644 0.8095188858333333 0.6897856142433234 0.8160152083333333 0.6830969807121662 0.8327591275 0.6015282225519288 0.8564348583333333 0.5462241350148368 0.8584989991666667 0.4909036112759644 0.8502539275 0.49444436350148363
0 0.8407395808333333 1 0.8537947608333334 0.863165652818991 0.8531712891666667 0.8415397908011869 0.8172564058333333 0.8352193768545995 0.7948949783333333 0.8409233724035607 0.79914179 0.8513960356083086 0.7887730516666667 0.854649121661721 0.7819018099999999 0.864197971810089 0.7636592625 0.9374129272997033 0.7427348475000001 0.9354518753709198 0.7161882241666667 0.9467020608308605 0.6989477216666666 0.9694013293768545 0.7221816958333332 0.999911940652819 0.7319264408333334 0.984930324925816 0.7312837691666667 1 0.8407395808333333 1
0 0.7613189025 0.30890183679525224 0.7650670416666667 0.30009434421364983 0.7630065575 0.2861335326409496 0.747204635 0.27147574925816026 0.7320893675 0.2647706810089021 0.7294033225000001 0.2687733412462908 0.7523255608333334 0.2884710192878338 0.7613189025 0.30890183679525224
0 0.7259679625000001 0.2685990994065282 0.7191604266666667 0.25457746587537095 0.7093540658333333 0.25354022848664687 0.7052936683333333 0.2614321231454006 0.7198455141666666 0.29222218100890207 0.7252802641666667 0.28044104896142436 0.7259679625000001 0.2685990994065282
0 0.9282792508333334 0.2817396246290801 0.932463925 0.2860907685459941 0.9426096975 0.2469439451038576 0.931308915 0.24136174777448072 0.9321537558333334 0.24558583679525223 0.9282792508333334 0.2817396246290801
0 0 0.4132199836795252 0.00272115 0.42068543471810094 0.02045928 0.43706098961424333 0.032950119166666667 0.4637875697329377 0.02788872083333333 0.5024004851632048 0.012584949166666666 0.5169201928783382 0.0304484 0.5257441201780415 0.03619436333333333 0.5346732537091988 0.03613065833333333 0.558243734421365 0.040814527499999996 0.5719777032640949 0.05399567666666666 0.5373756632047477 0.07054586833333333 0.5760050133531157 0.0742313475 0.5709733353115727 0.07897996666666666 0.5413421528189911 0.07554983 0.4421945756676558 0.08767149583333333 0.3629107032640949 0.091421725 0.31451387388724034 0.10410367916666666 0.27052901186943623 0.09773372166666668 0.2498713486646884 0.07512478583333333 0.21129460089020774 0.05919440916666667 0.2635724465875371 0.047888374166666664 0.2739760727002967 0.03814467333333334 0.26916302077151333 0.03396104416666667 0.24501720919881306 0.036838204166666666 0.17030310830860534 0.029251732500000002 0.17541503709198814 0.010190538333333332 0.3208310178041543 0.016280351666666668 0.32383917507418397 0.02040341 0.31217146735905044 0.025400058333333333 0.3169236988130564 0.020837855 0.3649194376854599 0.019151244166666668 0.3678930771513353 0.015841205833333333 0.36016720623145404 0.010281656666666666 0.3696026320474778 0.005722064166666666 0.3681117047477745 0.005284485833333334 0.374747734421365 0.007470813333333334 0.37125958456973296 0.010656052499999999 0.37663974925816024 0.006157554166666667 0.40106500890207714 0.005408761666666667 0.3869907744807121 0.0015439825 0.3867947522255193 0 0.3985736454005935 0 0.4132199836795252
0 0.7591059375 0.8171539970326409 0.7632911333333333 0.8116078071216616 0.7694746758333333 0.8139009109792285 0.771786325 0.8028611350148369 0.7787823650000001 0.7956579925816024 0.7709753941666667 0.7826653798219585 0.7765991708333333 0.7397621394658753 0.7716672716666667 0.6916447596439169 0.7584882116666666 0.6866574643916914 0.7506159691666666 0.7269273353115727 0.7522393966666666 0.7376268442136498 0.7554251591666666 0.733109675074184 0.7592349141666667 0.7403210341246291 0.7553614541666667 0.7566801557863502 0.7572350016666667 0.7621737418397626 0.7521125091666667 0.7748704718100891 0.7536732766666666 0.789345793768546 0.75079925 0.8046758946587537 0.7591059375 0.8171539970326409