0 0.5478238673469388 0.5077793493377484 0.5317165612244897 0.4549928195364238 0.5536206367346939 0.42369528311258275 0.545742112244898 0.41484662086092716 0.5182938081632653 0.411004048013245 0.5053380653061225 0.413800880794702 0.5039763734693877 0.4219092417218543 0.518254975510204 0.43601852317880796 0.5210562795918368 0.4565126804635761 0.5045601387755102 0.48039125 0.5065444285714286 0.5057504238410596 0.4945224530612245 0.5153786440397351 0.47814306734693873 0.5509536158940397 0.4515313224489796 0.5731087036423841 0.4294716632653061 0.6177243145695364 0.4305221836734694 0.6362521026490066 0.4456761775510204 0.6513445678807948 0.470167593877551 0.648011059602649 0.4723463 0.6350376837748345 0.4547217183673469 0.6036775910596026 0.47989385102040816 0.5529199867549669 0.5112521 0.5148928758278145 0.5478238673469388 0.5077793493377484
0 0.5819636204081633 0.3726438890728477 0.6130690775510204 0.3671011274834437 0.6083030265306123 0.3521104751655629 0.5842395346938776 0.3405042367549669 0.5742990591836735 0.3563253543046358 0.550352318367347 0.3564155182119205 0.5513444632653062 0.36909510430463577 0.5819636204081633 0.3726438890728477
0 0.6277756020408164 0.36627066225165567 0.6325416510204082 0.38126131456953644 0.6464311612244897 0.38529586589403975 0.654737606122449 0.3792047814569537 0.6376577 0.34460134437086093 0.6397196551020408 0.3199315645695364 0.628670281632653 0.31137669536423845 0.6201498734693878 0.3249376523178808 0.6277756020408164 0.36627066225165567
0 0.49208992653061223 0.21387705298013243 0.5052596306122449 0.20361034602649006 0.49218713265306124 0.19471077814569537 0.48043749795918367 0.2027173261589404 0.49208992653061223 0.21387705298013243
0 0.6049372469387755 0.2172571572847682 0.6213945530612245 0.21839306125827818 0.6154224 0.19819269370860929 0.598420412244898 0.20030013410596026 0.5798816081632654 0.19297133278145698 0.5719058755102041 0.20328894536423842 0.579239724489796 0.2153809503311258 0.5934015714285714 0.2177938311258278 0.6060265979591837 0.2107704668874172 0.6065129 0.20167892218543046 0.6152084367346938 0.2056625678807947 0.6049372469387755 0.2172571572847682
0 0.6108121918367347 0.2566237963576159 0.6139634979591836 0.22546732947019868 0.6081664734693878 0.22281156788079473 0.5744348428571429 0.2254047748344371 0.5799790734693878 0.2605448857615894 0.6108121918367347 0.2566237963576159
0 0.6775361040816326 0.20627344701986755 0.6762132448979592 0.18936733112582782 0.6507296836734694 0.1800212533112583 0.6392523857142858 0.18640612913907284 0.6348949714285714 0.21235288245033115 0.6442519408163265 0.2247895844370861 0.6592308040816327 0.22233744701986757 0.6656892571428571 0.23344626821192052 0.6841696877551021 0.23492687086092714 0.6912700265306122 0.22362607119205297 0.6775361040816326 0.20627344701986755
0 0.7200213918367346 0.1267722549668874 0.6993038795918368 0.13241682947019867 0.6191960469387755 0.11376393046357616 0.6025247755102041 0.12009790066225165 0.6101309591836735 0.1305682334437086 0.6349530897959184 0.1314612549668874 0.7364982428571428 0.15877083609271525 0.7491232693877551 0.15174747350993378 0.749551193877551 0.13680772682119205 0.7200213918367346 0.1267722549668874
0 0.5645329408163265 0.12947158774834439 0.5647469020408163 0.12200171357615895 0.5771579673469388 0.12244822350993377 0.5913586469387755 0.09984662748344371 0.5817293428571428 0.08903159602649006 0.551168563265306 0.09133101490066226 0.549028687755102 0.07928991556291391 0.5703880857142857 0.05123572185430464 0.5628402775510204 0.04661358940397351 0.5475502428571428 0.07570187417218542 0.5200047285714285 0.09102557450331127 0.5206661591836734 0.09947863245033112 0.506076387755102 0.1120055 0.5166394612244898 0.12965191556291392 0.5273581204081633 0.1339802582781457 0.5321241693877551 0.14897090894039736 0.5503322591836735 0.15207318377483445 0.5577633163265306 0.14499891390728478 0.5584247448979592 0.15345197019867549 0.5760881591836735 0.1597975894039735 0.5901916326530612 0.1563622682119205 0.5918256612244898 0.14663223509933776 0.5761269918367348 0.13478311258278147 0.5583079918367347 0.14175557119205298 0.5515188224489795 0.1264202201986755 0.5613037142857142 0.12391717715231787 0.5645329408163265 0.12947158774834439
0 0.8666394306122449 0.18928450496688742 0.8730783408163265 0.1695306490066225 0.8473224428571429 0.16180624337748345 0.8398913857142858 0.16888051158940395 0.8475559489795919 0.18519904801324502 0.8666394306122449 0.18928450496688742
0 0.8518166673469388 0.35189822682119204 0.8617571428571429 0.3360771092715232 0.844638406122449 0.32648814735099335 0.8317994163265305 0.3409813824503311 0.8518166673469388 0.35189822682119204
0 0.744338706122449 0.4528534619205298 0.7363241428571429 0.48818555132450336 0.7548629469387754 0.49551435264900656 0.763344524489796 0.5069678708609272 0.7776035816326531 0.4902144751655629 0.7773700755102041 0.4668216705298013 0.744338706122449 0.4528534619205298
0 0.5510914142857143 0.3148396241721854 0.5415204836734694 0.30987279470198675 0.5428821734693878 0.3017644337748344 0.5532701183673469 0.30186624668874174 0.556927269387755 0.2924809122516556 0.5465977020408164 0.2982272996688742 0.5415593142857142 0.2848583195364239 0.5495934244897959 0.28038890562913904 0.5548457734693878 0.28628801490066225 0.5596506530612244 0.276264190397351 0.5419872387755102 0.2699185728476821 0.5490875775510203 0.2586177748344371 0.5070883346938776 0.24228759105960262 0.49703110408163265 0.24641230629139074 0.48166314897959184 0.23878971523178805 0.46701499999999996 0.24546838079470198 0.47117799591836734 0.25785417549668876 0.46051771224489796 0.25937403642384105 0.4511802918367347 0.2778000099337748 0.4382245469387755 0.2805968427152318 0.4423875428571428 0.29298263907284766 0.43172726326530614 0.2945025 0.42982089183673466 0.3058542036423841 0.444585793877551 0.310871940397351 0.4482041142857143 0.3265010794701987 0.4730262448979592 0.3273940993377483 0.48555406530612244 0.3395370132450331 0.509831518367347 0.3436733758278146 0.5331752040816327 0.34097835596026493 0.5417539897959184 0.3332655993377483 0.5510914142857143 0.3148396241721854
0 0.3546349510204082 0.37561371357615897 0.3653924408163265 0.3549275794701987 0.36515893469387756 0.33153477649006624 0.32699197142857145 0.32336385927152317 0.30781127959183674 0.33844467715231785 0.30683868163265304 0.35662776655629136 0.3335867244897959 0.3770317599337748 0.3546349510204082 0.37561371357615897
0 0.3413870693877551 0.2624297135761589 0.3324387367346939 0.290930417218543 0.3403172612244898 0.29977907947019866 0.3565022306122449 0.30253665397350993 0.36885492040816326 0.29713496357615893 0.3755077918367347 0.26991123509933773 0.3413870693877551 0.2624297135761589
0 0.31800583673469385 0.7238383576158941 0.32794631224489795 0.7080172400662251 0.35720377755102045 0.7196743824503311 0.36679399591836737 0.6687640612582781 0.3363888 0.6577454023178808 0.3208652591836734 0.6634408857615894 0.31069127755102044 0.6558691986754966 0.30969913265306126 0.6431896125827815 0.2987081367346939 0.6404829420529802 0.2889816204081632 0.6488341870860928 0.29407838571428574 0.668051369205298 0.28688083469387754 0.6985184420529802 0.31078874285714286 0.7234427533112583 0.31800583673469385 0.7238383576158941
0 0.5010786326530612 0.6808008476821192 0.4637286816326531 0.667764915562914 0.4633395918367347 0.6576901854304635 0.45793165714285716 0.6651091523178808 0.44890540408163265 0.6568989784768212 0.4316310836734694 0.6606280910596026 0.4367083020408163 0.64898259602649 0.4149986448979592 0.6419475827814569 0.41134149387755103 0.6513329205298013 0.39177171020408164 0.6563390082781457 0.38511883877551023 0.6835627367549669 0.4025099163265306 0.6915300248344372 0.40225712040816325 0.7240143741721855 0.4348993979591837 0.7279078543046358 0.4451317571428572 0.7413277417218543 0.4673860918367347 0.7451194089403973 0.49629329591836735 0.7216873476821192 0.5107274836734693 0.7224785562913907 0.5209986755102041 0.7108839668874173 0.5435253469387755 0.7130539619205298 0.5549442653061224 0.7008208857615894 0.5573953122448979 0.6862258377483444 0.5445367775510204 0.6698563973509933 0.5303749306122448 0.6674435165562913 0.5180806163265306 0.6786934089403973 0.5010786326530612 0.6808008476821192
0 0.590932269387755 0.6352253493377483 0.5893954469387754 0.6257891059602649 0.5558777775510204 0.6209124420529801 0.5548468 0.633247332781457 0.590932269387755 0.6352253493377483
0 0.6612943 0.7181066440397351 0.6665271040816326 0.6931430745033113 0.638203406122449 0.6883173178807946 0.6323675489795918 0.7106760298013245 0.6612943 0.7181066440397351
0 0.6363945040816327 0.7672425761589404 0.6389039265306122 0.7584957284768212 0.6287883204081632 0.7567722433774835 0.625403506122449 0.7645359072847683 0.6363945040816327 0.7672425761589404
0 0.6437478959183673 0.8101972582781457 0.6470743326530612 0.7965853940397352 0.6331848224489796 0.7925508427152318 0.6097827591836734 0.7893976622516555 0.6061839836734694 0.8046311986754967 0.6437478959183673 0.8101972582781457
0 0.7186813020408164 0.8596619271523179 0.7293220387755102 0.827279392384106 0.7038384775510204 0.8179333129139073 0.6954348224489796 0.8431906738410596 0.708565693877551 0.8579384420529802 0.7186813020408164 0.8596619271523179
0 0.5124396897959184 0.8361992301324503 0.5563453040816326 0.8411777086092714 0.5650212979591837 0.8142986754966888 0.5531353653061225 0.7797461456953643 0.5442258632653062 0.7832323741721855 0.5331764897959184 0.7746775033112583 0.4513762510204082 0.7599064370860927 0.433771212244898 0.7594090182119205 0.4272155510204082 0.7674664735099338 0.4291998387755102 0.7928256473509934 0.4391014836734694 0.8020190049668875 0.48158702857142854 0.8092576423841059 0.5124396897959184 0.8361992301324503
0 0.1901991979591837 0.7537730662251656 0.1954903775510204 0.7346576970198676 0.1720299387755102 0.7256563178807948 0.14288922653061226 0.7256955745033112 0.14427046326530613 0.7484498907284768 0.1901991979591837 0.7537730662251656
0 0.16646667755102043 0.8331331870860927 0.1588800367346939 0.8535255298013245 0.1829435306122449 0.8651317682119205 0.19327309591836736 0.859385380794702 0.1931563448979592 0.8476889784768212 0.1835270387755102 0.8368739486754967 0.16646667755102043 0.8331331870860927
0 0.26476305714285714 0.8240256821192053 0.28007263469387755 0.8258000728476822 0.2736141795918367 0.8146912533112582 0.26524935714285713 0.8149341374172185 0.26476305714285714 0.8240256821192053
0 0.3930950857142857 0.8467247814569536 0.3656467795918367 0.8428822069536424 0.36434346326530614 0.8568387682119205 0.3788360265306122 0.8634781754966887 0.39583801224489795 0.8613707367549669 0.40266601428571425 0.8516916109271524 0.3930950857142857 0.8467247814569536
0 0.5389153979591836 0.8582248940397351 0.5244812102040817 0.8574336870860927 0.5194623673469388 0.8749273824503312 0.5235669857142857 0.8814649784768213 0.5475721020408164 0.8872230149006622 0.5646712959183674 0.8659492996688741 0.5389153979591836 0.8582248940397351
0 0.5787163897959183 0.8566657764900661 0.5701959836734694 0.8702267350993377 0.573755924489796 0.8800076754966887 0.5853499775510204 0.8853192003311259 0.6098413938775511 0.8819856920529803 0.6081878163265306 0.8608530496688742 0.5787163897959183 0.8566657764900661
0 0.7288943734693878 0.9289589668874173 0.7279022285714286 0.916279380794702 0.7004539244897959 0.9124368062913908 0.6967967734693877 0.9218221407284768 0.7031968510204082 0.927082761589404 0.7288943734693878 0.9289589668874173
0 0.0307231387755102 0.848371034768212 0.024322344897959185 0.8477544453642384 0.02542282448979592 0.8861115910596027 0.04758908367346939 0.890444344370861 0.056712542857142854 0.8794882433774835 0.05850215918367347 0.8564401374172186 0.0307231387755102 0.848371034768212
0 0.05721787551020408 0.7277797168874173 0.04764694489795918 0.7228128874172185 0.05251020204081633 0.7186372665562915 0.04490401836734694 0.7081669321192052 0.02352507551020408 0.7053584486754967 0.02034011020408163 0.7089537831125827 0.021344963265306122 0.7439778841059602 0.03175385918367347 0.7492963162251656 0.05721787551020408 0.7277797168874173
0 0.13853155714285714 0.6649025000000001 0.1429473469387755 0.6448039470198675 0.11374825918367347 0.6389950033112584 0.11081091224489796 0.6626815976821192 0.13853155714285714 0.6649025000000001
0 0.19212459591836736 0.5998043791390728 0.20194831836734695 0.5722868592715232 0.19183271428571427 0.5705633758278146 0.18560776326530612 0.582847357615894 0.19212459591836736 0.5998043791390728
0 0.38255078163265305 0.5997215529801324 0.3872972857142857 0.5838495298013244 0.3779986959183673 0.5772610281456954 0.3616581408163265 0.5878215248344371 0.3623779489795918 0.6021227847682119 0.38255078163265305 0.5997215529801324
0 0.6115713448979592 0.41939023841059603 0.6196054530612245 0.4149208261589404 0.6085560795918367 0.4063659552980133 0.6011250224489796 0.41344022350993376 0.6115713448979592 0.41939023841059603
0 0.6570137795918367 0.4338049602649006 0.6654758122448979 0.4143958013245033 0.635673669387755 0.405982 0.6264918306122449 0.41108990066225165 0.6266085836734694 0.4227863013245033 0.6570137795918367 0.4338049602649006
0 0.5329242102040816 0.9806415115894039 0.5348305795918367 0.9692898046357616 0.5015268734693877 0.9569432665562915 0.48545865510204084 0.9658820927152318 0.5010017408163265 0.9910492880794701 0.5329242102040816 0.9806415115894039
0 0.866388693877551 0.915687488410596 0.8465465734693878 0.9223152483443708 0.8426170857142856 0.9333222566225166 0.8525187306122449 0.9425156142384107 0.8727499408163265 0.9459625844370861 0.8820289877551021 0.9216884089403973 0.866388693877551 0.915687488410596
0 0.4058929265306122 0.07658755629139073 0.4109117693877551 0.05909386092715232 0.4051147448979592 0.05643809768211921 0.39040821836734696 0.05726856125827814 0.39085568775510204 0.07319149172185431 0.4058929265306122 0.07658755629139073
0 0.5941208632653061 0.05861543046357616 0.5943348244897959 0.051145556291390726 0.5850946102040816 0.050405258278145695 0.5869037714285714 0.05821982781456954 0.5941208632653061 0.05861543046357616
0 0.6664286081632653 0.2786102036423841 0.674073624489796 0.26406606125827814 0.6561378734693878 0.25934211589403977 0.649912924489796 0.2716260976821192 0.6664286081632653 0.2786102036423841