0 0 0.8160110945945946 0.0025257596964586844 0.8143703228228228 0.09734989207419899 0.7674634654654655 0.11416571416526139 0.7477758078078078 0.15315823355817876 0.730333138138138 0.19136911298482293 0.7279101351351351 0.21345272849915684 0.6994905780780781 0.22600155649241147 0.6912097897897898 0.2432886905564924 0.6632769474474475 0.2764722908937606 0.6398129534534535 0.280382413153457 0.6198482912912913 0.29551859780775713 0.5918692807807807 0.2943219080944351 0.5791658108108108 0.2878341517706577 0.5675281051051051 0.26911953456998317 0.5612297732732733 0.24236551180438448 0.5771661336336337 0.20424771669477235 0.6102536831831832 0.1781376239460371 0.6203072207207208 0.16777465177065767 0.6401333813813813 0.1568821905564924 0.6490393858858858 0.15124589038785835 0.6453804219219219 0.14291751433389543 0.6269220675675676 0.1316681821247892 0.6272702792792793 0.1287355902192243 0.6422437762762763 0.1337745033726813 0.6671178348348348 0.12805866694772344 0.6917610555555556 0.1070786568296796 0.7022195345345345 0.09389753456998313 0.7202162147147148 0.0674422065767285 0.7255450270270271 0.04517433726812816 0.7477691531531532 0.021042577571669475 0.7555064954954955 0 0.7740299444444445 0 0.8160110945945946
0 0.34178848903878584 0.13764151051051052 0.3346684384485666 0.1357196951951952 0.32692772849915686 0.14734683633633633 0.31832584148397974 0.20229582732732732 0.30995283642495786 0.22363886036036035 0.31097690893760543 0.23397996696696696 0.3236867192242833 0.22422847297297296 0.33816733726812814 0.19829921771771775 0.3662790320404722 0.19359562162162164 0.372708610455312 0.186067987987988 0.37283468718381113 0.17309807657657658 0.34178848903878584 0.13764151051051052
0 0.0808311779089376 0.06747213063063064 0.0953932436762226 0.06837435285285284 0.1077112765598651 0.03856586036036036 0.10644160455311974 0.009933851351351351 0.08325212900505903 0.007769651651651652 0.07674652529510961 0.029940770270270273 0.07417080438448566 0.053472061561561555 0.0808311779089376 0.06747213063063064
0 0.06451185244519392 0.1417143993993994 0.06354595699831365 0.15053863363363362 0.07087353035413153 0.1663220165165165 0.1319981205733558 0.19092572522522522 0.13495398397976394 0.18361836336336335 0.13159470826306915 0.16703565915915916 0.12293273271500844 0.14768564864864867 0.11397206155143338 0.1389431846846847 0.06995226475548061 0.13534486336336338 0.06451185244519392 0.1417143993993994
0 0.12380936930860033 0.2184641891891892 0.11036254637436763 0.20343395945945947 0.09263709443507588 0.19597753153153155 0.08655275042158515 0.2082298903903904 0.09388032546374368 0.22401327477477476 0.12269412731871837 0.23259219519519522 0.12380936930860033 0.2184641891891892
0 0.030936473861720066 0.1451213963963964 0.02182614755480607 0.15350362762762765 0.018298517706576728 0.18573137387387387 0.029741696458684654 0.1875515855855856 0.04194528836424958 0.17454607357357357 0.04288791231028668 0.1580557027027027 0.03987387352445194 0.14619772222222222 0.030936473861720066 0.1451213963963964
0 0 0.36193354504504505 0.0019809730185497473 0.3623808873873874 0.044389032883642494 0.32555260510510514 0.053429238617200676 0.3059928843843844 0.04592904637436762 0.28784713963963965 0.03699164755480607 0.2867708138138138 0.015229995784148397 0.312248957957958 0.0036909730185497474 0.3191830960960961 0 0.3529031126126126 0 0.36193354504504505
0 0.42531866020236087 0.13088424924924924 0.43248525126475545 0.14813833933933934 0.4447121138279933 0.14279896246246246 0.4499566382799326 0.12640092642642645 0.450393044688027 0.10665653753753754 0.440914521079258 0.09082698648648649 0.4322990860033727 0.08680924774774774 0.42653670826306916 0.0961201951951952 0.42531866020236087 0.13088424924924924
0 0.38384940050590216 0.04095484234234234 0.381054521079258 0.0467914984984985 0.38436916694772344 0.1031755900900901 0.39105281028667793 0.12484179579579581 0.4043037453625632 0.12984352702702703 0.4116992192242833 0.11349165765765765 0.4121356247892074 0.09374726876876877 0.40745358347386174 0.0774310045045045 0.40181728246205733 0.07377204204204203 0.38915210118043847 0.04372214714714715 0.38384940050590216 0.04095484234234234
0 0.27456791989881957 0.12145709309309309 0.2683788591905565 0.09921183933933934 0.25530054300168636 0.09657246996996997 0.24326956829679597 0.11194034684684685 0.22932816188870153 0.09748916666666667 0.2245549494097808 0.10564201651651653 0.23791060286677906 0.14514136036036038 0.2687143718381113 0.15523715615615616 0.2670017403035413 0.19058025825825825 0.2711542934232715 0.19597636786786787 0.2760884873524452 0.18635281231231232 0.2780202774030354 0.16870434384384386 0.27456791989881957 0.12145709309309309
0 0.27612721753794267 0.30811933633633637 0.3017873558178752 0.25884345945945947 0.2640943313659359 0.26835355255255255 0.2593211197301855 0.27650640240240243 0.2585627478920742 0.2991922027027027 0.26338250168634064 0.3063716261261261 0.27612721753794267 0.30811933633633637
0 0.7775600834738616 1 0.7848430193929173 0.9511585105105106 0.7686673043844856 0.8546960240240239 0.7641811509274874 0.8484082597597598 0.7537600033726813 0.8490690780780781 0.7510000286677908 0.8664049384384386 0.7662544780775717 0.9318902702702703 0.7630348271500843 0.9613043828828828 0.7520117386172007 1 0.7775600834738616 1
0 0.7120908676222597 0.9658127447447447 0.7268837284991568 0.9882426696696697 0.7336701779089376 0.9892728273273272 0.7366260404721753 0.9819654684684685 0.7412945345699831 0.9393150045045046 0.7371303465430017 0.9300858273273273 0.7255474139966274 0.9295423813813815 0.7112277790893761 0.9540009309309309 0.7120908676222597 0.9658127447447447
0 0.5414871593591906 0.6295802372372372 0.546572612984823 0.6697865660660661 0.553923457841484 0.6932360870870872 0.5611579494097808 0.6783549249249249 0.5559347833052277 0.6472854354354355 0.5563479198988195 0.6198749114114114 0.5687687580101181 0.5694303723723724 0.6030191483979763 0.46137243693693697 0.6054552453625632 0.39184433033033034 0.601475310286678 0.3888105825825826 0.591215145025295 0.3880006966966967 0.5844985067453626 0.4099689459459459 0.5714783667790894 0.4264949189189189 0.5628066677908937 0.4584455 0.5487973608768971 0.4761295720720721 0.5419895531197302 0.5225669369369369 0.5468907537942664 0.5565778363363363 0.5449589637436763 0.5742263033033033 0.5292932900505902 0.5912851576576577 0.5286726306913996 0.6048341171171171 0.5414871593591906 0.6295802372372372
0 0.48947449831365936 0.6635488798798799 0.47920269730185494 0.658905924924925 0.4668032166947723 0.6618829384384384 0.4453518954468803 0.6805866036036036 0.4423397681281619 0.7238622837837838 0.4532341416526139 0.77008993993994 0.49298694519392916 0.785095129129129 0.5030512225969646 0.7758765165165165 0.5148281315345701 0.7313148018018018 0.517702547217538 0.697175963963964 0.5128595227655987 0.6823304039039039 0.48947449831365936 0.6635488798798799
0 0.39702844856661046 0.2947933963963964 0.40336685666104555 0.3117348768768769 0.4126378566610456 0.3137028603603604 0.4244962133220911 0.2959726231231231 0.4239434527824621 0.27738633033033033 0.41628227908937604 0.2607112897897898 0.40801207925801014 0.2614182762762763 0.39928220489038785 0.27420351651651653 0.39702844856661046 0.2947933963963964