0 0.032213978260869566 0.9235634070351759 0.07048397658862876 0.9114611834170854 0.06858013545150503 0.8196627261306533 0.04669758862876254 0.8101710527638191 0.028418653846153843 0.8147527864321609 0.032213978260869566 0.9235634070351759
0 0.1359605066889632 0.8531250979899497 0.1323446872909699 0.9022896130653266 0.15252372742474915 0.9093095728643217 0.2085390702341137 0.9015495025125628 0.2087478779264214 0.8474415527638192 0.18266501672240804 0.8368018391959798 0.1359605066889632 0.8531250979899497
0 0.2708758478260869 0.7891932864321608 0.27618669899665554 0.8859351783919598 0.3264735685618729 0.8896491180904523 0.3498550484949833 0.8840031180904522 0.34366321906354513 0.7835097412060302 0.29416965384615384 0.7760004020100503 0.2708758478260869 0.7891932864321608
0 0.08747329096989966 0.7159950653266332 0.07731070903010033 0.7061960175879397 0.06817522742474916 0.7127265954773869 0.07119384280936454 0.8284015577889448 0.0846173127090301 0.8305659020100502 0.10103864882943143 0.802454891959799 0.10729739966555184 0.764544836683417 0.10668368227424749 0.7117166532663317 0.10063373913043477 0.6955187613065327 0.09393661538461538 0.6956944020100503 0.08747329096989966 0.7159950653266332
0 0.4886742190635452 0.8677804120603014 0.48074965886287624 0.7622996909547739 0.4096365702341137 0.7679393266331659 0.41832520735785955 0.8671090226130653 0.47533842307692314 0.8731629497487436 0.4886742190635452 0.8677804120603014
0 0.633990177257525 0.7620553241206031 0.580354745819398 0.7584292060301507 0.5662548712374582 0.7701227688442212 0.5714196003344482 0.8542865201005025 0.6375975234113712 0.8563254974874371 0.633990177257525 0.7620553241206031
0 0.7303386137123745 0.6941021984924624 0.7295076103678929 0.8388166582914574 0.7730973578595318 0.8427062412060302 0.8031467357859532 0.834368972361809 0.799894322742475 0.6985689849246232 0.7523088344481605 0.7111407587939699 0.7303386137123745 0.6941021984924624
0 0.7352902959866221 0.9040912487437187 0.7362382023411371 0.944772716080402 0.8040078277591973 0.9394363090452261 0.8029963762541805 0.893508175879397 0.7352902959866221 0.9040912487437187
0 0.5596369498327759 0.9212799849246232 0.5637533846153846 0.9583547462311558 0.647132618729097 0.9517891859296482 0.6440858377926422 0.9102578065326633 0.5596369498327759 0.9212799849246232
0 0.4949451939799331 0.9619807286432162 0.49187241973244145 0.9268317964824121 0.41914349832775916 0.9375465979899498 0.42277629264214045 0.9638734623115578 0.4949451939799331 0.9619807286432162
0 0.35824609698996657 0.9655658592964824 0.3546983043478261 0.9404949648241206 0.28196938294314383 0.9512097663316582 0.2825346137123746 0.9675515050251257 0.35824609698996657 0.9655658592964824
0 0.23094765886287624 0.9563224773869348 0.1381273695652174 0.967564203517588 0.13830338628762542 0.9713341783919598 0.23311276755852842 0.9688476633165829 0.23359059197324414 0.9675769346733668 0.23094765886287624 0.9563224773869348
0 0.6683775183946488 0.9108789195979899 0.6722609548494983 0.9498104974874373 0.7337360551839465 0.944969743718593 0.7327642608695653 0.9028992989949749 0.6683775183946488 0.9108789195979899
0 0.8707901304347826 0.8904719924623116 0.8735255785953177 0.9339622487437186 0.9387143076923076 0.9288290678391959 0.9368511538461538 0.882448459798995 0.8707901304347826 0.8904719924623116
0 0.8038773528428094 0.8972596633165829 0.805743397993311 0.9392996432160804 0.8694391722408027 0.9342840251256281 0.8665605903010033 0.8868083266331658 0.8038773528428094 0.8972596633165829
0 0.9385881204013379 0.815718459798995 0.9299871571906355 0.7240956432160804 0.8621934030100333 0.7271318316582914 0.8658591989966555 0.8264332613065326 0.9336821789297659 0.8259127010050251 0.9385881204013379 0.815718459798995
0 0.9925242725752508 0.7010661658291457 0.9631220752508362 0.6930299020100502 0.9592140066889632 0.7170381407035176 0.9665248478260869 0.7696906834170854 0.9933717876254181 0.7740193693467337 0.9925242725752508 0.7010661658291457
0 0.9566922107023411 0.6441288492462313 0.9338702374581939 0.625854432160804 0.9342459197324415 0.7302749371859296 0.938533908026756 0.7389698592964824 0.9560992441471572 0.737250984924623 0.9566922107023411 0.6441288492462313
0 1 0.8766016708542714 0.9736561036789297 0.8789668015075376 0.9746375100334448 0.9260003567839196 1 0.924003228643216 1 0.8766016708542714
0 0.5694115719063545 0.5372735175879397 0.5756368628762542 0.5685651783919597 0.5891772307692308 0.5807920326633166 0.6007802976588629 0.5704221482412061 0.6038658361204013 0.5476936783919598 0.5911479949832776 0.5341870552763819 0.5694115719063545 0.5372735175879397
0 0.29910102006688966 0.3355020879396985 0.4783866989966555 0.48681650000000004 0.5660630100334448 0.5373613366834171 0.5756368628762542 0.5685651783919597 0.594170847826087 0.5781446733668342 0.6039535117056856 0.5552405603015076 0.5996070735785953 0.5415143844221105 0.4538654548494983 0.39435302010050255 0.31179387123745816 0.27477573869346733 0.28291771739130434 0.31202077386934673 0.29910102006688966 0.3355020879396985