0 0 0.7288930581613509 0.01375 0.775797373358349 0.031875 0.801125703564728 0.060625 0.8048780487804879 0.091875 0.8217636022514071 0.094375 0.801125703564728 0.125 0.798311444652908 0.12625 0.7776735459662288 0.13875 0.7645403377110694 0.141875 0.726078799249531 0.155 0.7307692307692307 0.156875 0.7523452157598499 0.169375 0.7448405253283302 0.171875 0.7298311444652908 0.1875 0.7288930581613509 0.189375 0.6679174484052532 0.193125 0.7073170731707317 0.2 0.700750469043152 0.196875 0.6810506566604128 0.204375 0.6923076923076923 0.215625 0.6829268292682927 0.22 0.6951219512195121 0.2175 0.7382739212007504 0.21 0.7476547842401501 0.224375 0.7467166979362101 0.22125 0.7551594746716698 0.2325 0.7664165103189493 0.2325 0.8208255159474672 0.228125 0.8105065666041276 0.216875 0.8348968105065666 0.204375 0.8330206378986866 0.200625 0.8123827392120075 0.198125 0.8198874296435272 0.180625 0.8236397748592871 0.1725 0.798311444652908 0.1675 0.7964352720450282 0.1725 0.7908067542213884 0.17 0.775797373358349 0.158125 0.776735459662289 0.15 0.7926829268292683 0.15125 0.8245778611632271 0.154375 0.8292682926829268 0.158125 0.8236397748592871 0.16 0.8377110694183865 0.17 0.848968105065666 0.168125 0.8799249530956847 0.153125 0.8386491557223265 0.149375 0.8424015009380863 0.145625 0.8348968105065666 0.141875 0.8424015009380863 0.140625 0.8348968105065666 0.130625 0.8348968105065666 0.12125 0.848968105065666 0.13625 0.875234521575985 0.121875 0.8930581613508443 0.110625 0.8930581613508443 0.10875 0.8714821763602252 0.098125 0.8686679174484052 0.08625 0.8714821763602252 0.08625 0.8902439024390244 0.073125 0.9136960600375235 0.058125 0.9136960600375235 0.036875 0.8949343339587242 0.020625 0.8949343339587242 0.01 0.9146341463414634 0 0.9596622889305816 0.000625 0.9962476547842402 0.075625 0.9962476547842402 0.09875 0.9446529080675422 0.106875 0.9380863039399625 0.130625 0.9418386491557224 0.135625 0.9606003752345216 0.149375 0.9455909943714822 0.156875 0.9530956848030019 0.200625 0.9549718574108818 0.219375 0.9287054409005628 0.226875 0.926829268292683 0.248125 0.9418386491557224 0.24875 0.950281425891182 0.268125 0.975609756097561 0.323125 0.9906191369606003 0.340625 0.9887429643527205 0.345 0.9409005628517824 0.353125 0.9305816135084428 0.373125 0.926829268292683 0.409375 0.8705440900562852 0.433125 0.8724202626641651 0.466875 0.900562851782364 0.475625 0.8930581613508443 0.4775 0.8827392120075047 0.47 0.873358348968105 0.47875 0.8658536585365854 0.475 0.8283302063789869 0.483125 0.8236397748592871 0.48375 0.8452157598499062 0.4975 0.8602251407129456 0.486875 0.8705440900562852 0.483125 0.8592870544090057 0.48125 0.8658536585365854 0.48625 0.9183864915572233 0.509375 0.9099437148217636 0.521875 0.9155722326454033 0.52625 0.924015009380863 0.526875 0.9587242026266416 0.5625 0.9577861163227017 0.56875 0.9427767354596623 0.565 0.9409005628517824 0.56625 0.9015009380863039 0.5725 0.8827392120075047 0.57875 0.8789868667917449 0.58125 0.8583489681050657 0.591875 0.8555347091932458 0.5925 0.8902439024390244 0.57875 0.8958724202626641 0.58 0.9052532833020638 0.585625 0.9024390243902439 0.59 0.9127579737335835 0.57875 0.9183864915572233 0.58 0.9371482176360225 0.585 0.9352720450281425 0.595625 0.9662288930581614 0.619375 0.9774859287054409 0.665625 0.9699812382739212 0.681875 0.9774859287054409 0.696875 0.9962476547842402 0.73625 0.9971857410881801 0.744375 0.9962476547842402 0.755 0.9784240150093808 0.754375 0.8686679174484052 0.78125 0.873358348968105 0.78125 0.9127579737335835 0.76625 0.9465290806754222 0.776875 0.9606003752345216 0.7975 0.9333958724202627 0.81625 0.8827392120075047 0.8375 0.8545966228893058 0.848125 0.801125703564728 0.899375 0.7636022514071295 0.930625 0.7523452157598499 0.946875 0.7298311444652908 1 0.7213883677298312 0.999375 0.001876172607879925 0.396875 0.001876172607879925 0.39 0.012195121951219513 0.39375 0.08161350844277673 0.38875 0.09849906191369606 0.364375 0.1350844277673546 0.316875 0.16135084427767354 0.290625 0.2026266416510319 0.268125 0.2101313320825516 0.243125 0.2326454033771107 0.200625 0.30206378986866794 0.156875 0.324577861163227 0.111875 0.33771106941838647 0.095625 0.350844277673546 0.09125 0.39118198874296434 0.071875 0.3977485928705441 0.06125 0.4099437148217636 0.0575 0.5318949343339587 0.06375 0.5431519699812383 0.06375 0.573170731707317 0.06 0.5956848030018762 0 0.6744840525328331 0 0.7288930581613509
0 0.190625 0.0375234521575985 0.19875 0.025328330206378986 0.2025 0.004690431519699813 0.000625 0 0.00125 0.1529080675422139 0.158125 0.04878048780487805 0.190625 0.0375234521575985
0 0.015 0.21482176360225141 0.009375 0.2045028142589118 0.000625 0.2045028142589118 0 0.23170731707317074 0.0075 0.23358348968105067 0.01375 0.22795497185741087 0.015 0.21482176360225141
0 0.02625 0.4174484052532833 0.0325 0.41932457786116323 0.031875 0.4052532833020638 0.02625 0.4174484052532833
0 0.021875 0.46904315196998125 0.01875 0.4793621013133208 0.025 0.4849906191369606 0.02875 0.4774859287054409 0.021875 0.46904315196998125
0 0.035 0.5806754221388368 0.035 0.5881801125703565 0.04 0.5881801125703565 0.044375 0.575984990619137 0.035 0.5806754221388368
0 0.056875 0.5309568480300187 0.04625 0.5356472795497186 0.0525 0.5469043151969981 0.05875 0.5412757973733584 0.056875 0.5309568480300187
0 0.040625 0.549718574108818 0.03875 0.5637898686679175 0.04625 0.5656660412757973 0.05 0.5525328330206379 0.040625 0.549718574108818
0 0.01375 0.5787992495309568 0.001875 0.5703564727954972 0.00125 0.6125703564727955 0.0175 0.6031894934333959 0.01375 0.5787992495309568
0 0.01125 0.49624765478424016 0.016875 0.4971857410881801 0.02 0.48874296435272047 0.02 0.4643527204502814 0.000625 0.44652908067542213 0 0.5262664165103189 0.005 0.5281425891181989 0.01375 0.5131332082551595 0.01125 0.49624765478424016
0 0.0375 0.3574108818011257 0.045 0.3611632270168856 0.043125 0.3527204502814259 0.0375 0.3574108818011257
0 0.049375 0.37335834896810505 0.0475 0.3780487804878049 0.0525 0.3818011257035647 0.05375 0.37429643527204504 0.049375 0.37335834896810505
0 0.040625 0.32833020637898686 0.033125 0.32833020637898686 0.03 0.3424015009380863 0.03875 0.34615384615384615 0.045 0.33677298311444653 0.040625 0.32833020637898686
0 0.031875 0.23639774859287055 0.03 0.2523452157598499 0.03875 0.25422138836772984 0.04 0.24108818011257035 0.031875 0.23639774859287055
0 0.11625 0.15853658536585366 0.12 0.16041275797373358 0.118125 0.15196998123827393 0.11625 0.15853658536585366
0 0.0925 0.16416510318949343 0.094375 0.1726078799249531 0.10125 0.17166979362101314 0.099375 0.15947467166979362 0.0925 0.16416510318949343
0 0.079375 0.15947467166979362 0.0675 0.17166979362101314 0.073125 0.1801125703564728 0.0825 0.17917448405253283 0.085 0.17166979362101314 0.079375 0.15947467166979362
0 0.211875 0.1575984990619137 0.2075 0.1622889305816135 0.2075 0.19230769230769232 0.2125 0.2298311444652908 0.21875 0.17166979362101314 0.211875 0.1575984990619137
0 0.2825 0.1772983114446529 0.29 0.18667917448405252 0.290625 0.17636022514071295 0.2825 0.1772983114446529
0 0.270625 0.1125703564727955 0.27375 0.14165103189493433 0.281875 0.15572232645403378 0.2875 0.15478424015009382 0.28625 0.12664165103189493 0.270625 0.1125703564727955
0 0.343125 0.1294559099437148 0.33625 0.12851782363977485 0.33625 0.11913696060037524 0.34375 0.11350844277673545 0.3425 0.1022514071294559 0.334375 0.0825515947467167 0.32125 0.07598499061913697 0.323125 0.07129455909943715 0.314375 0.07692307692307693 0.309375 0.07129455909943715 0.305625 0.08818011257035648 0.29625 0.08911819887429644 0.30125 0.0947467166979362 0.295 0.10975609756097561 0.28375 0.11726078799249531 0.290625 0.150093808630394 0.303125 0.1425891181988743 0.315 0.15666041275797374 0.35 0.14165103189493433 0.343125 0.1294559099437148
0 0.25125 0.04221388367729831 0.25625 0.04221388367729831 0.255625 0.03564727954971857 0.25125 0.04221388367729831
0 0.235625 0.005628517823639775 0.23375 0.025328330206378986 0.2425 0.029080675422138838 0.245 0.017823639774859287 0.235625 0.005628517823639775