0 0.08325767887931035 0.8789185639999999 0.10590405387931036 0.979128916 0.11363073060344828 0.983801956 0.1066779849137931 0.934944612 0.11454073060344827 0.909559596 0.09530269396551724 0.848806948 0.0826304375 0.859003804 0.08325767887931035 0.8789185639999999
0 0.019186200431034483 0.7698410720000001 0.024246603448275863 0.79299514 0.04096506034482759 0.8081297439999999 0.036417066810344824 0.766866476 0.019186200431034483 0.7698410720000001
0 0.031650043103448273 0.615514272 0.03227728448275862 0.635429032 0.04253416379310345 0.6516791080000001 0.04026547844827586 0.614026972 0.031650043103448273 0.615514272
0 0.028556331896551723 0.379776408 0.02601550646551724 0.402240384 0.052876015086206894 0.3956011 0.028556331896551723 0.379776408
0 0.10910599137931035 0.461981588 0.13874759913793103 0.47488524 0.20197280603448278 0.453959032 0.11974983620689655 0.45613950799999997 0.10910599137931035 0.461981588
0 0.16226148706896554 0.637017276 0.09320194396551724 0.67897372 0.08254747629310344 0.718856804 0.10369909698275862 0.737230708 0.14855378448275863 0.717473536 0.1393111099137931 0.699046068 0.10789198922413794 0.698463096 0.15972066379310346 0.6594812520000001 0.2471401077586207 0.650396784 0.16226148706896554 0.637017276
0 0.12378541594827587 0.515511976 0.10034386637931034 0.527567952 0.19321068103448275 0.5195453999999999 0.12378541594827587 0.515511976
0 0.24149494827586207 0.471163904 0.25314237931034483 0.49718545199999997 0.25047610560344824 0.5156664799999999 0.17510167672413796 0.49463933200000004 0.2072734870689655 0.519120016 0.22677303879310345 0.55379756 0.23398730387931035 0.5765798 0.22827841594827586 0.6015929919999999 0.2551283017241379 0.628994716 0.24383597413793104 0.683004052 0.28411080603448274 0.7241066439999999 0.2839747349137931 0.754164704 0.29145051724137927 0.7508718400000001 0.2856268017241379 0.7378610680000001 0.30563877155172414 0.7544294079999999 0.31831102586206894 0.744232552 0.3302305926724138 0.7101379839999999 0.3515182844827586 0.698453832 0.37774093103448275 0.7059407959999999 0.3786190646551724 0.733821464 0.38876111853448275 0.71204758 0.4063683318965517 0.72102184 0.47491546336206897 0.697174596 0.5077251336206896 0.7075290360000001 0.5809563254310345 0.6948869999999999 0.6145186853448276 0.7291391599999999 0.6467011163793104 0.719578836 0.7208104439655173 0.7348174719999999 0.7386685517241379 0.7517576319999999 0.747796400862069 0.7321611400000001 0.7489466745689655 0.699925688 0.7136174224137931 0.643953204 0.6840906422413793 0.6690735120000001 0.6256855646551724 0.671146872 0.5881918318965518 0.64958722 0.5722366875 0.6243093239999999 0.5446128685344828 0.6410919 0.5088966530172414 0.6072115680000001 0.42602519827586205 0.657559304 0.4352784935344828 0.6419457559999999 0.4345364267241379 0.584007028 0.41829852155172415 0.6528862599999999 0.4087943297413793 0.6605339 0.39714690086206894 0.634512352 0.3672543965517241 0.6136427919999999 0.3705585323275862 0.58103552 0.3860225064655172 0.556340596 0.4307517456896552 0.5326004679999999 0.4719259547413793 0.533501708 0.4940917801724138 0.549698224 0.4938515043103448 0.507691308 0.501076390086207 0.49643254000000003 0.5316067543103449 0.503175856 0.5540234762931034 0.5273382759999999 0.5668211810344828 0.521124376 0.5683477995689654 0.500837788 0.5818981896551725 0.518521604 0.5987527155172414 0.503598148 0.6191410280172414 0.532115348 0.6427186443965517 0.49000131199999997 0.6538855237068965 0.432009028 0.6407114784482758 0.426274068 0.6343859719827587 0.397331484 0.6124710409482759 0.389100872 0.6051313275862069 0.362335676 0.590179765086207 0.3689214 0.5845963275862069 0.397917548 0.5692684224137932 0.392554412 0.5519333469827586 0.323464036 0.5347024784482758 0.326438632 0.5182242974137931 0.353310944 0.4879554504310345 0.320492528 0.4630191465517241 0.250712056 0.46742044827586204 0.35607439199999996 0.4547588146551724 0.33223023999999995 0.44930082327586207 0.365209332 0.43422381250000003 0.367812104 0.4168781163793103 0.33276274 0.41132654310344824 0.259635848 0.39954304525862067 0.26367236000000005 0.39141878017241377 0.315132484 0.34733802370689654 0.29070535200000003 0.34190127370689655 0.255602428 0.3097188426724138 0.265162748 0.3023685107758621 0.272438564 0.305776849137931 0.31189626800000003 0.2836004030172414 0.32974076 0.24547943103448275 0.288266344 0.22344967456896553 0.242011768 0.22901187068965517 0.281097648 0.2873957047413793 0.34710631200000003 0.29118038793103446 0.398512872 0.3286741206896552 0.42007252 0.3173817931034483 0.474081856 0.30572374137931035 0.48210132 0.26835545905172414 0.464524624 0.24568784051724138 0.432396292 0.24149494827586207 0.471163904
0 0.3788274762931034 0.877951416 0.3978358599137931 0.8626561359999999 0.4108950818965517 0.830367132 0.39811862068965514 0.768499012 0.35945337068965516 0.847256824 0.3789635474137931 0.847893356 0.3788274762931034 0.877951416
0 0.3198270237068966 0.75798698 0.2910529288793104 0.807005004 0.29054051508620693 0.825114204 0.3198270237068966 0.75798698
0 0.3437703620689655 0.7618628159999999 0.3386993362068965 0.7727497560000001 0.36075033620689656 0.750922308 0.33237383189655173 0.743807172 0.3437703620689655 0.7618628159999999
0 0.5689451831896551 0.2104005 0.5604551982758621 0.215870752 0.5669061530172415 0.248796288 0.5689451831896551 0.2104005
0 0.7038112370689655 0.401364908 0.6789791400862069 0.403649416 0.7064668879310345 0.416924896 0.7130645323275862 0.38575136400000004 0.7038112370689655 0.401364908
0 0.6720157715517241 0.38883308 0.6431162327586207 0.433868148 0.6633897155172415 0.42436138799999995 0.6720157715517241 0.38883308
0 0.6442240215517241 0.537796748 0.6586631702586206 0.549320224 0.7198599676724138 0.532748792 0.6743780409482758 0.5325912039999999 0.6442240215517241 0.537796748
0 0.22081526508620689 0.15836976000000003 0.21700934051724138 0.175045224 0.2472781875 0.20786364000000002 0.22081526508620689 0.15836976000000003
0 0.1988790926724138 0.218221172 0.1903891077586207 0.22369142 0.23028759267241378 0.252845152 0.1988790926724138 0.218221172
0 0.44101063362068965 0.13637546 0.4465622112068966 0.209502352 0.45431012931034487 0.146093372 0.449124275862069 0.118956352 0.44101063362068965 0.13637546
0 0.41351226508620686 0.157140992 0.4151537112068966 0.174878368 0.4226294913793104 0.171585508 0.4199738405172414 0.15602552 0.41351226508620686 0.157140992
0 0.34406575431034486 0.22118959200000002 0.3771157004310345 0.273550952 0.38003286853448276 0.26303582799999997 0.3521793987068965 0.203770484 0.34406575431034486 0.22118959200000002