0 0.5984910385232745 0.6174095557142857 0.5811857223113965 0.5695422371428571 0.5722472215088282 0.5595747857142858 0.557922088282504 0.5583980442857143 0.5519588065810594 0.5593071585714285 0.5456612134831461 0.57054118 0.5602129245585875 0.7068769371428572 0.5675362231139647 0.7136339742857143 0.5620704654895666 0.7282938542857142 0.5648874341894061 0.7509087585714286 0.5703888130016052 0.7625524214285715 0.5695747897271268 0.7722783357142857 0.6085314542536115 0.7337891657142858 0.6129893170144461 0.7142899985714286 0.5984910385232745 0.6174095557142857
0 0.48884535874799356 0.6022472228571428 0.4953239767255217 0.6282406442857144 0.48323916292134833 0.6417972128571429 0.5011339751203852 0.6748838857142857 0.5094958250401285 0.67696974 0.510855841894061 0.6846358914285714 0.5018560272873194 0.6936893828571429 0.5243847624398074 0.70869032 0.5307664446227929 0.72740114 0.5405189695024076 0.7276426771428571 0.5500291540930979 0.7096777085714286 0.5404348796147672 0.6976978328571428 0.5371075393258427 0.6839944057142857 0.5405753186195826 0.6728077214285714 0.5358266484751204 0.6704590828571428 0.5288732817014445 0.67968068 0.5253392247191011 0.6740742928571429 0.5308049831460674 0.6594144142857142 0.5253036027287319 0.64777075 0.5282916669341894 0.6359850728571429 0.5382202520064205 0.6376400385714286 0.5447423731942216 0.63146075 0.5479856227929374 0.6152193328571428 0.5424051179775281 0.6094448385714285 0.5387741260032103 0.59655585 0.5291976613162118 0.5977277457142858 0.5255538234349919 0.6075009985714286 0.5205499686998395 0.6096080985714285 0.5261739759229535 0.58320988 0.513349297752809 0.5648091785714285 0.5017748539325843 0.5694542685714286 0.5016957295345105 0.57532344 0.5074522937399679 0.5825113642857143 0.5050230682182986 0.5890268671428571 0.5085264678972712 0.6041437257142857 0.5056175288924559 0.6100602342857143 0.4958956613162119 0.6003082271428571 0.4903458138041733 0.5850232628571428 0.4827673298555377 0.5827219628571428 0.4808178178170145 0.5898364585714285 0.48884535874799356 0.6022472228571428
0 0.548665040128411 0.44180299142857143 0.5549319751203853 0.44007944 0.5568330192616372 0.4293236442857143 0.5691295160513643 0.44348404999999996 0.5827019390048154 0.4353657657142857 0.5880401043338684 0.4229337557142857 0.5834803410914928 0.3993363071428571 0.5749730858747993 0.38632655 0.561158323434992 0.3762383328571428 0.5672313876404494 0.35994957857142856 0.5629139646869984 0.35455863428571427 0.5556084767255217 0.36095336857142857 0.5370757006420546 0.33900604142857144 0.5332558017656501 0.3473658628571429 0.5360549590690209 0.3568289942857143 0.5439855650080256 0.36195715714285714 0.5477441500802568 0.37261827857142854 0.5424059847512038 0.3850502871428571 0.5355317431781702 0.38840271428571427 0.5327682070626003 0.4052431242857143 0.5273331067415731 0.41039253285714283 0.5291728370786516 0.4186576785714286 0.5439470272873195 0.4299438842857143 0.548665040128411 0.44180299142857143
0 0.4305013081861958 0.5663974257142858 0.42513248635634027 0.5883399057142857 0.4179545906902087 0.59250677 0.4186588330658106 0.5981604971428571 0.43010568459069026 0.5957432757142856 0.4423052455858748 0.60262108 0.4505701605136437 0.5974243342857143 0.4551249582664526 0.5852077671428572 0.4544998410914927 0.5736848728571429 0.44237940529695025 0.5609378971428571 0.4305013081861958 0.5663974257142858
0 0.44461475922953453 0.5398571914285715 0.4614660537720707 0.5418010328571429 0.468358106741573 0.5516003785714286 0.47348955377207064 0.5472654071428571 0.4716626701444623 0.5163380214285714 0.4634590682182986 0.5025138242857143 0.45375501203852325 0.5059135914285715 0.44338233547351524 0.5299631714285714 0.44461475922953453 0.5398571914285715
0 0.5352914526484751 0.5003004928571428 0.524130444622793 0.4887515057142857 0.4983278025682183 0.4995024571428572 0.49794502487961473 0.5061860628571428 0.5135995176565008 0.5245394271428572 0.5310887752808989 0.5153439228571428 0.5352914526484751 0.5003004928571428
0 0.5121197897271268 0.46062488857142864 0.49658004333868383 0.4627058985714286 0.478787132423756 0.4727158414285714 0.4792846573033708 0.48646660714285717 0.49613595184590686 0.48841044714285714 0.5167893346709471 0.4688426957142857 0.5121197897271268 0.46062488857142864
0 0.4838146308186196 0.29517997285714287 0.4735161131621188 0.2775463714285714 0.46494754494382023 0.2835575557142857 0.4640543956661316 0.29915263999999997 0.47448050561797755 0.3145583714285714 0.480316195024077 0.3158771285714286 0.4838146308186196 0.29517997285714287
0 0.4016866444622793 0.18546943285714285 0.4097270321027287 0.17521795571428572 0.4089258539325843 0.16228162857142855 0.3930468322632424 0.13887353142857142 0.387132018459069 0.14342394714285717 0.3884000642054575 0.17962150999999998 0.3928935473515249 0.18642588571428573 0.4016866444622793 0.18546943285714285
0 0.598822117977528 0.12248153142857142 0.6150967632423756 0.1165437757142857 0.619827621187801 0.10574064142857144 0.6175388346709471 0.08736603285714285 0.6098149470304977 0.07414083142857142 0.5936500834670947 0.0646989442857143 0.5831320032102729 0.07782462285714285 0.5885720690208668 0.10848922857142856 0.598822117977528 0.12248153142857142
0 0.5900190906902086 0.051809954285714284 0.5922637239165329 0.04295655714285714 0.5649964566613163 0.04097887714285714 0.5759184863563402 0.05568794571428571 0.5900190906902086 0.051809954285714284
0 0.7230700248796148 0.4077252042857143 0.710809150882825 0.41986834000000006 0.7148407319422151 0.4392254928571429 0.7142512367576244 0.45400614 0.7264201404494383 0.47039441571428575 0.7405207455858748 0.46651642428571427 0.7483850714285715 0.45485151571428567 0.7486837592295345 0.4182230628571429 0.7453257640449438 0.41403010714285715 0.7343586260032103 0.4170463228571429 0.7309521629213483 0.4092120657142857 0.7230700248796148 0.4077252042857143
0 0.8810864855537721 0.13475624428571428 0.8758581027287319 0.13180861428571428 0.8694635746388443 0.13576003571428572 0.8686495505617978 0.14548595 0.8726633210272874 0.1516913314285714 0.8728571926163724 0.1662565342857143 0.8775752054574638 0.17811564285714285 0.8856334028892455 0.18101593428571428 0.8930664839486356 0.17239333285714284 0.8925204911717496 0.1550012657142857 0.8898973940609952 0.1469515642857143 0.8816631356340289 0.14263784 0.8810864855537721 0.13475624428571428
0 0.9713538426966293 0.37160219 0.97976416211878 0.3773293457142857 0.984112242375602 0.37320981857142854 0.9863169398073836 0.36163958571428567 0.9831656605136437 0.34934958857142856 0.978544584269663 0.3447730842857143 0.9717979341894061 0.34589764 0.9678504430176564 0.3564853314285714 0.9713538426966293 0.37160219
0 0.7528975489566614 0.8293064971428571 0.7557095529695024 0.8161073871428571 0.7829335232744783 0.7940016471428571 0.7887335914927769 0.7690168599999999 0.8040488089887641 0.7618811185714286 0.8099458130016052 0.7441789328571429 0.816820055377207 0.7408265042857144 0.8185935056179775 0.7322985771428572 0.81410002247191 0.7254942014285714 0.7956028683788122 0.7298504185714285 0.7846841998394863 0.7365079357142857 0.7788663210272874 0.7483409514285714 0.7606728210272873 0.7518827299999999 0.7503308009630819 0.7664218399999999 0.7485701950240771 0.7522875257142857 0.7431350947030497 0.7574369342857143 0.7427572817014446 0.7999345557142857 0.7463754277688603 0.8354857857142858 0.7513179686998395 0.8523996271428572 0.7551863354735152 0.8476811057142857 0.7528975489566614 0.8293064971428571
0 0.6353490048154093 0.8937957985714285 0.6349840377207062 0.9136311785714286 0.6473725056179775 0.8992601728571429 0.6475307544141252 0.8875218328571428 0.6430857383627608 0.8843587585714286 0.6353490048154093 0.8937957985714285
0 0.3294387768860353 0.07377256285714286 0.33071966853932583 0.08730788285714286 0.33791537479935796 0.09629279 0.3510565521669342 0.09121681142857142 0.35038296629213483 0.07605261571428572 0.34141309951845905 0.07047934714285714 0.3294387768860353 0.07377256285714286
0 0.46323745666131616 0.4031688242857143 0.4580575401284109 0.4038624942857143 0.45785082343499195 0.4119595328571428 0.4740156861958267 0.42140142 0.48263272311396466 0.4190315357142857 0.4877948274478331 0.4051860942857143 0.4869145248796148 0.3981189371428571 0.4713085 0.3834068742857143 0.4653452182985554 0.38431598857142857 0.46323745666131616 0.4031688242857143
0 0.481747455858748 0.37615036428571424 0.48860885152487965 0.39546018000000005 0.49743260513643656 0.3849932571428571 0.5015076894060996 0.3721776985714286 0.49766997913322636 0.3673857485714286 0.481747455858748 0.37615036428571424
0 0.39932779614767255 0.4689865742857143 0.39061382343499196 0.4640738557142857 0.3790393804173355 0.4687189457142857 0.38494134831460675 0.4868307728571429 0.3964366677367576 0.48805485285714284 0.4007362800963082 0.48029402571428575 0.39932779614767255 0.4689865742857143
0 0.3013505794542536 0.55075202 0.30817635393258425 0.5437582914285715 0.3028025666131621 0.5298867585714285 0.28420847752808986 0.5269603742857143 0.2818583772070626 0.5276067057142857 0.2833459863563403 0.5330449885714286 0.29046256741573034 0.5478990642857142 0.3013505794542536 0.55075202
0 0.27357273434991974 0.61394195 0.2796942664526485 0.6012944957142857 0.2786379036918138 0.5928139071428572 0.26974787078651685 0.5864877571428572 0.25991622150882826 0.5921153914285714 0.26124558105939005 0.6092920142857143 0.2649556982343499 0.6163118342857143 0.27357273434991974 0.61394195
0 0.26673293258426967 0.2890990857142857 0.26150454975922954 0.28615145428571426 0.24793212600321027 0.29426974 0.25504870786516853 0.30912381714285714 0.2646251717495987 0.30795192 0.26953208988764044 0.29856221714285713 0.26673293258426967 0.2890990857142857
0 0.2427037423756019 0.2913221085714286 0.2351252592295345 0.28902081 0.22916197592295345 0.2899299242857143 0.2274854606741573 0.3057404514285714 0.23415298555377206 0.31048506428571426 0.24398463402889248 0.30485743000000004 0.2427037423756019 0.2913221085714286
0 0.3764191990369182 0.36637897571428574 0.3823340144462279 0.3618285614285714 0.3886137953451043 0.33744276714285715 0.374926625200642 0.32512668 0.3667893025682183 0.32809555714285715 0.3611959518459069 0.3449833057142857 0.3645232921348315 0.35868673285714286 0.3764191990369182 0.36637897571428574
0 0.7885671460674157 0.26033806857142855 0.7932010690208667 0.24225233285714284 0.7898737303370786 0.22854890428571428 0.7781054141252006 0.21862879285714285 0.7605370321027287 0.2336934685714286 0.76770208105939 0.2521888442857143 0.7787354967897272 0.2659657028571429 0.7885671460674157 0.26033806857142855
0 0.5664795449438202 0.12626 0.554183048154093 0.11209959142857143 0.5468775601926164 0.11849432571428571 0.5476787383627608 0.1314306542857143 0.5548744438202248 0.14041556 0.5650582150882825 0.1376147885714286 0.5664795449438202 0.12626
0 0.5555658410914928 0.16873152857142856 0.5464997471910112 0.16099194714285714 0.5393703202247191 0.16880011285714286 0.5433712447833066 0.19766773714285713 0.54746413964687 0.19800394857142858 0.5575816316211878 0.1784101057142857 0.5555658410914928 0.16873152857142856
0 0.5618704470304976 0.3234158028571429 0.5540189662921349 0.31241847 0.5390074020866773 0.3187397757142857 0.5402882937399679 0.3322750957142857 0.5529675682182985 0.3397518957142857 0.5594896886035313 0.3335726042857143 0.5618704470304976 0.3234158028571429
0 0.7662343314606742 0.3900066185714286 0.7485333916532905 0.37148514857142856 0.7445374317817014 0.37843153714285716 0.7470992150882825 0.40550218 0.7522000056179775 0.4106776814285714 0.7672600385232744 0.4079976771428571 0.7662343314606742 0.3900066185714286
0 0.7568923266452648 0.46786127285714285 0.7655400192616372 0.4559809185714286 0.7637794141252006 0.44184660285714283 0.7581989101123595 0.43607210999999996 0.7522356276083467 0.4369812228571429 0.7475047688603531 0.44778435714285714 0.7487371926163724 0.45767837714285714 0.7568923266452648 0.46786127285714285
0 0.5279772166934189 0.7895660342857144 0.5341472166934189 0.7805598814285715 0.5344330585874799 0.7665936714285715 0.5298119815409309 0.7620171671428572 0.5202839863563403 0.7668303628571428 0.5165125553772071 0.7788314842857144 0.5179210393258427 0.7901389371428572 0.5279772166934189 0.7895660342857144
0 0.48611539566613166 0.5152868928571429 0.47859822552166936 0.49396465142857143 0.47420167736757624 0.49444287857142855 0.47007812520064207 0.5036171371428572 0.47052718218298556 0.5137266014285715 0.4753727873194221 0.52335784 0.48611539566613166 0.5152868928571429
0 0.49572748234349917 0.54041854 0.48570196147672556 0.5314809714285714 0.4791313723916533 0.5340189599999999 0.47692667495987157 0.5455891928571429 0.48377026083467095 0.5517472371428571 0.495089518459069 0.5515578857142858 0.49572748234349917 0.54041854
0 0.5530578049759229 0.7600095857142857 0.5431114093097913 0.7452028485714285 0.5348464943820225 0.7503995942857143 0.5364310393258427 0.7631204771428572 0.5428433780096308 0.7723208285714286 0.5483269462279293 0.77081272 0.5530578049759229 0.7600095857142857
0 0.5472258980738363 0.44000601 0.5418214542536115 0.4356449471428571 0.5366415393258427 0.4363386171428571 0.53226280176565 0.4499686157142857 0.5352864879614767 0.46448648 0.5481062006420546 0.4470731671428571 0.5472258980738363 0.44000601
0 0.41858640770465494 0.19105457571428572 0.42004335955056177 0.20600332857142856 0.43436849277688605 0.20718007 0.43465433547351523 0.19321386142857144 0.42889777046548955 0.18602593571428572 0.41858640770465494 0.19105457571428572
0 0.49522089406099523 0.2306451957142857 0.48789759550561795 0.22388815857142857 0.4813270064205457 0.22642614714285714 0.47798682102728735 0.23538496285714286 0.4808344462279294 0.2484893942857143 0.49566995104333866 0.24075466 0.49522089406099523 0.2306451957142857
0 0.5479537833065811 0.27023097 0.5480507199036918 0.2775135714285714 0.554110937399679 0.2838870585714286 0.560760650882825 0.27547989857142857 0.5560426380417335 0.2636207914285714 0.5479537833065811 0.27023097
0 0.41351540690208666 0.4007631571428571 0.40121891011235955 0.38660275142857137 0.39217062841091493 0.39201494000000003 0.39549796709470303 0.40571836857142857 0.4058271404494382 0.4138414985714286 0.4127013828250401 0.41048907142857144 0.41351540690208666 0.4007631571428571
0 0.4652424502407705 0.5656139242857143 0.452532518459069 0.5676475957142857 0.44316277207062604 0.5607224528571428 0.4311086147672552 0.56476855 0.42478036516853934 0.5855130428571429 0.4177785304975923 0.5910933385714285 0.418834893258427 0.5995739285714285 0.43106511155698235 0.5969412628571429 0.447181507223114 0.6027418485714285 0.4557016083467095 0.5930893628571429 0.45585985714285715 0.5813510242857143 0.46482901444622793 0.5818080028571428 0.4677379542536116 0.5758914957142858 0.4652424502407705 0.5656139242857143
0 0.555647014446228 0.29296664142857143 0.5576628049759229 0.30264521714285714 0.5690305304975922 0.3060971657142857 0.5708039823434992 0.29756923857142853 0.5598190345104335 0.28743368428571425 0.555647014446228 0.29296664142857143
0 0.5177011613162119 0.24200483142857143 0.5289106372391653 0.2571951214285714 0.537831327447833 0.25401079857142855 0.532457540128411 0.24013926714285713 0.5231847295345105 0.2404967242857143 0.5177011613162119 0.24200483142857143
0 0.5203114125200643 0.2727167742857143 0.5201046942215088 0.2808138142857143 0.5299056869983948 0.28469665 0.5315030778491172 0.2747552928571429 0.5268820008025682 0.2701787857142857 0.5203114125200643 0.2727167742857143
0 0.5255269494382023 0.2983266485714286 0.5188109574638844 0.2899407342857143 0.513023735152488 0.29226328 0.5128170176565008 0.30036031857142853 0.5182699293739967 0.30836268142857143 0.525672353130016 0.30925054999999996 0.5255269494382023 0.2983266485714286
0 0.5268790850722311 0.3644690542857143 0.5249295730337078 0.37158355142857147 0.5300303635634028 0.37675905 0.5362972993579455 0.3750355 0.5348403467094703 0.36008674714285716 0.5268790850722311 0.3644690542857143
0 0.507590683788122 0.4275169714285715 0.5026174855537721 0.4201136014285714 0.48917265489566614 0.4260040171428571 0.48818257062600323 0.4343165014285714 0.49467403451043335 0.43764768142857147 0.5062484775280899 0.4330025914285714 0.507590683788122 0.4275169714285715
0 0.3877744173354735 1 0.38069343499197433 0.9828360185714287 0.3738191934189406 0.9861884457142857 0.37687353611556984 0.9911958399999999 0.37732477126805775 1 0.3877744173354735 1
0 0.5041129759229535 0.3670756271428572 0.5059527054574638 0.37534077285714285 0.516713125200642 0.38042159714285717 0.5167437825040129 0.3709111257142857 0.5094204839486357 0.36415408857142856 0.5041129759229535 0.3670756271428572
0 0.4781471195826645 0.3537509057142857 0.4706477608346709 0.3455804357142857 0.4656439060995185 0.34768753714285716 0.4658684341894061 0.35274227 0.4714974069020867 0.3621580642857143 0.47637366853932583 0.36227883285714285 0.4781471195826645 0.3537509057142857
0 0.4009716059390048 0.33258223285714283 0.40930279935794545 0.34417856 0.4161285738362761 0.3371848314285714 0.41428884430176566 0.3289196857142857 0.40888440048154095 0.3245586242857143 0.4009716059390048 0.33258223285714283
0 0.4297366187800963 0.35537008857142854 0.42607497030497593 0.35199157000000003 0.4205122760834671 0.3593688471428571 0.42970596227929375 0.36488056 0.4297366187800963 0.35537008857142854
0 0.638556632423756 0.85125084 0.6418968178170145 0.8422920257142857 0.6438769863563403 0.8256670585714286 0.6410778290529695 0.8162039271428572 0.6340759943820224 0.8217842214285714 0.6315191757624398 0.830527592857143 0.6344637367576245 0.8509146285714285 0.638556632423756 0.85125084
0 0.609924176565008 0.8620491285714286 0.6089340922953451 0.8703616114285714 0.6146421894060995 0.8739082371428571 0.6205570032102729 0.8693578228571429 0.6186688049759229 0.8574513757142856 0.609924176565008 0.8620491285714286
0 0.9656565425361155 0.21528904 0.9693666597110755 0.22230885999999997 0.973481511235955 0.21956914285714285 0.9713766099518459 0.2026707842857143 0.9661669133226324 0.20637756428571427 0.9656565425361155 0.21528904
0 0.9197030088282504 0.2951725214285714 0.9150819317817014 0.2905960142857143 0.9092947102728732 0.29291856 0.9061305858747993 0.3032908057142857 0.9113283113964686 0.31574890714285714 0.920504186998395 0.30810884857142856 0.9197030088282504 0.2951725214285714
0 0.7615461091492777 0.5930315914285714 0.7651771011235955 0.6059205814285714 0.7741769165329053 0.59686709 0.7732966131621187 0.5897999314285715 0.7672848627608346 0.5870677442857143 0.7615461091492777 0.5930315914285714
0 0.7588161460674158 0.5060712614285714 0.7536668876404494 0.49725446142857144 0.7468895818619583 0.5078894885714286 0.749640272070626 0.51371132 0.7588161460674158 0.5060712614285714
0 0.4896304598715891 0.1532426742857143 0.48256234670947035 0.1420298985714286 0.47973253130016047 0.1420772357142857 0.47674446709470303 0.15386291571428573 0.48237343980738356 0.16327870857142857 0.4878570088282504 0.16177060142857141 0.4896304598715891 0.1532426742857143
0 0.46326606420545746 0.26355407142857146 0.46323540770465493 0.27306454142857145 0.4726842784911717 0.27412051428571427 0.4736743627608347 0.2658080314285714 0.4690532857142857 0.2612315257142857 0.46326606420545746 0.26355407142857146
0 0.44976780096308183 0.22998917285714288 0.45557283306581053 0.24081839857142856 0.46123246227929376 0.24072372285714286 0.4617913009630819 0.23545354571428573 0.4548992479935795 0.22565420285714285 0.44976780096308183 0.22998917285714288
0 0.4898400939004816 0.050855365714285714 0.4845147744783307 0.040625134285714286 0.4799906332263242 0.04333122857142857 0.4853644197431781 0.057202762857142854 0.4898400939004816 0.050855365714285714