0 0.8463183491847827 0.051797730434782606 0.8434012635869566 0.08808016521739132 0.8477315543478261 0.10206105652173914 0.8637963546195652 0.11538971304347825 0.8793113940217391 0.11125512391304349 0.8889987989130436 0.10467564782608696 0.9027836834239131 0.07244577608695653 0.90302303125 0.03706730434782609 0.8923137092391304 0.02193071956521739 0.863489210597826 0.025043117391304347 0.8463183491847827 0.051797730434782606
0 0.8740915122282609 0.36451318260869564 0.8775550910326086 0.3831988717391304 0.8903131535326088 0.38551025652173915 0.8962216616847826 0.3636606956521739 0.8944947758152174 0.29806053260869564 0.8879621711956522 0.25173154130434783 0.8801666657608697 0.23781740217391306 0.8737083967391305 0.2422037195652174 0.8705568668478262 0.25760730652173913 0.8740915122282609 0.36451318260869564
0 0.8985628383152174 0.609954047826087 0.908169370923913 0.6276690195652175 0.9297481263586956 0.6281057282608695 0.9403814796195652 0.6112794434782608 0.9269168138586956 0.5838363934782609 0.9095115095108696 0.5897121586956521 0.8985628383152174 0.609954047826087
0 0.8051654538043478 0.5444149826086957 0.758550902173913 0.4498461217391304 0.7546151644021739 0.42690761739130434 0.7409920244565218 0.4105485891304348 0.7483897051630436 0.47092522173913043 0.7720106644021739 0.5335464891304348 0.7824839089673913 0.5465566652173913 0.7871311494565217 0.5383695130434782 0.8051654538043478 0.5444149826086957
0 0.5188709687499999 0 0.5179154483695652 0.002718963043478261 0.5056295434782608 0.00466039347826087 0.509406804347826 0.03868291739130435 0.5243704483695651 0.035837523913043484 0.5245289252717391 0.024753502173913044 0.5286231372282608 0.03660798695652174 0.5433507024456522 0.0316361847826087 0.5776858858695652 0.05313671739130434 0.5869771005434783 0.07426729347826086 0.6013893505434783 0.07271109565217392 0.6055611671195652 0.09777600869565217 0.62422446875 0.11574271086956522 0.6398154782608696 0.1435709913043478 0.6419401875 0.16270866086956523 0.6459567961956522 0.1613527152173913 0.6388744307065217 0.0975604804347826 0.6106095 0.005621484782608695 0.5989162214673913 0 0.5188709687499999 0
0 0.46715492391304353 0 0.4533255461956522 0.004668586956521739 0.4533360244565217 0.009077258695652173 0.4190751752717391 0.038292034782608696 0.39316449592391306 0.042626876086956526 0.3764657921195652 0.07363430434782609 0.3746531304347826 0.08858590869565218 0.36299622418478256 0.10244857173913043 0.36267927309782605 0.1246166152173913 0.36850527581521736 0.14581394130434785 0.38197484239130436 0.11699967173913044 0.44907679891304353 0.08331655434782609 0.4703353355978261 0.14342618260869566 0.4772624945652174 0.18079756086956522 0.4919867907608696 0.21333063695652174 0.5013588777173913 0.2101667652173913 0.5085319211956522 0.13714991304347826 0.5002724307065217 0.025220758695652174 0.4954225625 0 0.46715492391304353 0
0 0.5835388274456522 0.668870097826087 0.6044902173913044 0.6386331304347825 0.5912632663043478 0.59456405 0.5857509470108696 0.5887035586956522 0.5773231752717392 0.6003730652173913 0.5432240692934782 0.5809989391304348 0.528496504076087 0.5859707413043478 0.5234547078804348 0.6031155043478261 0.5017967146739131 0.6082208086956521 0.5002168641304348 0.6628037 0.4961210163043478 0.6697016565217392 0.48824627445652174 0.6613295282608697 0.4812366114130435 0.6670050391304347 0.5121065801630434 0.6885723239130435 0.5536099035326086 0.6933133239130435 0.5835388274456522 0.668870097826087
0 0.40455100271739125 0.42043903260869564 0.3938400448369565 0.4240548869565217 0.38194705978260873 0.43579114347826087 0.3984015135869566 0.49641950434782606 0.42541498369565217 0.48950627391304347 0.45337603940217397 0.4535937956521739 0.46054581250000004 0.4180818217391304 0.45456133695652173 0.4079685152173913 0.41014255978260866 0.42075751304347825 0.4081730570652174 0.4280407 0.40455100271739125 0.42043903260869564
0 0.6598805448369565 0.34306809565217394 0.6299532554347826 0.3487588826086957 0.6001019347826088 0.3864125369565217 0.6018320910326087 0.4145078217391304 0.6161634673913043 0.43724607173913044 0.650894839673913 0.43103655217391307 0.6639698546195651 0.41117989782608694 0.6598805448369565 0.34306809565217394
0 0.353464027173913 0.13544890652173913 0.35290609510869564 0.21174785869565219 0.3629831494565217 0.2524680891304348 0.36038628260869565 0.22907760217391304 0.365192 0.20980643043478261 0.3611010570652174 0.16044706739130435 0.353464027173913 0.13544890652173913
0 0.653744129076087 0.26902905217391304 0.6482318097826087 0.2631685608695652 0.6338971644021739 0.2779351891304348 0.6379121385869565 0.29533168260869563 0.6536632567934783 0.293323502173913 0.653744129076087 0.26902905217391304
0 0.6413095543478261 0.16953986739130433 0.6459567961956522 0.1613527152173913 0.6316254184782608 0.13861446304347827 0.6257961494565217 0.1549220152173913 0.6309898831521739 0.20170298695652172 0.6422506019021739 0.2155503760869565 0.6474508736413044 0.1873215913043478 0.6413095543478261 0.16953986739130433
0 0.4520549225543478 0.8268714347826087 0.43000237635869565 0.8409343499999999 0.4288203464673913 0.84905475 0.43472722010869563 0.8459576282608696 0.4362229307065217 0.8531740652173913 0.42984389945652174 0.8520183717391304 0.4272437649456522 0.8661327652173912 0.38061940624999996 0.8840785391304348 0.3651819701086957 0.9014235565217391 0.33208228532608697 0.9107068739130435 0.34208838994565216 0.9829674630434783 0.37556262228260867 0.944878345652174 0.4093184714673913 0.9629498239130435 0.46658299728260866 0.9782849195652173 0.567070116847826 0.981078197826087 0.73441925 0.9245836869565217 0.7123453885869565 0.7566501826086957 0.6593403654891304 0.7921927043478261 0.6267353369565217 0.7987874565217391 0.5925520910326086 0.8412126586956522 0.5983004891304348 0.8491995586956522 0.59672390625 0.8662775717391304 0.56915740625 0.8932324369565217 0.5378136440217391 0.8861647760869565 0.5321444836956521 0.8726358673913044 0.5025341453804348 0.8561586130434783 0.4941872445652174 0.8435336673913043 0.4520549225543478 0.8268714347826087
0 0.06285008288043478 0.23907099782608693 0.08340201630434783 0.27404896304347826 0.10364026630434782 0.2936900913043478 0.10600105570652174 0.3149541695652174 0.11694809239130435 0.3134647217391304 0.13861262092391305 0.23334966086956524 0.13885850543478262 0.12296143260869564 0.13794763994565218 0.11113535217391304 0.06248774048913044 0.13660946304347826 0.05860393342391304 0.16329077826086957 0.06285008288043478 0.23907099782608693
0 0 0.5388783108695653 0.042216302989130434 0.6787530021739131 0.06678484375 0.7123750217391305 0.06387429483695653 0.673647697826087 0.0557306222826087 0.6569478608695651 0.034977096467391305 0.607292347826087 0.028992618206521742 0.5971790413043478 0.019863148097826088 0.5274595652173913 0.013885533967391306 0.5054596586956522 0 0.4769471913043479 0 0.5388783108695653