0 0.6645357652173912 0.3246817403100775 0.6353267260869565 0.2978105968992248 0.6062341217391305 0.3137116472868217 0.6105052043478262 0.29169589147286823 0.5939381173913043 0.2804907209302326 0.5668662956521738 0.31554746511627907 0.5168190956521739 0.29948691472868216 0.4605382391304348 0.30767251937984497 0.4317333565217391 0.28463251937984496 0.3892487043478261 0.29859141472868217 0.2891543 0.26647031395348836 0.2250231695652174 0.28357751550387594 0.17988406521739128 0.33487672480620156 0.18548404782608693 0.36712657364341084 0.27709115652173916 0.31879376356589145 0.3126502739130435 0.3641909341085271 0.36933528695652174 0.359836468992248 0.39854432173913046 0.38670760852713176 0.42925355652173913 0.3861311124031008 0.4406248173913044 0.3689175697674419 0.47214236086956524 0.3760033565891473 0.4946553739130435 0.4019034186046511 0.44749548695652175 0.4340469341085271 0.39109820434782605 0.3994603449612403 0.3714725043478261 0.4217643488372093 0.3623515391304348 0.3978064418604651 0.34699692173913044 0.39809468992248065 0.3340672521739131 0.42136976744186044 0.6383338304347825 0.5346583720930232 0.6676010826086957 0.5829156046511628 0.6539213130434783 0.6199145038759689 0.6657549478260869 0.6279181976744186 0.7112982086956522 0.5804501279069768 0.6894770739130435 0.5194401550387596 0.7372157695652174 0.5552860620155039 0.7757752826086957 0.5457879651162791 0.7840879347826087 0.5620835968992248 0.7644622391304348 0.5843876007751938 0.8330390956521739 0.6094229224806201 0.8094882652173913 0.6361877248062016 0.8228803086956522 0.6381298759689923 0.8700984130434782 0.6273724573643411 0.8124886565217391 0.5812924573643411 0.8420436347826087 0.5906086434108527 0.8778322608695652 0.5756786666666667 0.8426773 0.5341126356589148 0.859127952173913 0.5025456201550388 0.8839494782608696 0.5086603255813954 0.9412132956521739 0.5722952829457365 0.9920533260869565 0.5568962403100775 0.9922461260869565 0.5421251007751938 0.9484847695652174 0.4953842558139535 0.8254149695652173 0.41214586046511625 0.8595287565217391 0.36050523643410853 0.841749195652174 0.3378066511627907 0.8968757956521739 0.33951372480620157 0.8424410782608696 0.30269674031007754 0.8113276869565217 0.2994420930232558 0.7760014347826087 0.33958929844961244 0.6888949130434783 0.3055792093023256 0.6645357652173912 0.3246817403100775
0 0.6896998695652173 0.16736996511627908 0.6640700347826087 0.15359298062015506 0.6507362000000001 0.17303692635658915 0.6692658565217392 0.18201169379844961 0.6896998695652173 0.16736996511627908
0 0.757584847826087 0.2275151976744186 0.7398052913043478 0.20481661240310078 0.7036125043478261 0.2159154496124031 0.7402676652173913 0.23003384883720931 0.757584847826087 0.2275151976744186
0 0.8438830565217392 0.253863011627907 0.8816342565217391 0.23670263565891472 0.8500584869565218 0.2082307596899225 0.8051489 0.19920282170542636 0.7989152478260869 0.22344898449612405 0.7666476043478261 0.23008701550387597 0.7796937086956522 0.24958412403100774 0.8592958869565218 0.2749608565891473 0.8438830565217392 0.253863011627907
0 0.46031544347826087 0.6597427054263566 0.4102100260869565 0.6222960581395348 0.37678812173913045 0.6388267713178295 0.2991485086956522 0.6112196356589148 0.2676891782608696 0.6255199457364341 0.3221238956521739 0.6623369302325581 0.35242896956521735 0.6579292984496123 0.3686501217391305 0.6866894186046512 0.4032844913043478 0.6816521279069768 0.4182931652173913 0.6989188372093023 0.49472030434782605 0.7150325542635658 0.6307779913043478 0.796381968992248 0.7076092869565217 0.8163268255813954 0.751827 0.8604646744186046 0.8452253869565217 0.8916147015503877 0.8924434913043477 0.8808572790697674 0.8600011956521739 0.8233370310077519 0.7098013695652173 0.7537692829457364 0.6198657478260869 0.6929412209302325 0.556426495652174 0.674938515503876 0.5135376913043478 0.6850662713178295 0.4890621086956522 0.6613966124031008 0.46470295652173915 0.6804991395348837 0.46031544347826087 0.6597427054263566
0 0.18929946956521737 0.6116366279069767 0.1900495652173913 0.5979128100775194 0.16563219999999998 0.5956292441860466 0.16961555652173912 0.6125545348837209 0.18929946956521737 0.6116366279069767
0 0.20142082608695652 0.5806992674418605 0.1906832304347826 0.5414168062015504 0.1604363695652174 0.567210531007752 0.18843293478260872 0.5825882558139535 0.20142082608695652 0.5806992674418605
0 0.1995164739130435 0.6043157635658915 0.22791719565217392 0.6235246279069767 0.25625970000000003 0.6213473953488372 0.2609349391304348 0.6031627751937985 0.20852100434782608 0.585501484496124 0.1995164739130435 0.6043157635658915
0 0.2099629869565217 0.5366677558139535 0.22254672173913045 0.5309476317829457 0.2099047739130435 0.5152816627906976 0.2099629869565217 0.5366677558139535
0 0.3112698695652174 0.5802822751937985 0.3029572173913044 0.5639866434108527 0.2884109130434782 0.5719371705426356 0.2986861347826087 0.5860024031007751 0.3112698695652174 0.5802822751937985
0 0.586269195652174 0.6453136472868216 0.6031822260869565 0.6389638604651163 0.5952737347826087 0.6264993682170543 0.586269195652174 0.6453136472868216
0 0.6076828130434783 0.55662096124031 0.6056620304347826 0.5374652713178295 0.5828030739130434 0.5291201589147287 0.5949826521739131 0.5195688992248062 0.5433770347826087 0.5095698875968993 0.5225970826086956 0.5417665697674419 0.526234495652174 0.5762468178294574 0.5923864173913044 0.5782953062015503 0.6076828130434783 0.55662096124031
0 0.6564626913043479 0.685673527131783 0.649304295652174 0.6594852131782946 0.6685258304347826 0.6333500736434108 0.6311205739130435 0.632955488372093 0.607049147826087 0.6131169651162791 0.5807274304347826 0.6344498953488372 0.5859814739130434 0.6842547015503876 0.6218283217391304 0.6907108217054264 0.6564626913043479 0.685673527131783
0 0.7749703260869566 0.6839972093023257 0.8163589391304348 0.7013170852713179 0.7734701260869565 0.7114448449612404 0.8026791652173914 0.738315980620155 0.8466640130434783 0.6969094534883721 0.7800497173913044 0.6696437325581395 0.7749703260869566 0.6839972093023257
0 0.11604065652173913 0.3130428837209302 0.10813215652173913 0.3005783875968992 0.0849272652173913 0.3097882364341085 0.09520248695652174 0.3238534689922481 0.11604065652173913 0.3130428837209302
0 0.1527540304347826 0.3485473720930233 0.16920468260869564 0.3169803565891473 0.1373411956521739 0.32744952713178294 0.13739941304347827 0.3488356240310077 0.1527540304347826 0.3485473720930233
0 0.36910577826086954 0.4201636124031008 0.35998480869565214 0.39620570542635664 0.33008389565217394 0.40444447674418604 0.2697614652173913 0.3743186937984496 0.2245059347826087 0.3828457131782946 0.22808513043478262 0.39593986434108525 0.3269670695652174 0.4165675542635659 0.3352797217391304 0.43286318604651164 0.36910577826086954 0.4201636124031008
0 0.605422452173913 0.16017785271317828 0.6180061826086957 0.15445772480620157 0.6022474086956522 0.15091483333333333 0.605422452173913 0.16017785271317828
0 0.5683631347826087 0.14222831395348837 0.5565295 0.13422462015503878 0.5419832 0.14217514341085272 0.5522584217391304 0.15624037596899226 0.5683631347826087 0.14222831395348837
0 0.3841077391304348 0.14568727906976744 0.4026374 0.1546620465116279 0.42861317826086953 0.15088407751937985 0.41943399565217393 0.10554007364341085 0.3820287391304348 0.10514549224806202 0.3841077391304348 0.14568727906976744