0 0.8696918274336283 0.2806748464566929 0.8884303517699115 0.2870402480314961 0.908824110619469 0.23632923622047244 0.9618712522123893 0.20442237007874015 0.9576151703539824 0.17117544488188977 0.9242438517699115 0.19926790157480315 0.8650449712389381 0.2093721062992126 0.8519458849557522 0.2295582913385827 0.7942400442477877 0.25132555118110234 0.7778221725663717 0.22808499606299212 0.7433339712389381 0.29120682677165355 0.7159727013274336 0.2874902480314961 0.7123253628318584 0.3027526614173228 0.7469854668141592 0.3547341968503937 0.7746766747787611 0.3260248818897638 0.8350386548672567 0.3600096181102362 0.8696918274336283 0.2806748464566929
0 0.9405009137168141 0.3175111850393701 0.9050159646017698 0.34659438188976377 0.9012036592920355 0.3780697401574803 0.9217665464601771 0.38993556692913384 0.9554271327433629 0.35535194881889764 0.9618928053097345 0.32710206692913385 0.9405009137168141 0.3175111850393701
0 0.909819471238938 0.2441046062992126 0.8980470685840708 0.265903531496063 0.9099872123893805 0.2804181811023622 0.9497849181415928 0.2762738385826771 0.9580749513274336 0.2535243779527559 0.9692685774336284 0.26220750393700787 0.964171971238938 0.2223947283464567 0.9489531415929204 0.2260222559055118 0.9431501194690266 0.2419468779527559 0.909819471238938 0.2441046062992126
0 0.7612545862831858 0.5099532677165355 0.7645719867256637 0.5271167480314961 0.7783351039823009 0.5208685629921259 0.7612545862831858 0.5099532677165355
0 0.867378103982301 0.428866311023622 0.8592516526548672 0.4091395590551181 0.8454885353982301 0.4153877440944882 0.8410121946902656 0.4329251023622047 0.8481432853982301 0.4448764842519685 0.867378103982301 0.428866311023622
0 0.823436767699115 0.4706486456692914 0.8148126371681417 0.4470342086614173 0.8032052057522123 0.45262018897637796 0.7911014778761063 0.4805817440944882 0.800885935840708 0.4957586062992126 0.823436767699115 0.4706486456692914
0 0.7571040221238938 0.4162749488188976 0.7580979955752213 0.39778705511811024 0.7468218849557522 0.397210405511811 0.7445012300884957 0.4140855590551181 0.7571040221238938 0.4162749488188976
0 0.6833171792035398 0.5136920708661418 0.6921048915929203 0.49483029921259847 0.6690549933628318 0.48978931102362205 0.676188860619469 0.5542672125984252 0.6597737632743362 0.5835531811023622 0.6231270995575222 0.5948106929133858 0.6073760376106195 0.6380346653543306 0.6087041061946903 0.6659106653543307 0.6242929734513275 0.6914261653543307 0.668899732300885 0.6898450905511812 0.6902888495575221 0.6469094488188977 0.7095250553097345 0.6571625314960631 0.7483274026548673 0.6452428149606299 0.7695501659292036 0.5922568582677166 0.7587689623893805 0.5430413661417323 0.7838068030973451 0.5111065748031496 0.7687156150442478 0.48947875590551176 0.7564469203539823 0.5336532559055117 0.7280902920353982 0.5221613149606299 0.6919413097345133 0.5373065078740158 0.6833171792035398 0.5136920708661418
0 0.7169694446902656 0.3215288779527559 0.7078476349557522 0.29402675984251964 0.6604225442477876 0.3085953031496063 0.6194631238938052 0.29491396456692914 0.6032143805309734 0.33425024803149606 0.5746927831858407 0.3389712480314961 0.5771811814159292 0.35840967322834644 0.5498199115044248 0.3546930984251968 0.5095272986725664 0.40747628740157477 0.4818347057522124 0.4099223385826771 0.49825257522123895 0.4331628937007874 0.5088688097345133 0.4985913307086614 0.5317537389380531 0.5198452677165354 0.5368968871681415 0.5687724330708661 0.5576233584070797 0.5381620511811024 0.6047185132743362 0.5560194015748031 0.5970897411504426 0.5401803346456693 0.6013997256637168 0.5125926574803149 0.6547941969026548 0.49214980708661415 0.6770109314159292 0.42067596062992124 0.7088471548672566 0.38059191732283465 0.7169694446902656 0.3215288779527559
0 0.34686935840707966 0.7119990236220473 0.34752923230088495 0.6471472362204724 0.4607852300884956 0.6042749212598425 0.4758736460176991 0.5733762165354331 0.4793532411504425 0.521800220472441 0.5088688097345133 0.4985913307086614 0.49493656194690266 0.44226267716535433 0.480840732300885 0.42841023228346453 0.458123546460177 0.44346987007874017 0.4427038053097345 0.48053120866141735 0.37753554646017695 0.49650972440944885 0.38897523893805314 0.45461016535433074 0.3670856681415929 0.44113159842519684 0.2825176216814159 0.4893332362204725 0.2860013783185841 0.5165470275590551 0.3044071924778761 0.5028117952755905 0.3307744911504425 0.5250162677165354 0.2992709778761062 0.585200940944882 0.27025170132743365 0.5860342598425197 0.2735704867256637 0.6294609960629921 0.2485312588495575 0.6351325275590551 0.2556623517699115 0.6470839133858268 0.2823595862831858 0.6368624881889764 0.263124767699115 0.6528726614173228 0.26378880309734515 0.6668106653543308 0.28882803097345133 0.6611391299212598 0.2951301194690265 0.6753654566929134 0.29313801548672563 0.6335514566929134 0.31568884734513275 0.6084414960629921 0.340398139380531 0.6351958582677165 0.34686935840707966 0.7119990236220473
0 0.2571484557522124 0.5274306574803149 0.25781249115044247 0.541368657480315 0.27107793141592923 0.5312327874015749 0.2571484557522124 0.5274306574803149
0 0.25300482522123896 0.5650686496062992 0.25366747345132745 0.5527433858267716 0.24454705088495576 0.5515045275590552 0.24189507300884955 0.5745423110236221 0.25300482522123896 0.5650686496062992
0 0.24272268805309735 0.5460041023622048 0.2422236238938053 0.515853157480315 0.2181783672566372 0.5030367992125985 0.20806535840707965 0.5465490944881889 0.24272268805309735 0.5460041023622048
0 0.12548802876106194 0.6103014645669291 0.13029569469026547 0.5866014763779528 0.035277767699115045 0.5794249881889764 0.0012060553097345131 0.6107970393700788 0.014464418141592921 0.7143664133858268 0.0788961017699115 0.7013848503937007 0.09945621460176991 0.6607241535433072 0.10658453539823008 0.6201490078740157 0.12548802876106194 0.6103014645669291
0 0.14621588495575222 0.605954346456693 0.1385885 0.6163785393700787 0.15583398893805311 0.6110808897637796 0.14621588495575222 0.605954346456693
0 0.13925392256637167 0.6565798031496063 0.13875762831858407 0.6789553818897638 0.15583676106194688 0.6636074133858268 0.13925392256637167 0.6565798031496063
0 0.19331381415929202 0.676338216535433 0.190494092920354 0.6630624251968504 0.1788866592920354 0.6686484015748031 0.18004837389380532 0.6864740866141732 0.19331381415929202 0.676338216535433
0 0.1540082389380531 0.5793172007874016 0.14637946681415928 0.5634781377952756 0.13046066150442479 0.5703885275590551 0.1281400088495575 0.5872636811023622 0.13958247345132743 0.5978906456692914 0.1540082389380531 0.5793172007874016
0 0.06711399336283186 0.5393409409448819 0.06611724778761062 0.5053023070866142 0.04572071460176991 0.5034867992125984 0.03892371902654867 0.5378993110236221 0.06711399336283186 0.5393409409448819
0 0.09281309513274336 0.46881762204724414 0.10392423672566371 0.4856072204724409 0.09563420353982302 0.5083566771653543 0.11984581415929203 0.5312233503937008 0.14471730088495577 0.4892382440944882 0.1334398053097345 0.4623983307086614 0.09281309513274336 0.46881762204724414
0 0.2631011946902655 0.2063972125984252 0.2271157942477876 0.1790662007874016 0.18068606194690268 0.20141011417322835 0.17255961061946903 0.1816833622047244 0.17769859955752212 0.1518207440944882 0.17123154203539825 0.1538073622047244 0.1675855907079646 0.19533303937007876 0.1476881238938053 0.22366847244094487 0.12878463053097344 0.2335160157480315 0.10755770796460178 0.20771218897637794 0.12032824115044248 0.24621515748031494 0.10308275221238938 0.25151281102362205 0.10756186725663718 0.28650197637795277 0.09711614823008849 0.3099136377952756 0.1097203274336283 0.33836629133858265 0.06959268362831858 0.374936531496063 0.12663449115044248 0.33923127165354333 0.15780945353982304 0.3377357480314961 0.1757189756637168 0.34637609448818896 0.19545424557522126 0.3867801299212599 0.19810483849557523 0.3374790826771653 0.2631053561946903 0.2851869960629921 0.2728870398230089 0.2478373346456693 0.2631011946902655 0.2063972125984252
0 0.5042136349557522 0.26970901968503935 0.49874054867256634 0.2532077480314961 0.48016837831858405 0.25689266141732287 0.4849788163716814 0.2857191929133858 0.5042136349557522 0.26970901968503935
0 0.7012059026548673 0.12838349212598424 0.6960669137168142 0.15824611417322834 0.7080070575221239 0.17276076377952757 0.7230968606194691 0.1681253188976378 0.730557889380531 0.14765081102362204 0.7219337588495575 0.12403637401574803 0.7012059026548673 0.12838349212598424
0 0.5912659181415929 0.16215602755905514 0.5789930619469026 0.1275407440944882 0.5604208915929204 0.13122565748031495 0.5531262168141593 0.1617504842519685 0.566061721238938 0.18404050393700788 0.5912659181415929 0.16215602755905514
0 0.4730358982300885 0.2186780157480315 0.46772778097345136 0.18596379921259842 0.42826140044247785 0.1839455157480315 0.42162937389380534 0.20214508267716536 0.4339022278761062 0.23676036614173226 0.4730358982300885 0.2186780157480315
0 0.43539665265486727 0.27468668110236216 0.40952980752212387 0.3088964251968504 0.4057175 0.3403717834645669 0.41931565044247787 0.35033654330708663 0.4511532610619469 0.3365157598425197 0.47121569690265486 0.2919673779527559 0.43539665265486727 0.27468668110236216
0 0.532068424778761 0.19852349212598427 0.5304090309734513 0.17681012204724408 0.5116705044247788 0.17044472047244097 0.5040431194690266 0.18086891732283464 0.5143266438053097 0.22619672047244094 0.5108456615044248 0.2515094527559055 0.526434528761062 0.2770249566929134 0.556116453539823 0.2638663779527559 0.5950823827433629 0.2094704527559055 0.5848002455752211 0.19040590551181102 0.532068424778761 0.19852349212598427
0 0.6519606084070796 0.21624139763779526 0.6464875221238938 0.19974012598425198 0.6391914623893805 0.20400169291338582 0.6403531747787611 0.22182737401574804 0.6519606084070796 0.21624139763779526
0 0.6410144380530973 0.18323885039370078 0.6350436725663716 0.1628498937007874 0.6255919247787611 0.16777366535433072 0.6320603694690266 0.19205031102362205 0.6410144380530973 0.18323885039370078
0 0.6718622345132744 0.26669574803149604 0.6663891504424779 0.2501944763779528 0.6547817168141593 0.25578045275590555 0.6634058473451327 0.2793948897637795 0.6718622345132744 0.26669574803149604
0 0.6844594800884956 0.16383209448818897 0.6892671460176991 0.14013209842519686 0.680146721238938 0.1388932440944882 0.6756703805309734 0.1564306023622047 0.6844594800884956 0.16383209448818897
0 0.34518639159292036 0.24381020472440942 0.34302931858407076 0.2182091496062992 0.33175321017699116 0.21763249606299215 0.31649843805309735 0.2384808897637795 0.34518639159292036 0.24381020472440942
0 0.33673693584070796 0.3878256535433071 0.33773090707964604 0.36933776377952754 0.32595711946902656 0.3648734251968504 0.32148077876106196 0.3824107834645669 0.33673693584070796 0.3878256535433071
0 0.0888191814159292 0.2013467874015748 0.09147115929203539 0.17830900393700788 0.08185305752212389 0.17318246062992126 0.07522103097345133 0.19138202362204723 0.0888191814159292 0.2013467874015748
0 0.5466868915929204 0.6890023385826772 0.5505019712389381 0.7100535039370078 0.563269732300885 0.6960299488188977 0.5466868915929204 0.6890023385826772
0 0.5153469623893805 0.7067108070866142 0.5103715553097344 0.6940972204724409 0.49445275 0.7010076102362205 0.49826782964601773 0.7220587755905512 0.5153469623893805 0.7067108070866142
0 0.8522758230088496 0.19713239763779528 0.8827881371681416 0.2079621377952756 0.9240774955752212 0.18921758267716537 0.9215877123893805 0.14351589763779526 0.8718405796460177 0.1486963307086614 0.8219284778761061 0.1700897125984252 0.7980509623893806 0.19358692913385828 0.8083330995575221 0.21265147637795276 0.80020803539823 0.2191879842519685 0.8207709225663716 0.23105381102362205 0.8509505265486725 0.22178291732283464 0.8522758230088496 0.19713239763779528