0 0.4795281200294551 0.7617047850098619 0.48941055596465394 0.7546890177514793 0.4798002385861561 0.754293217948718 0.4599195449189985 0.75950308382643 0.4640582083946981 0.7652123560157791 0.4795281200294551 0.7617047850098619
0 0.511319175994109 0.7913864309664694 0.5094309455081002 0.7882566607495068 0.5050330324005892 0.7909391420118344 0.5016187746686304 0.78412933234714 0.5095100257731959 0.7661423076923076 0.5038839425625921 0.7596935522682445 0.4990852187039765 0.7599857455621302 0.4676140265095729 0.7828042090729783 0.4676912422680412 0.7886853224852071 0.47366665905743743 0.7936036232741617 0.47573505891016205 0.8104559940828402 0.4956672297496318 0.8091668698224853 0.511319175994109 0.7913864309664694
0 0.5216300257731958 0.7607258550295859 0.5247225537555228 0.743031023668639 0.5202731642120766 0.7417927613412229 0.5152924050073637 0.7563578224852071 0.5216300257731958 0.7607258550295859
0 0.5228600625920471 0.7418616242603551 0.5275687017673049 0.7347081311637081 0.5265225655375553 0.7113040276134123 0.5242978711340206 0.7106848964497042 0.5134317790868925 0.7271929566074951 0.5113743843888071 0.7393162396449704 0.5132754837997054 0.7434261952662722 0.5228600625920471 0.7418616242603551
0 0.5140808357879234 0.6922158372781065 0.5249984042709867 0.6796285207100592 0.5301850692194403 0.6807464289940829 0.534092088365243 0.6688123599605523 0.5281295397643594 0.6648742455621303 0.5257099410898379 0.6775477968441814 0.523408031664212 0.6710475522682446 0.5167596848306333 0.6711505315581854 0.5165133041237113 0.6805224714003946 0.5088169558173785 0.6852168136094674 0.507781823269514 0.6907883619329388 0.5140808357879234 0.6922158372781065
0 0.524934058910162 0.674727590729783 0.5288153379970545 0.660833150887574 0.5197878659793814 0.6485547712031559 0.5178591627393225 0.6704799112426035 0.5197602621502209 0.6745898678500987 0.524934058910162 0.674727590729783
0 0.511937088365243 0.6414868865877712 0.507695470544919 0.6279361272189349 0.502521674521355 0.6277984043392505 0.49829106038291604 0.643223298816568 0.511937088365243 0.6414868865877712
0 0.5116116266568483 0.6729731794871795 0.5125180670103093 0.6575997731755424 0.5073314013254787 0.6564818639053254 0.5030107039764359 0.665045459566075 0.5079252496318114 0.6735749368836292 0.5116116266568483 0.6729731794871795
0 0.4755164734904271 0.5968443796844182 0.4776253460972018 0.5886418392504931 0.47730361561119294 0.5641371982248521 0.4750789212076584 0.563518067061144 0.47453468409425625 0.5783412031558186 0.4666176929307806 0.5943678570019724 0.47077885198821795 0.6021843915187376 0.4755164734904271 0.5968443796844182
0 0.4294928136966127 0.6367726617357002 0.42503055522827693 0.6345542149901381 0.4225356067746686 0.613351184418146 0.4195736362297496 0.6128524053254437 0.4132212805596465 0.6354996558185404 0.41592400220913106 0.6443901893491124 0.42479704344624447 0.6449063402366864 0.4294928136966127 0.6367726617357002
0 0.4168671848306333 0.6599528076923077 0.4208642871870397 0.6548800384615384 0.41632481222385864 0.646780476331361 0.41422880927835054 0.6559632031558186 0.4168671848306333 0.6599528076923077
0 0.43060143004418266 0.6930731617357002 0.4284686855670103 0.6713198629191321 0.4255067150220913 0.6708210848126233 0.42423807142857145 0.686744758382643 0.43060143004418266 0.6930731617357002
0 0.41597361266568483 0.6763063984220907 0.4094153505154639 0.6832706775147929 0.40658207216494846 0.6925737554240631 0.4085089101620029 0.6986440828402367 0.4169811406480118 0.6967699467455621 0.41827552282768776 0.6828066429980276 0.41597361266568483 0.6763063984220907