0 0.32395069921875 0.6036414739583333 0.3163895703125 0.6053935625 0.29690337109375 0.5964780468750001 0.2907377890625 0.5952205729166666 0.2875406015625 0.6093923437500001 0.290508984375 0.6248215989583333 0.29527901171875 0.6290886354166666 0.30220524609375 0.66509021875 0.30459026171875 0.6672237395833333 0.31017246875 0.6551854791666667 0.336636421875 0.649053171875 0.3436141796875 0.6340053541666667 0.34064579296875 0.6185761041666666 0.32395069921875 0.6036414739583333
0 0.16029389453125 0.7382670833333332 0.2078168828125 0.7594890937500001 0.23428083984375 0.7533567916666667 0.28266752734375 0.7072241093749999 0.27492911328125 0.6875278229166667 0.2737623671875 0.6609363593750001 0.2612539296875 0.63697303125 0.21157473046875 0.5840164739583333 0.108103921875 0.6106792291666666 0.08821163671875 0.6099163645833333 0.07884886328125 0.6228306614583333 0.05337437109375 0.6341060572916667 0.0501771796875 0.6482778333333333 0.05413502734375 0.6688501614583333 0.0833385625 0.7077481302083334 0.13266319140625 0.7178079270833333 0.13801659375 0.7353706979166666 0.14517163671875 0.7417712552083334 0.16029389453125 0.7382670833333332
0 0.33369075390625 0.8082205052083333 0.337065234375 0.8154971041666667 0.34840692578125 0.8128689739583334 0.348813015625 0.804716328125 0.34305352734375 0.7953062083333333 0.32496287890625 0.7833811354166667 0.31740175 0.78513321875 0.31938067578125 0.7954193854166666 0.33369075390625 0.8082205052083333
0 0.2402464140625 0.5585693125 0.25199419921875 0.54778853125 0.24902581640625 0.53235928125 0.24047521875 0.5289682864583333 0.230529078125 0.5285868541666666 0.2235513203125 0.543634671875 0.23169582421875 0.5551783124999999 0.2402464140625 0.5585693125
0 0.21365669921875 0.49220384375000004 0.225581765625 0.5028714375 0.23692346484375 0.5002433072916667 0.24390121875 0.485195484375 0.2429117578125 0.48005240625 0.233371703125 0.471518328125 0.21586442578125 0.472888984375 0.21644780078125 0.4861847083333333 0.21365669921875 0.49220384375000004
0 0.18118173046875 0.3439304739583333 0.193106796875 0.35459806770833335 0.2044484921875 0.3519699375 0.20863514453125 0.34294124479166666 0.2056667578125 0.32751199479166665 0.20089673046875 0.32324495833333333 0.18338945703125 0.3246156145833333 0.1792028046875 0.33364430729166666 0.18118173046875 0.3439304739583333
0 0.1608606328125 0.17672368229166668 0.17278569921875 0.1873912760416667 0.180346828125 0.1856391875 0.184533484375 0.17661049479166668 0.18057563671875 0.15603816145833332 0.175805609375 0.151771125 0.16207890234375 0.15226573958333334 0.15789224609375 0.16129442708333333 0.1608606328125 0.17672368229166668
0 0.01684459375 0.16711659895833333 0.00365731640625 0.16759177604166667 0.00493817578125 0.22628541145833334 0.01778253515625 0.223309078125 0.03034249609375 0.19622301041666668 0.0263846484375 0.17565067708333335 0.01684459375 0.16711659895833333
0 0.06002636328125 0.3505155052083333 0.0552563359375 0.34624846354166666 0.04013407421875 0.349752640625 0.04310246484375 0.3651818958333333 0.0502575 0.37158244791666667 0.06299475 0.36594475 0.06002636328125 0.3505155052083333
0 0.01249559375 0.572594328125 0.01404740625 0.57337828125 0.02201462890625 0.563473546875 0.02003569921875 0.5531873854166667 0.01197090234375 0.548550921875 0.01249559375 0.572594328125
0 0.11036317578125 0.5403149687500001 0.114549828125 0.5312862760416667 0.11158144140625 0.51585703125 0.1068114140625 0.5115899895833333 0.1006458359375 0.5103325156249999 0.09645918359375 0.519361203125 0.09942756640625 0.534790453125 0.11036317578125 0.5403149687500001
0 0.16126063671875 0.5688135833333333 0.156490609375 0.564546546875 0.15032503125 0.5632890729166666 0.14613837890625 0.5723177604166666 0.15050231640625 0.5847374479166666 0.1632395625 0.57909975 0.16126063671875 0.5688135833333333
0 0.197316171875 0.5201659583333333 0.201502828125 0.5111372656250001 0.19812834765625 0.5038606614583333 0.19196276953125 0.5026031875 0.1895777578125 0.5004696666666667 0.1853911015625 0.509498359375 0.1897550390625 0.521918046875 0.197316171875 0.5201659583333333
0 0.34529005859375 0.5503453645833333 0.35325728125 0.5404406354166666 0.350288890625 0.5250113854166667 0.341738296875 0.521620390625 0.33557272265625 0.5203629114583334 0.33138606640625 0.5293916041666666 0.334354453125 0.5448208541666667 0.34529005859375 0.5503453645833333
0 0.343105046875 0.7442568020833332 0.343688421875 0.75755253125 0.35363456640625 0.7579339635416668 0.35782121875 0.7489052760416667 0.3568317578125 0.7437621927083334 0.343105046875 0.7442568020833332
0 0.3580727421875 0.893900828125 0.36522778515625 0.9003013854166667 0.3727889140625 0.8985492968750001 0.37755894140625 0.9028163385416667 0.38453669921875 0.8877685208333334 0.37877720703125 0.8783583958333333 0.3612699375 0.8797290520833334 0.35708328125 0.8887577447916667 0.3580727421875 0.893900828125
0 0.45240958984375 0.8505513489583333 0.44665009375 0.8411412291666666 0.43530840234375 0.843769359375 0.43728732421875 0.8540555260416666 0.4444423671875 0.8604560833333333 0.44822293359375 0.8595800416666667 0.45240958984375 0.8505513489583333
0 0.56877220703125 0.665102703125 0.573542234375 0.6693697395833333 0.577728890625 0.6603410468750001 0.5757499609375 0.6500548802083334 0.56202325390625 0.6505494947916667 0.55783659765625 0.6595781822916666 0.5588260625 0.664721265625 0.56877220703125 0.665102703125
0 0.2868026640625 0.7492448229166667 0.2782520703125 0.7458538229166667 0.2720864921875 0.7445963489583334 0.26929538671875 0.7506154739583333 0.2503925625 0.7549956979166667 0.24620590625 0.7640243854166666 0.24719537109375 0.76916746875 0.25435041015625 0.7755680312500001 0.273253234375 0.7711878125 0.27604433984375 0.7651686770833334 0.28360546875 0.7634165885416667 0.287792125 0.7543879010416666 0.2868026640625 0.7492448229166667
0 0.24016608984375 0.8352646875 0.2353960625 0.8309976458333334 0.22923048828125 0.829740171875 0.22504383203125 0.8387688645833333 0.22940776953125 0.851188546875 0.242145015625 0.8455508541666666 0.24016608984375 0.8352646875
0 0.1693763359375 0.8060032083333333 0.16879296484375 0.7927074739583334 0.1550662578125 0.7932020885416667 0.1556496328125 0.8064978229166666 0.1693763359375 0.8060032083333333
0 0.62717928125 0.7428986302083334 0.62677319140625 0.7510512760416667 0.63392823046875 0.7574518333333334 0.64148936328125 0.7556997447916666 0.64090598828125 0.7424040208333333 0.62717928125 0.7428986302083334
0 0.6934278125 0.7382920468749999 0.71233063671875 0.7339118229166667 0.71651729296875 0.7248831354166666 0.710757796875 0.7154730104166668 0.68946996484375 0.7177197135416667 0.68528330859375 0.72674840625 0.68627276953125 0.7318914895833334 0.6934278125 0.7382920468749999
0 0.634820734375 0.46445116666666664 0.6419757734375 0.47085171875000004 0.65709803515625 0.46734754687499996 0.66128469140625 0.4583188541666667 0.659305765625 0.4480326875 0.65453573828125 0.4437656458333334 0.64080903125 0.4442602604166667 0.63383126953125 0.459308078125 0.634820734375 0.46445116666666664
0 0.4652559609375 0.342572296875 0.47718102734375 0.3532398958333333 0.48096159375 0.35236384895833334 0.48514825 0.34333515625 0.48316932421875 0.33304899479166666 0.47839929296875 0.32878195312499997 0.46845315234375 0.32840052604166664 0.46426649609375 0.33742921875000004 0.4652559609375 0.342572296875
0 0.4996871328125 0.3265352552083333 0.49550048046875 0.3355639427083333 0.49986441796875 0.3479836302083333 0.5088211015625 0.34322197916666664 0.50585271484375 0.32779272916666663 0.4996871328125 0.3265352552083333
0 0.53061807421875 0.230723828125 0.525848046875 0.22645679166666666 0.51968246484375 0.22519931770833335 0.51549580859375 0.23422800520833334 0.5208492109375 0.25179077604166666 0.53358645703125 0.246153078125 0.53061807421875 0.230723828125
0 0.9269879453125 0.52568603125 0.94449522265625 0.524315375 0.95147298046875 0.5092675572916666 0.94571348828125 0.4998574322916667 0.93576734765625 0.49947600000000003 0.9291956796875 0.506371171875 0.9250090234375 0.5153998645833333 0.9269879453125 0.52568603125
0 0.94360880078125 0.4170734895833333 0.94878491796875 0.4131878802083333 0.95058655859375 0.402025671875 0.94581653515625 0.39775863020833335 0.939650953125 0.39650115625 0.93546430078125 0.40552984374999995 0.93645376171875 0.41067292708333336 0.94360880078125 0.4170734895833333
0 0.877789078125 0.588124 0.878195171875 0.579971359375 0.8682490234375 0.579589921875 0.8678429375 0.5877425729166667 0.877789078125 0.588124
0 0.82922510546875 0.6128083072916667 0.8363801484375 0.6192088645833334 0.84394127734375 0.6174567760416666 0.8481279296875 0.6084280833333333 0.84475345703125 0.601151484375 0.83858787890625 0.5998940052083334 0.832422296875 0.59863653125 0.82823564453125 0.6076652239583333 0.82922510546875 0.6128083072916667
0 0.675891734375 0.9653086770833333 0.6830467734375 0.9717092395833333 0.68682733984375 0.9708331979166666 0.69101399609375 0.9618045052083333 0.6890350703125 0.9515183385416667 0.68048448046875 0.94812734375 0.67809946484375 0.9459938281250001 0.67391280859375 0.9550225156250001 0.675891734375 0.9653086770833333