0 0.37437462741935484 0.21002368159806295 0.33559967822580644 0.21064738861985471 0.3148426830645161 0.19287666707021792 0.28632363306451614 0.18541779176755446 0.281327114516129 0.1936931416464891 0.2796594040322581 0.21807797094430995 0.2624101451612903 0.23519926634382568 0.2614824120967742 0.24436735230024212 0.265363439516129 0.23921142857142857 0.2707354741935484 0.24303339346246974 0.2630860733870968 0.2569744334140436 0.2628431 0.2751838062953995 0.26763419677419353 0.2863275593220339 0.29438171451612904 0.3018081876513317 0.3157836943548387 0.2752652094430993 0.3335211241935484 0.27387042493946734 0.3500016887096774 0.2580222602905569 0.36950181774193547 0.26133960169491527 0.4169201717741935 0.2527601138014528 0.434076664516129 0.25868711743341405 0.4615266064516129 0.2577412711864407 0.47476451935483865 0.2676144648910411 0.49023341451612906 0.271248803874092 0.4952299330645161 0.2629734527845036 0.4985476879032258 0.2396715569007264 0.4785306693548387 0.20668409322033898 0.46013719999999997 0.21298120460048425 0.44785573951612906 0.20788353753026634 0.39522438951612904 0.2047461053268765 0.37437462741935484 0.21002368159806295
0 0.27659351532258064 0.43175151210653756 0.2832135830645161 0.4627607360774818 0.30836849516129033 0.5050456561743342 0.3177342120967742 0.5073408934624697 0.3204246451612903 0.5028849346246973 0.3245309822580645 0.504987401937046 0.32634006612903227 0.49817538014527846 0.3261147572580645 0.49091699152542373 0.31675787177419357 0.4758878740920097 0.31289450887096776 0.4555760351089589 0.31673798467741937 0.4492103813559322 0.32217406693548384 0.41604043462469736 0.3183394225806452 0.40967220823244554 0.3093580540322581 0.406740406779661 0.29666352661290324 0.3883356924939467 0.2927824991935484 0.3934916150121065 0.2862574225806452 0.3915793462469734 0.28144866048387096 0.4059033547215496 0.28128079032258063 0.4265321900726392 0.27659351532258064 0.43175151210653756
0 0.35709676693548387 0.655831162227603 0.37178813548387096 0.6734725133171913 0.3895167330645161 0.6848116077481841 0.3960395879032258 0.6345786210653752 0.3941067943548387 0.5983500750605327 0.3897000451612903 0.5865697566585957 0.38947473548387096 0.579311368038741 0.39412445887096775 0.5728823147699758 0.3783087669354839 0.5710942723970944 0.3549386653225806 0.6123442276029055 0.36184809032258064 0.6136199297820824 0.36396641854838707 0.6037518789346247 0.3689916572580645 0.6094201404358354 0.37226302741935485 0.5976423946731235 0.3747193193548387 0.5986619273607748 0.3742157080645161 0.6605484346246974 0.3698376782258065 0.6627117288135593 0.36469978467741937 0.6534142723970945 0.35709676693548387 0.655831162227603
0 0.4416378032258064 0.5933997832929782 0.4344279661290323 0.5824462276029057 0.41902534193548385 0.5939652336561743 0.4202822064516129 0.6084186113801453 0.41486378870967744 0.6161207966101695 0.4098584379032258 0.6371300278450364 0.4134412758064516 0.6744415072639226 0.42471989838709684 0.6862877966101696 0.4340105120967742 0.6861635702179177 0.4450351072580645 0.6768078583535109 0.43545291290322574 0.6545203523002422 0.4419757677419355 0.6042873668280871 0.4416378032258064 0.5933997832929782
0 0.3990348193548387 0.5227761259079904 0.398838229032258 0.5294613498789347 0.4056725516129032 0.5283175895883777 0.3998410653225807 0.5227127276029055 0.4326431556451613 0.49891135230024214 0.43345823467741934 0.4861140726392251 0.4215235709677419 0.47917010895883777 0.4026993701612903 0.4976279334140436 0.38557159677419356 0.5056445435835352 0.3990348193548387 0.5227761259079904
0 0.4589201677419355 0.4731977094430993 0.4612549733870968 0.4833219297820823 0.46977689193548383 0.4844708329297821 0.5059541750000001 0.46525478813559323 0.5148692741935484 0.45303324576271187 0.5147190677419355 0.4481943196125908 0.5067405346774193 0.4385138958837772 0.47790340806451614 0.4468449297820823 0.4669163653225807 0.45741037288135594 0.4589201677419355 0.4731977094430993
0 0.47917355080645163 0.5528549358353512 0.4786014459677419 0.5474428450363196 0.4724982669354838 0.5461037421307505 0.4747204185483871 0.5525987675544793 0.47917355080645163 0.5528549358353512
0 0.4655225709677419 0.5296746949152542 0.4633666927419355 0.538333014527845 0.4668169887096774 0.5453378062953995 0.4745790443548387 0.5350259612590799 0.47097854193548383 0.5231822433414044 0.4745967080645161 0.5095581985472155 0.4691495709677419 0.5033167723970944 0.4530533548387097 0.5185283716707022 0.4544692580645161 0.5250867953995157 0.4655225709677419 0.5296746949152542
0 0.44262958467741936 0.5472397869249395 0.44106347500000004 0.5358424358353511 0.4334980088709677 0.5394690581113801 0.43460466854838714 0.5490835121065375 0.43790475887096775 0.5512493777239709 0.44262958467741936 0.5472397869249395
0 0.4121887967741935 0.5429637384987893 0.4031985951612903 0.5527658171912833 0.40588019596774194 0.5610437397094431 0.4310704370967742 0.5523931380145278 0.4319230669354839 0.540805588377724 0.4201010580645161 0.537490818401937 0.4121887967741935 0.5429637384987893
0 0.2304364120967742 0.33775998910411625 0.21196783951612905 0.34163763680387405 0.1953370693548387 0.3526468753026634 0.18089089758064517 0.3689414079903148 0.1787350185483871 0.3775997263922518 0.18179213548387096 0.39797496489104117 0.19403604274193548 0.4018628995157385 0.2256099870967742 0.3775517590799031 0.22772831532258064 0.36768370823244556 0.2239776064516129 0.3510010641646489 0.23023982258064518 0.3444452118644068 0.2304364120967742 0.33775998910411625
0 0.22032633387096776 0.46770588498789345 0.22577347096774195 0.473947313559322 0.23260779354838712 0.4728035532687651 0.24044495161290325 0.4649111707021792 0.24848753306451615 0.43759968401937044 0.24826222258064515 0.43034129418886197 0.2336459580645161 0.41511940677966097 0.2256585935483871 0.41817286440677964 0.21785015403225805 0.44000885956416463 0.22032633387096776 0.46770588498789345
0 0.16230967016129033 0.3691898607748184 0.15114370161290325 0.36097276634382564 0.14618473387096775 0.3704578474576271 0.15136017903225807 0.38096503510895885 0.15092944758064517 0.3931257506053269 0.1482014629032258 0.3963719769975787 0.1440575741935484 0.39305977845036316 0.13990485322580645 0.4024814612590799 0.14611185403225807 0.4201836392251816 0.15324658870967742 0.4287177312348668 0.15850596774193548 0.42891050121065377 0.1693803564516129 0.41471586440677966 0.17027937016129033 0.39160416585956415 0.16230967016129033 0.3691898607748184