0 0.70228663671875 0.556524921875 0.7100120234375 0.5586919895833333 0.725922203125 0.5763119479166666 0.73142185546875 0.5804860572916667 0.7386878359375 0.5693673020833333 0.7404541640625 0.5540744270833333 0.7371802421875 0.5478932708333334 0.741301671875 0.51220990625 0.7396647109375 0.5091193229166667 0.73076177734375 0.5171475052083333 0.703722921875 0.5095627708333333 0.69259425390625 0.519598 0.69082792578125 0.5348908697916667 0.70228663671875 0.556524921875
0 0.89829387109375 0.5167772968750001 0.8593368984375 0.4742726822916667 0.83229804296875 0.4666879479166666 0.772461953125 0.48411127083333333 0.77396954296875 0.505585296875 0.76716297265625 0.5299898854166667 0.771944484375 0.5576450729166667 0.803506109375 0.6296519010416667 0.91002455859375 0.6569002552083333 0.92874925 0.667415546875 0.9415148828125 0.6604708958333333 0.9691425078125 0.6629580104166667 0.976408484375 0.65183925 0.97876358984375 0.6314487552083333 0.9625233671875 0.582159515625 0.9185261484375 0.5487666197916666 0.91865551953125 0.5303831614583333 0.91374464453125 0.5211114270833334 0.89829387109375 0.5167772968750001
0 0.75392469140625 0.36839289583333334 0.7528765078125 0.36020469270833333 0.7412884296875 0.35695408854166666 0.73847391796875 0.3640587604166667 0.7411590625 0.375337546875 0.7548435078125 0.39496455208333336 0.76256889453125 0.3971316145833333 0.7637464453125 0.3869363645833333 0.75392469140625 0.36839289583333334
0 0.76861250390625 0.638283546875 0.75420991015625 0.6421376145833334 0.7524435859375 0.657430484375 0.7595801953125 0.6646951822916667 0.76894254296875 0.6699528229166667 0.78007121484375 0.6599175989583334 0.77574911328125 0.645548234375 0.76861250390625 0.638283546875
0 0.77418345703125 0.7108938385416667 0.7659986640625 0.6954409479166667 0.7544105859375 0.69219034375 0.7432819140625 0.7022255729166668 0.74269313671875 0.7073231979166666 0.74924097265625 0.7196855104166667 0.766328703125 0.7271102239583334 0.76973198828125 0.7149079270833334 0.77418345703125 0.7108938385416667
0 0.7609716640625 0.8598084687499999 0.75278687109375 0.8443555781250001 0.7411987890625 0.8411049739583333 0.7345215859375 0.8471261145833333 0.7327552578125 0.862418984375 0.7360291796875 0.8686001458333333 0.75311691015625 0.8760248541666668 0.75979411328125 0.87000371875 0.7609716640625 0.8598084687499999
0 0.87836005078125 0.9137885052083333 0.88163396875 0.9199696614583334 0.8970847421875 0.924303796875 0.8988510703125 0.9090109218750001 0.89394019140625 0.8997391874999999 0.880126375 0.8984956354166668 0.87836005078125 0.9137885052083333
0 0.993791421875 0.7430250156249999 0.98852727734375 0.7368118593749999 0.9779873828125 0.7417494583333334 0.97680983203125 0.751944703125 0.987220359375 0.7653905572916666 0.9910830546875 0.7664740885416667 0.993791421875 0.7430250156249999
0 0.98472427734375 0.8215284270833334 0.97910687109375 0.81837384375 0.9757035859375 0.8305761354166666 0.982251421875 0.8429384479166666 0.98472427734375 0.8215284270833334
0 0.886919703125 0.7188352343750001 0.8802425 0.7248563697916667 0.87847617578125 0.7401492395833333 0.88175009375 0.7463304010416666 0.88724974609375 0.7505045104166667 0.89392694921875 0.7444833750000001 0.8956932734375 0.7291905052083334 0.886919703125 0.7188352343750001
0 0.846914546875 0.6681424166666666 0.85018846875 0.6743235729166667 0.8556881171875 0.6784976927083334 0.8623653203125 0.6724765520833333 0.8619059140625 0.6591907291666667 0.8480921015625 0.657947171875 0.846914546875 0.6681424166666666
0 0.79807776171875 0.69391396875 0.79140055859375 0.6999350989583334 0.7924487421875 0.7081233072916667 0.79794839453125 0.7122974166666666 0.7995853515625 0.7153879947916666 0.80626255859375 0.7093668541666666 0.8058031484375 0.69608103125 0.79807776171875 0.69391396875
0 0.66608611328125 0.5937352708333333 0.65554621484375 0.5986728697916667 0.653779890625 0.61396575 0.6609165 0.6212304375000001 0.66641615625 0.6254045520833333 0.67309335546875 0.6193834114583333 0.67485968359375 0.6040905416666666 0.66608611328125 0.5937352708333333
0 0.7259089609375 0.42105614062499996 0.72931224609375 0.4088538489583333 0.71994990234375 0.4035961979166667 0.71327269921875 0.40961733854166665 0.71268392578125 0.41471495833333333 0.7259089609375 0.42105614062499996
0 0.75620848828125 0.27956621875 0.75129761328125 0.270294484375 0.7435722265625 0.2681274166666667 0.74029830859375 0.2619462552083333 0.72916963671875 0.27198148437499997 0.73185477734375 0.283260265625 0.74894251171875 0.29068497916666663 0.75561971484375 0.28466384375000003 0.75620848828125 0.27956621875
0 0.65342336328125 0.2717848489583333 0.65610850390625 0.2830636302083333 0.6676965859375 0.28631422916666666 0.66887413671875 0.276118984375 0.6639632578125 0.26684724479166666 0.6601005703125 0.26576370833333335 0.65342336328125 0.2717848489583333
0 0.48734080078125 0.38044871875 0.48406687890625 0.3742675625 0.47738967578125 0.38028869791666664 0.476212125 0.3904839479166667 0.4894371640625 0.39682512499999995 0.4961143671875 0.39080398958333334 0.49670314453125 0.38570636458333335 0.48734080078125 0.38044871875
0 0.7810348515625 0.44441381249999995 0.7881714609375 0.45167850000000004 0.79367111328125 0.455852609375 0.79812258203125 0.45183852604166663 0.81743605078125 0.45725619270833334 0.82411325 0.4512350520833333 0.82470202734375 0.4461374270833333 0.8197911484375 0.4368656979166667 0.8004776796875 0.43144802604166665 0.79602621484375 0.43546211458333334 0.788300828125 0.43329505208333335 0.781623625 0.4393161822916667 0.7810348515625 0.44441381249999995
0 0.851080796875 0.3903836041666667 0.85435471484375 0.396564765625 0.8598543671875 0.400738875 0.8665315703125 0.3947177395833333 0.8660721640625 0.38143191666666665 0.85225834765625 0.380188359375 0.851080796875 0.3903836041666667
0 0.90981064453125 0.45159171354166666 0.906407359375 0.46379400520833336 0.9196323984375 0.4701351875 0.92303568359375 0.4579328958333333 0.90981064453125 0.45159171354166666
0 0.454860359375 0.28187023958333335 0.4576748671875 0.2747655677083333 0.45276398828125 0.2654938385416667 0.44503860546875 0.263326765625 0.4416353203125 0.27552906250000003 0.454860359375 0.28187023958333335
0 0.39037212109375 0.253254921875 0.37105865625 0.24783726041666665 0.36438145703125 0.2538583958333333 0.36706659765625 0.26513717708333334 0.3880170234375 0.2736454166666667 0.39469422265625 0.2676242864583333 0.395283 0.2625266614583333 0.39037212109375 0.253254921875
0 0.364666671875 0.5276031145833333 0.359755796875 0.5183313802083334 0.34430502734375 0.5139972447916666 0.3376278203125 0.5200183802083334 0.3364502734375 0.5302136302083333 0.3397241875 0.5363947864583333 0.3529492265625 0.5427359635416666 0.3640778984375 0.532700734375 0.364666671875 0.5276031145833333
0 0.48992305859375 0.720622578125 0.481738265625 0.7051696822916668 0.4778755703125 0.7040861458333333 0.4711983671875 0.71010728125 0.47002081640625 0.7203025312500001 0.47329473828125 0.7264836875 0.48265708203125 0.7317413333333334 0.48933428515625 0.7257201979166666 0.48992305859375 0.720622578125
0 0.4523443125 0.7179754427083332 0.459021515625 0.7119543072916666 0.45856210546875 0.6986684791666667 0.448610984375 0.6985084583333333 0.44684465625 0.7138013281250001 0.4523443125 0.7179754427083332
0 0.39434584765625 0.7885420677083333 0.39761976953125 0.7947232291666667 0.40311941796875 0.7988973385416666 0.40979662109375 0.7928762031250001 0.4099259921875 0.7744927552083333 0.3961121796875 0.7732491979166666 0.39434584765625 0.7885420677083333
0 0.1045460703125 0.32832926041666666 0.0874583359375 0.320904546875 0.07632966796875 0.33093977604166663 0.07901480859375 0.34221855729166667 0.08837715234375 0.347476203125 0.09669131640625 0.34454564583333336 0.10336851953125 0.3385245052083334 0.1045460703125 0.32832926041666666
0 0.05636936328125 0.41743935937500004 0.05028093359375 0.41836287499999997 0.04524069140625 0.42747458854166664 0.048514609375 0.4336557447916667 0.0540142578125 0.437829859375 0.0606914609375 0.4318087239583333 0.06128023828125 0.42671109895833337 0.05636936328125 0.41743935937500004
0 0.1700111796875 0.29669659895833334 0.167196671875 0.303801265625 0.176559015625 0.3090589166666667 0.1793735234375 0.30195424479166666 0.1700111796875 0.29669659895833334
0 0.2236294765625 0.29858023958333335 0.2187186015625 0.28930850520833334 0.21099321484375 0.2871414375 0.20431601171875 0.29316257291666664 0.2053641953125 0.30135077604166666 0.21086384765625 0.305524890625 0.2163635 0.309699 0.223040703125 0.30367786979166667 0.2236294765625 0.29858023958333335
0 0.47467805078125 0.05849829166666667 0.469767171875 0.04922655729166667 0.46590448046875 0.048143020833333335 0.45922727734375 0.05416416145833333 0.4580497265625 0.06435940625 0.46518633984375 0.07162409895833334 0.466823296875 0.07471467708333333 0.47350049609375 0.06869354166666666 0.47467805078125 0.05849829166666667