0 0.5007115424528302 0.19648501534296028 0.5189239393530998 0.19587509837545125 0.5274032594339623 0.19292030324909748 0.5178572122641509 0.18918366877256318 0.5037463173854447 0.1901570108303249 0.5007115424528302 0.19648501534296028
0 0.5091062863881402 0.1616500180505415 0.5043544070080863 0.16775175090252709 0.5049408712938006 0.17314054241877255 0.5353938584905661 0.1854748501805054 0.5396823908355796 0.18444651805054152 0.543954007412399 0.1770421462093863 0.5349521367924528 0.16275420126353793 0.5372218746630728 0.1556171832129964 0.5414211199460917 0.15687874007220215 0.5427472493261456 0.1535124846570397 0.5268854191374663 0.1415074738267148 0.5090639979784366 0.1457099178700361 0.5091062863881402 0.1616500180505415
0 0.5600197830188679 0.194031440433213 0.5553064447439353 0.17871516425992778 0.5501720464959569 0.18441238989169675 0.556211513477089 0.19636241155234657 0.5600197830188679 0.194031440433213
0 0.5634709070080862 0.20086002346570397 0.5584981664420485 0.1956014323104693 0.5498233591644205 0.19675996389891698 0.548594974393531 0.20102435198555957 0.5517697816711591 0.21153457942238266 0.5632453362533693 0.22366978971119134 0.5651494703504043 0.22250430415162456 0.5634709070080862 0.20086002346570397
0 0.5668703221024258 0.2600886868231047 0.5681879925876011 0.2535344097472924 0.5717453180592992 0.2644491453068592 0.576594941374663 0.2592455442238267 0.5718007735849057 0.24940717689530684 0.5673252115902965 0.2518272644404332 0.5562406340970351 0.24328458122743685 0.5508130040431267 0.2462874115523466 0.5523515357142856 0.25109346028880863 0.5597002156334231 0.25330118501805055 0.5609624299191375 0.2617888781588448 0.5668703221024258 0.2600886868231047
0 0.5620122412398921 0.26210426714801444 0.5661644885444743 0.2815958131768953 0.5728035869272238 0.26795255415162456 0.5678139312668463 0.2563179232851986 0.5632406260107817 0.25783987906137185 0.5620122412398921 0.26210426714801444
0 0.5577359144204852 0.30367872833935017 0.5599887371967655 0.2901656696750902 0.5476926900269542 0.29226341516245485 0.5531626078167117 0.30520068501805053 0.5577359144204852 0.30367872833935017
0 0.5494483349056604 0.27107167689530687 0.554234045148248 0.2777220252707581 0.5587096071428571 0.27530193682310466 0.5561936354447439 0.2615145703971119 0.5528571711590297 0.2619601588447653 0.5494483349056604 0.27107167689530687
0 0.5354426785714286 0.3476593709386282 0.5326588477088949 0.34074166967509023 0.5278623605121294 0.33714614440433216 0.525042308625337 0.34540361101083034 0.5338486913746631 0.3578952915162455 0.5359821448787062 0.37127815072202164 0.5378862789757413 0.37011266606498194 0.5354426785714286 0.3476593709386282
0 0.48368331603773584 0.3199468429602888 0.48739384097035043 0.3167177409747292 0.4823233571428572 0.31056101805054154 0.47451133018867925 0.31342669494584835 0.4731043733153639 0.32227086010830325 0.481260378032345 0.3412276985559567 0.48383180592991915 0.33997309657039715 0.48368331603773584 0.3199468429602888
0 0.47772467789757417 0.3025189133574007 0.4736147190026954 0.2989674684115523 0.4717190411051213 0.30332097472924185 0.4746006165768194 0.31113680685920575 0.47772467789757417 0.3025189133574007
0 0.4826382149595687 0.28546136462093863 0.4821072061994609 0.26503060469314077 0.4771682971698113 0.2725240938628159 0.4800667870619946 0.2867159666064982 0.4826382149595687 0.28546136462093863
0 0.4618929312668464 0.26590787454873643 0.46086003504043127 0.2719685252707581 0.46440890296495957 0.27969524097472925 0.47100100269541784 0.28428197111913356 0.4723186738544475 0.27772769494584837 0.4696156718328841 0.2653320857400722 0.4618929312668464 0.26590787454873643