0 0.6451318206751055 0 0.6569635886075949 0.03139136090225564 0.66184588185654 0.12623693984962406 0.6736812067510548 0.14813644736842105 0.6631614261603376 0.22655003759398495 0.6678632552742616 0.2593845939849624 0.6806983206751055 0.2730779172932331 0.6728808966244725 0.40073843233082707 0.6821943270042194 0.4354020338345865 0.7011631518987342 0.4463665 0.7330703502109704 0.4185887857142857 0.7502914367088608 0.3565973796992481 0.8207750928270042 0.21852036842105263 0.8363837848101267 0.13008135338345866 0.814577253164557 0.023361691729323307 0.8199048185654009 0.00740903007518797 0.8363066308016878 0.015634830827067667 0.8631251624472575 0 0.7809157194092826 0 0.7899970928270043 0.018774372180451127 0.7963113164556962 0.07805653383458647 0.7847917974683544 0.16467630827067667 0.7591085949367089 0.22073067293233084 0.7399011139240506 0.21569344360902257 0.7058721751054853 0.12993425563909775 0.6935595379746836 0.11988921428571428 0.6891545527426161 0.013189169172932332 0.6845708270042195 0 0.6451318206751055 0
0 0.5558540548523208 0 0.5707489662447257 0.1279581127819549 0.580449476793249 0.11976172932330827 0.5829262573839663 0.09149488721804512 0.5766622320675105 0 0.5558540548523208 0
0 0.5259746666666667 0.043098736842105266 0.5368102616033755 0.07320443233082707 0.5462721139240506 0.07093528571428571 0.5505548291139241 0.04768605639097744 0.5379584198312236 0.0280655 0.5259746666666667 0.043098736842105266
0 0.4613228691983122 0 0.45884525738396625 0.014753436090225565 0.4681135738396624 0.033914285714285716 0.4965190886075949 0 0.4613228691983122 0
0 0.2622360126582278 0.07699862406015037 0.2681311181434599 0.0801969962406015 0.27245894936708864 0.07245052255639098 0.2622360126582278 0.07699862406015037
0 0.22161496413502108 0.18820753759398498 0.2420608375527426 0.17911134586466165 0.2468659746835443 0.1595103984962406 0.21706155907172997 0.11844023684210525 0.21493789873417724 0.09804114661654136 0.0025149704641350213 0.19254629699248121 0.0027762763713080167 0.2125519060150376 0.07317938185654009 0.18439254135338348 0.11311650421940929 0.1899090977443609 0.14069587130801686 0.16987786090225565 0.14217291772151897 0.1498171992481203 0.17388657383966244 0.14346947744360902 0.18443839662447256 0.16399965789473683 0.1540082447257384 0.1717167105263158 0.1589487299578059 0.19862403007518797 0.20202040506329114 0.22603028947368423 0.22161496413502108 0.18820753759398498
0 0.13878663080168777 0.21729574436090227 0.1379804324894515 0.20407194360902256 0.1259515675105485 0.2036024210526316 0.12932477426160338 0.21956488721804512 0.13878663080168777 0.21729574436090227
0 0.08320877637130801 0.20127443984962406 0.07522397046413502 0.18348292481203007 0.06732939240506329 0.1966969210526316 0.0760752805907173 0.2122094812030075 0.08320877637130801 0.20127443984962406
0 0.007559056962025317 0.23493035338345863 0.019871694092827005 0.2449753947368421 0.032900297468354434 0.23723872556390976 0.03513842405063291 0.21489911654135338 0.009274755274261602 0.20894245864661654 0.007559056962025317 0.23493035338345863
0 0.0037784704641350207 0.2892799548872181 0.02923024050632911 0.29514174812030075 0.0424975 0.2814778458646617 0.033467839662447256 0.2563897631578947 0.003467097046413502 0.26544107142857143 0.0037784704641350207 0.2892799548872181
0 0.4580710991561181 0.1004733984962406 0.4469968523206751 0.07629493609022557 0.43810253797468357 0.09771512030075188 0.4448038417721519 0.1141373045112782 0.4580710991561181 0.1004733984962406
0 0.328888111814346 0.11719839097744361 0.3112930253164557 0.13860876691729324 0.31547243248945145 0.16779503759398495 0.32574048101265823 0.17874969924812031 0.34081367088607595 0.17010340977443608 0.343574223628692 0.1514120827067669 0.328888111814346 0.11719839097744361
0 0.24856859915611815 0.21696351503759398 0.2364946160337553 0.20099124060150375 0.2270778776371308 0.21876314285714285 0.2378683523206751 0.2333660864661654 0.24856859915611815 0.21696351503759398
0 0.12380367088607595 0.25694754135338344 0.10459619198312237 0.2519103120300752 0.10388022784810126 0.2696920187969925 0.11619286286919832 0.27973706015037597 0.12380367088607595 0.25694754135338344
0 0.15451759493670886 0.258806007518797 0.16098024261603378 0.2811554210526316 0.13587765611814345 0.27291981578947366 0.11937253375527426 0.317129515037594 0.1297308164556962 0.3590896842105263 0.13943132700421942 0.3508933045112782 0.14519108438818565 0.3075834172932331 0.16724934810126582 0.32493483082706764 0.18565063291139242 0.31674825563909775 0.19354520886075952 0.3035342593984962 0.1914103924050633 0.2734383684210526 0.17091940506329115 0.2670318045112782 0.16445675738396623 0.2446823909774436 0.15451759493670886 0.258806007518797
0 0.05085631012658228 0.3398503872180451 0.04696067510548523 0.3202396353383459 0.03649908438818565 0.3307149661654135 0.04115579957805907 0.3480467669172932 0.05085631012658228 0.3398503872180451
0 0.03017178481012658 0.3548738157894737 0.030365322784810127 0.33344382330827066 0.01833645569620253 0.3329743082706767 0.01866534388185654 0.3580525827067669 0.03017178481012658 0.3548738157894737
0 0.07043779113924051 0.38546864661654134 0.06449756962025316 0.36676751503759397 0.05403597890295359 0.37724284586466167 0.06278186919831223 0.39275540977443607 0.07043779113924051 0.38546864661654134
0 0.523110805907173 0.11422556015037594 0.5166481603375528 0.09187614661654135 0.5046644092827004 0.10690937969924813 0.5118881350210971 0.12697984962406014 0.523110805907173 0.11422556015037594
0 0.5376936097046413 0.20087475939849622 0.5505286729957806 0.21456808270676692 0.5952258185654009 0.18498093609022556 0.5989861075949368 0.15808342481203005 0.5404541624472574 0.18218343233082707 0.5376936097046413 0.20087475939849622
0 0.5431114071729958 0.2159276052631579 0.5308889978902954 0.2368880789473684 0.5119652911392405 0.24142636466165415 0.5015939303797469 0.2829072105263158 0.5062957637130802 0.3157417669172932 0.5283540253164557 0.3330931804511278 0.5477099282700422 0.3011976654135338 0.5431114071729958 0.2159276052631579
0 0.5588292911392405 0.34087888345864664 0.5605449936708861 0.31489098872180454 0.5454718037974683 0.3235372744360902 0.5493674388185654 0.34314802255639093 0.5588292911392405 0.34087888345864664
0 0.522787805907173 0.35497307518796994 0.49231253797468355 0.34718737593984966 0.4748207594936709 0.3161622556390977 0.45313649789029536 0.3393918684210526 0.459121835443038 0.37359575563909775 0.5116102510548524 0.38323011654135336 0.5205496793248945 0.3773126879699248 0.522787805907173 0.35497307518796994
0 0.4495697489451477 0.3448593909774436 0.43906304430379745 0.339831969924812 0.4258860168776371 0.3845013834586466 0.4023958227848102 0.4027133834586466 0.39706825949367086 0.41866604511278194 0.40324713502109705 0.43143994360902255 0.4356767594936709 0.40731051127819545 0.4495697489451477 0.3448593909774436
0 0.4270341772151899 0.339362447368421 0.4344514451476793 0.3380029248120301 0.4351674092827004 0.3202212180451128 0.40255732278481016 0.2823396240601504 0.3667093776371308 0.27500383458646616 0.3158915485232068 0.22387882706766918 0.2844616603375527 0.23980206766917295 0.33186116666666665 0.25946184962406016 0.3960364831223629 0.32792846616541355 0.4270341772151899 0.339362447368421
0 0.2983605400843882 0.4431767330827068 0.2854221666666667 0.4819189097744361 0.2695878966244726 0.4928441503759398 0.2490838312236287 0.5698786015037594 0.303558641350211 0.6465415977443609 0.32067641983122364 0.6369856917293234 0.33200239662447256 0.5717959060150376 0.3206443797468354 0.5380419210526315 0.33575679957805904 0.2790726015037594 0.32007095358649784 0.2530650939849624 0.3072810063291139 0.25487452631578944 0.2907307700421941 0.2835814736842105 0.297999611814346 0.3191546917293233 0.2983605400843882 0.4431767330827068
0 0.2521994261603376 0.40938352631578945 0.23137955274261604 0.3778986879699248 0.23118601265822786 0.39932868045112785 0.24611078059071728 0.42761513909774435 0.2521994261603376 0.40938352631578945
0 0.15738733755274262 0.45350496992481204 0.18886234177215191 0.45308448120300754 0.19651826371308018 0.44579772180451127 0.17983268143459916 0.4279963984962406 0.15092468987341773 0.43115555263157895 0.15738733755274262 0.45350496992481204
0 0.1846829345991561 0.4238982067669173 0.19904016033755273 0.43303362781954885 0.21206876371308017 0.42529695864661654 0.21582905063291138 0.3983994473684211 0.18892053375527426 0.3851462255639098 0.1846829345991561 0.4238982067669173
0 0.05279758860759494 0.39137627067669173 0.06815454852320675 0.3923055 0.06834809071729957 0.37087551127819546 0.03430607383966244 0.36855733082706765 0.02845608227848101 0.3808617105263158 0.03335145358649789 0.3922662744360902 0.02236743670886076 0.3990933233082707 0.03572492827004219 0.41643493233082707 0.05279758860759494 0.39137627067669173
0 0.039219949367088607 0.4742548383458647 0.046695867088607595 0.4930488947368421 0.07760332700421942 0.47347736842105265 0.07570716455696203 0.4374542443609023 0.04223268987341772 0.4542871015037594 0.039219949367088607 0.4742548383458647
0 0.007005660337552742 0.5363536203007518 0.0181618776371308 0.5367890751879699 0.031712907172995776 0.5327006917293233 0.036518046413502106 0.5130997481203008 0.0063601160337552745 0.4869308383458647 0.007005660337552742 0.5363536203007518
0 0.10164798523206751 0.5578574210526316 0.11234822995780591 0.5414548496240602 0.0972750400843882 0.5501011390977443 0.10164798523206751 0.5578574210526316
0 0.08933534599156119 0.5478123796992481 0.050159305907173 0.5400168721804511 0.053577630801687766 0.5714820977443609 0.06741243248945147 0.5769692330827068 0.08933534599156119 0.5478123796992481
0 0.11225800000000001 0.5104493383458647 0.12628633755274263 0.494506484962406 0.12700230379746835 0.4767247781954887 0.08782626371308017 0.4689292744360902 0.07645516666666667 0.5186163007518797 0.10769151687763713 0.5241230488721804 0.12124254219409282 0.5200346654135338 0.11225800000000001 0.5104493383458647
0 0.14158510548523207 0.5633739736842105 0.150808305907173 0.5670320639097745 0.16027016033755276 0.564762917293233 0.16455287552742617 0.5415136879699248 0.14230106962025316 0.5455922669172932 0.14158510548523207 0.5633739736842105
0 0.142926805907173 0.496805052631579 0.14949275949367088 0.46671896616541353 0.14407496624472574 0.45166611654135336 0.136180388185654 0.46488011278195485 0.13731546835443037 0.5031821917293233 0.14710621097046414 0.5259913195488721 0.15323997257383964 0.523262462406015 0.142926805907173 0.496805052631579
0 0.13954051898734177 0.5642835939849624 0.12442221308016878 0.557427127819549 0.12422867510548523 0.5788571165413533 0.13088486075949365 0.579776545112782 0.13954051898734177 0.5642835939849624
0 0.19784688607594939 0.4626698045112782 0.19356417088607594 0.485919037593985 0.21148814556962023 0.489586932330827 0.21190726371308016 0.5456707180451128 0.19759515400843883 0.5520380526315789 0.18523740084388185 0.5264902593984963 0.17068663502109707 0.5387848308270676 0.1790003312236287 0.5816546203007519 0.19335755485232067 0.5907900413533834 0.22398124683544304 0.5616429962406015 0.22693533755274262 0.5215216766917293 0.21995026582278482 0.49552397744360904 0.2369196181434599 0.5229008157894738 0.24509796624472574 0.5192623383458647 0.2574687953586498 0.4613691203007519 0.22399432278481013 0.47820198120300755 0.2101144071729958 0.4572120902255639 0.19784688607594939 0.4626698045112782
0 0.13985632911392404 0.6728028796992481 0.17057024894514766 0.6746613458646616 0.18079318565400845 0.6701132443609022 0.17970321729957808 0.6473139248120301 0.1671068101265823 0.6276933646616542 0.13985632911392404 0.6728028796992481
0 0.0871292594936709 0.6690957556390977 0.10096405907172995 0.6745828909774436 0.120842388185654 0.6463356578947369 0.10667870253164558 0.6157702481203007 0.08090526793248945 0.640819105263158 0.0871292594936709 0.6690957556390977
0 0.058221270042194094 0.6722549060150376 0.04932695569620253 0.693675090225564 0.05041692194092827 0.7164744135338346 0.065819 0.7329064022556391 0.09083135443037975 0.7101365000000001 0.08023441561181434 0.674103567669173 0.058221270042194094 0.6722549060150376
0 0.12414432700421942 0.8136773947368421 0.1717373713080169 0.8119071879699248 0.1993167405063291 0.791875947368421 0.22685099156118144 0.756341954887218 0.22852157805907172 0.7148513082706768 0.21749244514767932 0.706175597744361 0.1689447805907173 0.7316547481203007 0.1690932046413502 0.6947220000000001 0.1539748987341772 0.6878655338345865 0.14897622151898735 0.728896469924812 0.12900766033755273 0.7261381917293234 0.11421823839662448 0.74436 0.10513038607594936 0.7872101766917293 0.09348859915611814 0.7438806766917294 0.07993756962025317 0.7479690563909774 0.0546283670886076 0.844604454887218 0.044031430379746835 0.8085715187969925 0.037026957805907174 0.8052199022556391 0.04913949578059072 0.8898060451127819 0.07420984810126582 0.8902227105263157 0.08998592827004219 0.9472357293233084 0.11356635232067509 0.9600292406015037 0.11580447890295359 0.9376896315789474 0.1712469852320675 0.9072026691729324 0.1568897594936709 0.8980672518796993 0.15247169831223628 0.8748082180451128 0.14690547890295358 0.8966881127819548 0.1358763481012658 0.8880124060150376 0.13321910548523208 0.8542682293233084 0.1168172911392405 0.8460424285714286 0.12414432700421942 0.8136773947368421
0 0.09179186075949367 0.9522533421052631 0.06473491772151899 0.9759328684210526 0.06222777848101266 0.9812061729323307 0.0646890611814346 0.9983941729323309 0.077866611814346 0.9979842969924811 0.09035993037974684 0.9878167593984962 0.0987318164556962 0.9627482894736843 0.09179186075949367 0.9522533421052631
0 0.21067475738396627 0.825629932330827 0.1856624029535865 0.8483998345864662 0.17576835232067511 0.8780262067669172 0.18355962236286918 0.9172477067669172 0.23794420042194092 0.9629051917293234 0.2581063016877637 0.9442334812030075 0.2616279324894515 0.9232632067669172 0.29381890084388185 0.9050610112781955 0.310846447257384 0.8644995939849625 0.3035776033755274 0.8289263759398496 0.2751018080168776 0.8047282969924812 0.23934409282700422 0.8283980150375939 0.23325544725738395 0.8466296278195489 0.21067475738396627 0.825629932330827
0 0.3392189345991561 0.9411331691729323 0.3287122278481013 0.9361057481203008 0.3244295147679325 0.959354977443609 0.3346975654008439 0.9703096353383459 0.3392189345991561 0.9411331691729323
0 0.3266807194092827 0.8535743571428571 0.31884433333333334 0.7988500977443609 0.29750203375527423 0.763716977443609 0.3210693818565401 0.8599514962406015 0.3266807194092827 0.8535743571428571
0 0.3021718270042194 0.6976077669172933 0.2977988818565401 0.6898514812030075 0.28072622151898735 0.7149101466165414 0.27581777215189873 0.786946590225564 0.2926066624472574 0.7523124097744361 0.2894269936708861 0.7149199511278196 0.3021718270042194 0.6976077669172933
0 0.24890925527426158 0.7736933684210526 0.23131416877637132 0.7951037443609023 0.2642662151898734 0.7746226015037594 0.2669816518987342 0.7404285187969925 0.24834171308016878 0.7545423308270677 0.24890925527426158 0.7736933684210526
0 0.28781460337552744 0.6884723458646617 0.29494809915611814 0.6775373007518797 0.2813519556962025 0.6661229285714286 0.28781460337552744 0.6884723458646617
0 0.367707805907173 0.8818902330827068 0.37949801898734176 0.8882869887218044 0.4047941434599156 0.8750926052631579 0.41468819409282703 0.8454662330827067 0.4072840021097046 0.7633847481203007 0.422028305907173 0.7296601842105263 0.4089094725738397 0.7063913458646617 0.39359762658227854 0.7209648646616542 0.3700041265822785 0.7916123684210526 0.3620062383966245 0.8572618646616541 0.367707805907173 0.8818902330827068
0 0.3789245928270042 0.6033101616541353 0.3661346434599156 0.6051195902255639 0.35519574261603376 0.6274493984962406 0.36859834810126585 0.6602937593984962 0.3821493776371308 0.6562053759398496 0.3910436919831224 0.6347851917293232 0.3789245928270042 0.6033101616541353
0 0.4216353417721519 0.5066943759398496 0.42439589451476795 0.4880030526315789 0.4118446033755274 0.4838852481203008 0.41217348734177217 0.508963522556391 0.4216353417721519 0.5066943759398496
0 0.4396815864978903 0.6403115526315789 0.4372629978902954 0.6006401428571428 0.43036815611814344 0.6056479511278196 0.43150323628691983 0.6439500300751879 0.4396815864978903 0.6403115526315789
0 0.4705118924050633 0.5062935037593985 0.446170388185654 0.495778947368421 0.4449319978902953 0.5099123721804512 0.4613338080168776 0.5181381691729323 0.4705118924050633 0.5062935037593985
0 0.4894356012658228 0.5017552180451128 0.4960466729957806 0.4871718834586466 0.4865848185654008 0.48944103007518797 0.4894356012658228 0.5017552180451128
0 0.5073916139240506 0.6043668796992482 0.4951240928270042 0.6098245939849625 0.48775193881856543 0.6266868759398496 0.49445324261603374 0.6431090563909775 0.5161826202531645 0.6353821954887218 0.5194655970464135 0.6203391541353384 0.5073916139240506 0.6043668796992482
0 0.4856942742616034 0.7110375037593984 0.48993187341772154 0.672285522556391 0.47690327215189876 0.6800221879699248 0.467054335443038 0.7251513157894737 0.4856942742616034 0.7110375037593984
0 0.4785025864978903 0.7899108082706767 0.4841139219409283 0.7835336654135338 0.4766515400843882 0.7693904360902256 0.4785025864978903 0.7899108082706767
0 0.45110368143459917 0.8719530676691729 0.44568588396624476 0.8569002180451128 0.43879104430379745 0.8619080263157896 0.44344775949367093 0.8792398270676691 0.45110368143459917 0.8719530676691729
0 0.39608029324894517 0.9585238120300752 0.4170034746835443 0.9375731466165413 0.3957514050632911 0.933445537593985 0.39608029324894517 0.9585238120300752
0 0.38857279324894517 0.9288778270676692 0.3898111835443038 0.9147444022556391 0.38187149156118144 0.9124556428571429 0.37706635232067515 0.9320565864661654 0.38857279324894517 0.9288778270676692
0 0.4887444852320675 0.9677474887218046 0.48879528270042194 0.9852027142857143 0.5002393122362869 0.9848467593984963 0.49844499367088607 0.9595511090225565 0.47253621097046417 0.9380916954887217 0.4800437088607595 0.9677376804511278 0.4887444852320675 0.9677474887218046
0 1 0.33103426691729326 0.9885059219409282 0.2507670451127819 0.9891210443037974 0.2930318947368421 0.9800913818565401 0.2679438157894737 0.9454367109704641 0.23097184586466166 0.9283189324894514 0.24052775187969924 0.9653470780590717 0.30166837593984963 0.9843159029535865 0.31263284210526315 0.9806327700421941 0.4539768759398496 0.9737830443037975 0.47448744360902256 0.9400248016877637 0.48174478571428575 0.9342199240506329 0.509551917293233 0.9405341476793249 0.5688340789473685 0.8904963628691983 0.6978148984962406 0.8527391751054852 0.7378969887218045 0.803011312236287 0.7095713045112783 0.7642092742616033 0.7423568233082707 0.7475688080168776 0.7400582593984963 0.7377780654008438 0.7172491315789474 0.7405386181434599 0.6985578045112781 0.7738195527426159 0.703154932330827 0.7709236540084389 0.6753379962406015 0.791085753164557 0.6566662819548872 0.7942785 0.6106177330827067 0.7448474852320675 0.508426552631579 0.7235503016877638 0.48879618796992486 0.707193605485232 0.4960731428571428 0.6901660611814346 0.5366345601503759 0.689063016877637 0.5972762481203008 0.6581555548523207 0.6168477744360903 0.6660370548523207 0.6870747857142857 0.7018850042194092 0.6944105827067669 0.7034973966244725 0.7208581879699248 0.6936033459915611 0.750484560150376 0.649667282700422 0.7777927556390978 0.6186565147679325 0.8497997819548871 0.5648845928270042 0.838796090225564 0.5307988670886076 0.9838962293233081 0.5450309135021096 0.9834535526315789 0.7106555084388185 0.9097685864661654 0.7096050042194093 0.8850113533834586 0.7251103860759494 0.8490078383458647 0.7356170928270043 0.8540352593984963 0.7339013924050632 0.8800231578947368 0.744646753164557 0.8791233421052632 0.7502129725738397 0.8572434473684211 0.7773601455696202 0.8645694323308271 0.784902082278481 0.8767369172932331 0.863277917721519 0.8418681766917293 0.8739781666666666 0.8254656090225564 0.8927199725738397 0.8287696578947369 0.9109849514767933 0.8206437255639099 0.9181979978902953 0.807732932330827 0.9084523734177216 0.8004265601503759 0.9127802046413502 0.7926800864661654 0.9521948987341772 0.7945483571428571 0.9256734599156119 0.7384351541353383 0.9294337468354431 0.7115376390977444 0.9455066729957806 0.6946851654135339 0.9487445358649789 0.6641393684210526 1 0.6925826879699247 1 0.33103426691729326
0 0.6345751286919832 0.6040542631578948 0.655498312236287 0.5831035977443609 0.6408121983122362 0.5488899022556392 0.6689591075949367 0.5480097067669173 0.6783307320675106 0.5147350526315789 0.6575559746835443 0.4987529661654135 0.6442887151898734 0.5124168721804511 0.6022167763713081 0.47680442481203006 0.5989789156118143 0.5073502218045113 0.6345751286919832 0.6040542631578948
0 0.5729217088607594 0.5228235601503759 0.5618474620253164 0.49864509774436094 0.5524758396624473 0.5319197518796993 0.5606993016877637 0.543784030075188 0.5729217088607594 0.5228235601503759
0 0.5757594156118143 0.6185787556390977 0.5672521793248946 0.5971389586466166 0.5588351772151899 0.6067046691729323 0.5660589050632912 0.6267751353383458 0.5757594156118143 0.6185787556390977
0 0.5181690147679324 0.7024108308270677 0.5284370654008439 0.7133654887218045 0.5516886033755275 0.7010807255639098 0.5548813502109704 0.6550321729323308 0.5198395991561181 0.6609201842105263 0.5181690147679324 0.7024108308270677
0 0.513441029535865 0.8364582969924812 0.5174850864978903 0.8191363082706766 0.5075008059071731 0.8177571654135338 0.513441029535865 0.8364582969924812
0 0.29401244092827006 0.8836310187969925 0.3103240210970464 0.8608513082706767 0.3023843270042194 0.8585625526315789 0.29401244092827006 0.8836310187969925
0 0.30998205907173 0.9192140451127819 0.3009523987341772 0.894125962406015 0.2945799810126582 0.902782060150376 0.3013263987341772 0.9347069962406015 0.30998205907173 0.9192140451127819
0 0.3304279282700422 0.9101178533834586 0.33860627848101266 0.9064793759398496 0.33523306751054854 0.8905169097744361 0.3304279282700422 0.9101178533834586
0 0.3252487869198312 0.8891377669172933 0.3379936202531646 0.8718255827067669 0.32596475105485234 0.8713560639097744 0.3252487869198312 0.8891377669172933
0 0.3412896729957806 0.7733415300751879 0.35046775949367087 0.7614968609022557 0.3440502278481013 0.7546502030075188 0.3412896729957806 0.7733415300751879
0 0.32241108227848103 0.7933825714285714 0.3310667383966245 0.7778896240601504 0.32108245780590716 0.7765104887218045 0.32241108227848103 0.7933825714285714
0 0.3205469556962025 0.8563032142857143 0.31884433333333334 0.7988500977443609 0.29750203375527423 0.763716977443609 0.3205469556962025 0.8563032142857143
0 0.3649734071729958 0.733699537593985 0.34966156329113923 0.748273060150376 0.3596909578059072 0.7651549511278195 0.3480360928270042 0.805266462406015 0.37480926371308015 0.7720114248120301 0.3760025379746835 0.7423752443609022 0.3649734071729958 0.733699537593985
0 0.33497545147679325 0.7140593684210527 0.3300349662447258 0.6871520451127819 0.30478395358649785 0.7158491842105263 0.32323035443037973 0.7231653646616542 0.33497545147679325 0.7140593684210527
0 0.8025921962025316 0.6534875187969924 0.8169494198312236 0.6626229360902256 0.8366342109704641 0.6558056954887218 0.8373501751054852 0.6380239887218045 0.8038305843881857 0.6393540939849623 0.8025921962025316 0.6534875187969924
0 0.8144987932489451 0.5240077593984963 0.8090809957805907 0.5089549135338345 0.7899186308016878 0.519420439849624 0.8022763860759493 0.5449682330827067 0.8144987932489451 0.5240077593984963
0 0.9212364367088607 0.5327913383458647 0.921429976793249 0.5113613496240602 0.9094011097046414 0.5108918308270676 0.9097299957805908 0.5359701052631579 0.9212364367088607 0.5327913383458647
0 0.8866589198312236 0.6102658872180451 0.8859429556962025 0.6280475939849625 0.9015385717299578 0.6230495902255639 0.9139996308016877 0.5961618872180451 0.9034929261603376 0.5911344624060151 0.8866589198312236 0.6102658872180451
0 0.8667675147679325 0.7219541315789473 0.8800347721518987 0.7082902293233083 0.8740945485232067 0.689589097744361 0.8667675147679325 0.7219541315789473
0 0.02385747890295359 0.7132527443609022 0.0492818417721519 0.6781723345864662 0.019901006329113926 0.6856232857142858 0.02385747890295359 0.7132527443609022
0 0.0149109388185654 0.6507758834586466 0.02561118565400844 0.6343733120300752 0.022999054852320677 0.6161318947368422 0.009043696202531645 0.6098028496240602 0.0149109388185654 0.6507758834586466