0 0.187236316091954 0.176675776 0.1633224482758621 0.20352704 0.10254675574712643 0.166717016 0.2581328132183908 0.30332651600000005 0.2533686264367816 0.328628372 0.2687850747126437 0.34449226 0.3241721982758621 0.35562111199999996 0.33021709770114943 0.342823924 0.3045230143678161 0.3163841 0.30813136781609196 0.288774188 0.2920745632183908 0.26665796399999997 0.23014303735632183 0.22753988 0.23721889367816093 0.206854144 0.22912805459770116 0.190697732 0.187236316091954 0.176675776
0 0.8993479454022989 0.549241108 0.8086294626436782 0.50734884 0.7076493218390805 0.410149948 0.7003237126436781 0.410442472 0.7463073362068965 0.482371632 0.7186762126436782 0.481905512 0.6424840718390804 0.429231592 0.6642111465517241 0.40796081199999995 0.6991678764367816 0.408134412 0.7079150459770115 0.38581246399999997 0.8344034195402299 0.310135176 0.893008290229885 0.307794992 0.8973818764367816 0.296634016 0.8421196293103449 0.29570177599999997 0.7660204166666666 0.342685856 0.7102426896551725 0.345697884 0.7139759195402299 0.328284576 0.7692541408045978 0.284486124 0.7634749712643679 0.272945828 0.6686007068965517 0.352069144 0.6051067672413794 0.369514572 0.5364899885057471 0.33694134400000003 0.5282742701149425 0.31058832000000003 0.49178707758620693 0.277516844 0.4452720028735632 0.254262652 0.42457588218390807 0.26764488399999997 0.413251316091954 0.30968819999999997 0.4381482212643678 0.409140476 0.43402438793103454 0.44069466 0.3530361091954023 0.502783988 0.4004572672413793 0.507953032 0.42512039080459774 0.542281396 0.4490342586206897 0.515430132 0.45673449712643677 0.5457274240000001 0.4983764856321839 0.5393561680000001 0.525991632183908 0.584552988 0.5126211235632184 0.5976427 0.5184002959770114 0.609182996 0.5717095287356322 0.680819636 0.6594919597701149 0.667112756 0.6892939022988506 0.7067290839999999 0.715003959770115 0.688438208 0.7700004770114943 0.71370794 0.7895407614942528 0.698017648 0.8712782988505748 0.697107956 0.8986596666666666 0.677180864 0.9220740316091953 0.6095431720000001 0.8993479454022989 0.549241108
0 0.6156661034482759 0.31102231599999997 0.5999999022988506 0.27476521200000004 0.5947202327586206 0.30401134 0.6098709568965518 0.34421271999999997 0.6368617212643678 0.338426508 0.6415010344827586 0.302928048 0.6156661034482759 0.31102231599999997
0 0.5741969137931034 0.193398092 0.5699641810344828 0.17002497600000002 0.5497835459770115 0.179462932 0.5562030689655173 0.197255564 0.5741969137931034 0.193398092
0 0.34029290229885056 0.198814552 0.3090693994252874 0.181227644 0.30302450000000003 0.194024832 0.31561380172413794 0.20921688 0.34029290229885056 0.198814552
0 0.33538786494252876 0.258650492 0.31598843103448276 0.2398067 0.2765332385057471 0.240597464 0.2886070603448276 0.259733788 0.33538786494252876 0.258650492
0 0.07427527873563218 0.15999855999999998 0.08944197413793104 0.155469244 0.06669991666666666 0.139897872 0.07427527873563218 0.15999855999999998
0 0.29430635919540227 0.494927568 0.25561639655172413 0.512167276 0.3104880431034483 0.5272404 0.2990545747126437 0.514356408 0.3242491494252874 0.5000098080000001 0.29430635919540227 0.494927568
0 0.2966659511494253 0.36535159599999995 0.28727842816091953 0.381421212 0.4263401264367816 0.36566666800000003 0.3521939252873563 0.341946356 0.34293127586206895 0.368212576 0.2966659511494253 0.36535159599999995
0 0.4218576379310345 0.32190034 0.425590867816092 0.304487032 0.30633517816091954 0.2802138 0.32740592528735635 0.29742138 0.4218576379310345 0.32190034
0 0.8086004339080459 0.228768052 0.8406051408045978 0.21807320000000002 0.914783290229885 0.15233212399999999 0.8086004339080459 0.228768052
0 0.6179429022988505 0.773142008 0.7678136867816092 0.7192884279999999 0.6548366724137931 0.747341908 0.6179429022988505 0.773142008
0 1 0.13114006 0.992288091954023 0.128049316 0.9918974885057471 0.142190192 1 0.13642583200000002 1 0.13114006
0 0.5469084741379311 0.31298317600000003 0.5399734655172413 0.29913482399999997 0.5579673103448276 0.295277348 0.5588733936781609 0.2771922 0.5137639022988506 0.276639276 0.5133732988505747 0.29078015599999996 0.5343191724137931 0.297791132 0.5322572557471265 0.31356822799999995 0.5469084741379311 0.31298317600000003
0 0.2596473017241379 0.380955092 0.2718619770114942 0.36555732 0.24577729022988504 0.35325838 0.227392841954023 0.371256732 0.2596473017241379 0.380955092