0 0.8045460697674418 0.42544337499999996 0.7983475465116279 0.37078431250000005 0.7791391918604652 0.3915142463235294 0.7383043517441861 0.39263978308823533 0.6912709912790698 0.33910625 0.6557986337209303 0.33221365808823533 0.6634027005813954 0.31285294852941176 0.6522380726744186 0.3215556911764706 0.6350731104651163 0.30327120588235296 0.6429402877906977 0.2395670955882353 0.6172703023255813 0.24998137132352943 0.6633559941860465 0.11714554779411765 0.6273790581395349 0.17493468014705882 0.6128304156976744 0.22465637132352942 0.576193988372093 0.2714452279411765 0.5264361046511628 0.2699309227941176 0.5157111395348837 0.28596718014705885 0.48516160755813953 0.2637229411764706 0.46415133139534887 0.3031289705882353 0.42687705523255814 0.31491247426470587 0.4000646366279069 0.3550031176470588 0.3855592732558139 0.3567146507352941 0.38329605232558134 0.3920623088235294 0.3585270261627907 0.39313854044117647 0.358505386627907 0.4171436176470588 0.33907720058139534 0.43420679779411764 0.3162650058139535 0.49228892647058825 0.27428773546511626 0.523090830882353 0.28967241569767443 0.5360463308823529 0.2704640610465116 0.5567762610294117 0.26417897674418606 0.5981375220588235 0.2695198197674418 0.6141244705882353 0.28960749418604653 0.6080615661764706 0.3283989418604651 0.6459504522058823 0.33081706976744185 0.6862847904411765 0.29864216860465115 0.7343935661764707 0.311104136627907 0.7716964485294118 0.34374034302325585 0.7069161102941176 0.36204773255813955 0.695524224264706 0.3754106627906977 0.7234890625 0.39974002906976747 0.7150793198529412 0.3992354476744186 0.7797610404411764 0.41734465116279074 0.7406973198529412 0.4376521569767442 0.738301169117647 0.4467517529069767 0.7926179301470588 0.4548171191860465 0.7565856544117647 0.4675421976744186 0.7495451397058824 0.4715424186046511 0.7675366213235294 0.4824872151162791 0.7551671213235295 0.49809172965116283 0.771789375 0.5239815465116279 0.7650418602941177 0.5237400755813953 0.7853801801470589 0.5375643052325582 0.7966734558823529 0.5735195988372093 0.7628894044117648 0.6056295813953488 0.7867958713235295 0.6241568052325581 0.7790707426470588 0.6246181075581395 0.7623991764705883 0.587826773255814 0.7335060367647059 0.5726835610465116 0.7002122169117646 0.5907494825581395 0.7091586470588236 0.6175619040697674 0.6690680036764707 0.666660296511628 0.659582036764706 0.7046373459302326 0.6107886470588235 0.8311853662790698 0.5773933676470588 0.8470097063953488 0.5976823823529411 0.8566138837209303 0.5873174154411764 0.8506351889534884 0.5363251102941176 0.807865159883721 0.4564396654411765 0.831073738372093 0.4537012132352941 0.8308971860465117 0.40202429044117644 0.8045460697674418 0.42544337499999996
0 0.909074648255814 0.5608175772058823 0.933382375 0.5764129117647059 0.9575351947674419 0.5163262536764706 0.9446119244186046 0.49569493014705884 0.9522159912790698 0.47633422058823527 0.9354906918604652 0.46538325735294117 0.9136010930232558 0.4901222573529412 0.9013373139534885 0.480491205882353 0.8727446133720931 0.5152528713235295 0.8928322906976743 0.5091899669117648 0.8981514912790698 0.5491819963235294 0.8814045494186047 0.5622361102941177 0.8796026279069767 0.5809122058823529 0.8880643720930232 0.6002236066176471 0.9010092819767442 0.596849849264706 0.909074648255814 0.5608175772058823
0 0.2725940145348837 0.4217415257352941 0.24782498837209302 0.42281775 0.27257237500000003 0.44574660661764703 0.2725940145348837 0.4217415257352941
0 0.3236925203488372 0.42125129779411763 0.3603073052325581 0.3984675220588235 0.3400214418604651 0.37685858823529417 0.33285703779069764 0.40355281249999997 0.28865982848837207 0.42169221691176473 0.33995652325581394 0.44887382720588237 0.34487934593023256 0.4335221838235294 0.3236925203488372 0.42125129779411763
0 0.2602220348837209 0.5321358786764706 0.2713866627906977 0.5234331360294118 0.26472683720930235 0.48544563602941176 0.2356944796511628 0.5128737830882353 0.2602220348837209 0.5321358786764706
0 0.7146665726744186 0 0.6872889825581395 0.05339212867647059 0.6939704476744186 0.06737455147058824 0.7281671017441861 0.0042564375 0.7294060610465116 0 0.7146665726744186 0
0 0.5943681133720929 0.16036626102941176 0.591863421511628 0.21605224264705883 0.6005666395348837 0.21502532352941175 0.6061922325581395 0.16266379411764706 0.6195984447674419 0.1426184705882353 0.6111366976744186 0.12330706617647058 0.5943681133720929 0.16036626102941176
0 0.39833945348837213 0 0.3985873226744186 0.01360301838235294 0.4130710406976744 0.0358965625 0.428917023255814 0.0321805 0.432021886627907 0 0.39833945348837213 0
0 0.01536448546511628 0.37085352205882355 0.01324940988372093 0.4112365955882353 0.014526186046511628 0.4508652573529412 0.016618543604651162 0.4648693088235294 0.03624491860465116 0.4754779669117647 0.08222240988372093 0.4626675477941177 0.142683625 0.4721506764705882 0.14024385174418605 0.45582141911764706 0.09296902034883721 0.4226262095588235 0.09767201162790698 0.40360780514705885 0.08450727325581396 0.4033148051470588 0.07738614825581396 0.38199887132352944 0.01536448546511628 0.37085352205882355
0 0.6654962267441861 0.7132634852941176 0.6762211947674419 0.6972272279411764 0.6452103604651163 0.6916545477941176 0.6369251656976744 0.7240200661764706 0.6440462906976745 0.7453360036764706 0.6650132848837209 0.7539401286764706 0.6755184244186047 0.7342371139705882 0.6654962267441861 0.7132634852941176
0 0.9793382296511628 0.5876075735294117 0.9858215029069767 0.5739181544117647 0.9639535465116278 0.5746520735294117 0.9692943895348838 0.5906390220588236 0.9793382296511628 0.5876075735294117
0 1 0.3922929595588235 0.9938185203488373 0.3661835625 0.8641712412790697 0.3722493088235294 0.8520840116279069 0.4142951801470588 0.870567953488372 0.45458021323529413 0.8786116802325581 0.44255301838235295 0.8884140465116279 0.4598598860294118 0.9508970087209302 0.45433367647058825 0.9808086918604652 0.4415725625 1 0.41287720588235294 1 0.3922929595588235
0 0.7517754825581395 0.3005792205882353 0.729006566860465 0.3106511875 0.7408306860465116 0.3129487205882353 0.7517754825581395 0.3005792205882353
0 0.6770071017441861 0.3204794632352941 0.6734681773255814 0.2858164154411765 0.6462377412790697 0.29456846691176475 0.6493369999999999 0.3218979963235294 0.6770071017441861 0.3204794632352941
0 0.8187660610465116 0 0.7752004622093023 0.057789966911764704 0.8162551337209302 0.060331191176470594 0.8319029244186046 0.028943286764705884 0.8239460813953489 0 0.8187660610465116 0
0 1 0.7912510698529411 0.9921100145348837 0.7762744522058823 0.9916487122093024 0.792946018382353 1 0.7919606213235294 1 0.7912510698529411
0 0.6602886511627907 0.7969636139705882 0.6163329098837209 0.7947646948529412 0.5957839360465116 0.8174991654411764 0.602663590116279 0.8591534191176471 0.6631248023255815 0.868636544117647 0.6798717441860465 0.8555824301470588 0.6776518023255814 0.8429199301470589 0.6986187965116278 0.8515240588235294 0.7098050639534884 0.8188162352941176 0.6654313023255813 0.7852787242647059 0.6602886511627907 0.7969636139705882
0 0.47624541279069765 0.7485182169117648 0.4610156424418605 0.8112447132352941 0.4690160872093023 0.8472276838235294 0.47624541279069765 0.7485182169117648
0 0.44420377616279066 0.8963140698529412 0.4296767790697674 0.9220306838235295 0.44484162790697673 0.9313194227941176 0.46648975290697675 0.9269187426470588 0.478335511627907 0.9052111985294118 0.4642914534883721 0.8902511654411764 0.44420377616279066 0.8963140698529412
0 0.29789611627906976 0.8194136102941176 0.3204452034883721 0.8056748823529412 0.31220328488372096 0.7900302389705882 0.26844573546511624 0.8155031580882353 0.29789611627906976 0.8194136102941176
0 0.2902669854651163 0.619061838235294 0.2610364331395349 0.6188181507352941 0.24004779941860466 0.6342191029411764 0.24866445348837207 0.7292125036764706 0.2609282325581395 0.7388435477941176 0.2526646773255814 0.7472039816176471 0.2988187180232558 0.786070481617647 0.3088841947674419 0.7590339485294118 0.29037861337209303 0.742754 0.3171910319767442 0.7026633566176471 0.31411340988372094 0.6513287426470589 0.2902669854651163 0.619061838235294