0 0.49150861383928574 0.439136963898917 0.47265768303571426 0.3835025433212996 0.4958610625 0.34679524909747295 0.48704089955357144 0.33808183393501806 0.4569485691964286 0.33714052707581227 0.4428535982142857 0.3417219620938628 0.441556515625 0.3507215848375451 0.4574962232142857 0.36441217689530686 0.4610415803571429 0.3864204422382671 0.4435741919642857 0.4144008953068592 0.4463412991071429 0.4418089350180505 0.43342811160714284 0.4537264548736462 0.41636425669642857 0.4944427707581227 0.3877996004464285 0.5217412725631769 0.36474033705357145 0.5729843555956678 0.3663256584821429 0.5930563050541516 0.3832453839285714 0.6077150559566787 0.4099364732142857 0.6011838826714802 0.4120118102678571 0.5867844837545126 0.39200790848214284 0.5546854747292419 0.4183242946428572 0.4963790866425993 0.45170257142857145 0.45121772743682315 0.49150861383928574 0.439136963898917
0 0.5256363348214286 0.2877934819494585 0.5595046183035715 0.2780716281588448 0.5539415758928572 0.26229490433212993 0.5273657857142857 0.25249036642599276 0.5168738191964286 0.2709122093862816 0.4907015647321429 0.27384353610108303 0.49208511830357143 0.28754755415162453 0.5256363348214286 0.2877934819494585
0 0.5755596227678571 0.27542651083032493 0.5811226696428572 0.29120323465703973 0.5963994263392857 0.29395788989169674 0.6053348883928571 0.28633559566787004 0.5858498214285713 0.2506367364620939 0.5875216205357142 0.22350147833935016 0.5752425691964286 0.21548343862815886 0.5662494575892857 0.2312735902527076 0.5755596227678571 0.27542651083032493
0 0.42365680133928574 0.12536212093862817 0.43780941964285713 0.1126128321299639 0.42331091517857145 0.1044584025270758 0.41065714732142855 0.114576 0.42365680133928574 0.12536212093862817
0 0.54708146875 0.11569609747292417 0.5650965111607144 0.11498729602888086 0.558092265625 0.09367440613718411 0.5395583883928572 0.097983059566787 0.519122125 0.09218754151624549 0.5106478459821429 0.1043778429602888 0.5189491763392857 0.11669111010830324 0.5344853504464285 0.11764584115523467 0.5481191339285714 0.10849640072202166 0.5484362008928572 0.09852862093862816 0.5580346183035714 0.10184226353790614 0.54708146875 0.11569609747292417
0 0.5544316004464286 0.15791270397111914 0.5571410669642857 0.12357774729241879 0.5507421227678572 0.1213686534296029 0.5139337857142857 0.12818603429602887 0.520822734375 0.16583463357400724 0.5544316004464286 0.15791270397111914
0 0.6261747165178572 0.09513441877256318 0.6243299799107144 0.0768623916967509 0.5962553370535714 0.06968954693140794 0.5838609866071429 0.0780072202166065 0.5797103147321429 0.10680601444043322 0.5902310982142858 0.11925566967509024 0.6065455223214286 0.1148106263537906 0.6138668348214286 0.12615573465703972 0.6341013303571429 0.12558331949458484 0.6415955915178572 0.11242486101083032 0.6261747165178572 0.09513441877256318
0 0.5507133147321428 0.020586303249097472 0.5778655892857143 0.01862313537906137 0.6895012053571429 0.03637857942238267 0.7031349910714286 0.027229138989169677 0.7032310758928572 0.013616046931407942 0.6523181607142857 0.010487339350180506 0.6482251428571428 0.012051682310469313 0.6188918504464286 0.008433222021660651 0.5536533705357143 0.0044241787003610105 0.5421525691964286 0.010072962093862816 0.5507133147321428 0.020586303249097472
0 0.5310841205357143 0.04026251083032491 0.5136455602678571 0.029203608303249102 0.49433343080357145 0.03891203429602888 0.48655093526785714 0.022998918772563177 0.4971870178571428 0.019112864620938627 0.5008476741071429 0.024785416967509025 0.5009053214285715 0.016617563176895306 0.5144814598214286 0.015635980144404333 0.5219757209821428 0.0024775198555956677 0.5215916227678571 0.002453916967509025 0.44728477232142855 0.0021043285198555956 0.43654117633928574 0.012662249097472924 0.44850316294642856 0.030648068592057764 0.46032103125 0.034098099277978335 0.46588407366071427 0.049874826714801444 0.4858591540178571 0.05110233754512635 0.4938145982142857 0.04251188447653429 0.4947369665178571 0.05164789711191336 0.5141932142857143 0.05647525631768953 0.5295276205357143 0.05106205776173285 0.5310841205357143 0.04026251083032491
0 0.8324685870535714 0.05424356137184116 0.8390404776785714 0.031949088447653436 0.8107064196428572 0.026576167870036103 0.8027509754464285 0.035166619133574 0.8115134888392858 0.0520478916967509 0.8324685870535714 0.05424356137184116
0 0.8201030357142857 0.2332544368231047 0.830595 0.2148325938628159 0.8116575870535714 0.20640538267148012 0.7979661517857143 0.22372267689530687 0.8201030357142857 0.2332544368231047
0 0.7050085089285715 0.356016072202166 0.6970818839285714 0.3954780216606498 0.7175181495535714 0.4012735415162455 0.7270589129464285 0.4127550379061372 0.742249203125 0.3928060523465704 0.7414421316964285 0.36733432671480143 0.7050085089285715 0.356016072202166
0 0.49052862723214286 0.22843624909747293 0.47995019419642854 0.22415445126353792 0.4812472767857143 0.21515482671480143 0.49260396205357143 0.21403685379061374 0.4963799174107143 0.20337369675090253 0.4852250022321428 0.2108596010830325 0.4794025401785714 0.19688280144404333 0.48807858705357143 0.19106042960288808 0.49395869642857143 0.19686937545126354 0.49897408705357144 0.18537444945848375 0.4795178392857143 0.18054709025270757 0.48701210044642856 0.16738863176895305 0.4407206450892857 0.1545566570397112 0.42982514732142857 0.16024263718411552 0.4128477723214286 0.15375174187725632 0.39699453125 0.1627647942238267 0.4018369709821429 0.17577343501805054 0.39022087276785716 0.17869133393501807 0.38044950892857143 0.19988125812274368 0.36635454017857144 0.20446269133574005 0.3711969821428571 0.21747133393501805 0.3595808794642857 0.22038923285198556 0.35776496205357144 0.23298870577617325 0.3740217388392857 0.23671151624548736 0.37834534598214287 0.25332000902527074 0.40549761830357145 0.25135684115523466 0.4194772924107143 0.26311111913357405 0.44611072991071427 0.2647478014440433 0.4715623861607143 0.2590483953068592 0.4807572633928571 0.24962617328519857 0.49052862723214286 0.22843624909747293
0 0.2772305 0.31792507400722025 0.28850071651785714 0.29410345667870036 0.2876936450892857 0.2686317310469314 0.24578344866071428 0.2642403953068592 0.22517423660714284 0.28294844404332126 0.2245401026785714 0.30288400541516247 0.2542577165178571 0.3219609440433213 0.2772305 0.31792507400722025
0 0.26008019642857144 0.19611604151624548 0.25097178571428574 0.22824190252707582 0.25979194866071426 0.23695531949458484 0.27754757812499997 0.238046440433213 0.29092194642857144 0.23069692418772564 0.29755148660714287 0.2002345974729242 0.26008019642857144 0.19611604151624548
0 0.24540867187499998 0.701841142599278 0.2559006361607143 0.6834192996389892 0.28815476785714284 0.6926648501805055 0.29743612723214286 0.6360354205776174 0.2639425602678572 0.6276216389891697 0.24710930133928571 0.6356665306859206 0.23581026562500002 0.6286166480144404 0.2344267142857143 0.6149126281588447 0.22234942857142856 0.6132625198555957 0.2119151138392857 0.6235165090252708 0.21793934151785715 0.643861238267148 0.21079096875 0.677923416967509 0.23751087499999998 0.7022637400722022 0.24540867187499998 0.701841142599278
0 0.44449652901785713 0.6332694638989169 0.4033645825892857 0.6234783537906138 0.4027016316964286 0.612542416967509 0.396965640625 0.6212692581227437 0.38690604017857144 0.6133876101083032 0.36811274776785713 0.6194961877256318 0.37338755133928575 0.6062013393501805 0.3494924017857143 0.6011011967509026 0.3457164464285714 0.6117643555956679 0.32444428124999997 0.6195364657039711 0.31781474107142854 0.6499987942238267 0.33701156919642855 0.6566260794223827 0.33750157366071426 0.6920655848375451 0.37327224330357145 0.6924479025270758 0.3847730446428571 0.705865714801444 0.40918703348214286 0.7073660054151625 0.44023055803571426 0.6784039693140794 0.4560261495535714 0.6775587761732852 0.466979296875 0.6637049386281588 0.4916527008928572 0.6634053068592058 0.5038452857142858 0.648719702166065 0.5061800379464285 0.6325203826714801 0.49173918080357143 0.6161980974729242 0.47620300669642857 0.6152433664259928 0.46303040625 0.6289608122743683 0.44449652901785713 0.6332694638989169
0 0.5416336517857142 0.5729596281588447 0.5397312633928572 0.5628554566787004 0.5029805758928572 0.5615049819494585 0.5021446741071428 0.5750726119133575 0.5416336517857142 0.5729596281588447
0 0.6204962924107144 0.6549802220216606 0.6256269821428572 0.6271495866425993 0.5945546361607142 0.6252401245487365 0.58870334375 0.650302678700361 0.6204962924107144 0.6549802220216606
0 0.5944393258928571 0.7114866877256318 0.5969758459821428 0.701655297833935 0.5858785781250001 0.7009733483754512 0.5823620424107142 0.7098365794223827 0.5944393258928571 0.7114866877256318
0 0.6034900758928572 0.757439534296029 0.6068048459821428 0.7422083682310469 0.5915280915178572 0.7394537148014441 0.5658746696428572 0.73878519133574 0.5623004821428571 0.7558162779783394 0.6034900758928572 0.757439534296029
0 0.6865610401785714 0.8024934801444044 0.69742771875 0.7659360018050542 0.669353078125 0.7587631570397112 0.6607635 0.7872891678700361 0.6754637723214286 0.8018115288808665 0.6865610401785714 0.8024934801444044
0 0.46058033482142857 0.8013175487364621 0.5086877053571428 0.8015500487364621 0.5175367008928571 0.7712241119133574 0.5037299754464286 0.7349662653429603 0.49407391294642855 0.7398204801444044 0.481794859375 0.731802440433213 0.3920367075892857 0.7253786768953068 0.3727822299107143 0.7269192472924187 0.36580680580357144 0.736477857400722 0.36857391071428575 0.7638858989169676 0.3796135290178571 0.7727357057761732 0.42622204910714284 0.7755998953068592 0.46058033482142857 0.8013175487364621
0 0.106419 0.7495917870036101 0.11175145758928572 0.728129083032491 0.08589626785714286 0.7210926263537907 0.054045671875 0.7245829386281588 0.05609217633928571 0.7492228953068591 0.106419 0.7495917870036101
0 0.082350890625 0.8389060649819494 0.07453956473214286 0.8620323050541516 0.10111535491071429 0.8718368429602888 0.11227027008928571 0.8643509368231047 0.11186673437500001 0.8516150758122744 0.10108653571428572 0.8409653447653429 0.082350890625 0.8389060649819494
0 0.18957643080357142 0.8173493754512635 0.20635204017857142 0.8174723393501805 0.19903072767857144 0.8061272328519856 0.1898935 0.80738159566787 0.18957643080357142 0.8173493754512635
0 0.33038200892857145 0.8269101101083033 0.30028968080357143 0.8259688068592058 0.2991943638392857 0.8413363610108303 0.3151917209821429 0.8468590974729242 0.33372559821428577 0.8425504458483755 0.3409604419642857 0.8311919115523466 0.33038200892857145 0.8269101101083033
0 0.49003852901785716 0.8221944151624548 0.4742429397321429 0.8230396064981949 0.4691699017857143 0.8427023862815884 0.47381057589285713 0.8493430992779784 0.5001845982142857 0.8527797039711191 0.5183725892857143 0.827567333935018 0.49003852901785716 0.8221944151624548
0 0.5335052299107143 0.815786202166065 0.5245121160714286 0.8315763537906138 0.5286339575892857 0.8418169151624549 0.54143184375 0.8462351046931408 0.5681229330357143 0.8397039296028881 0.5658170111607143 0.8168638971119133 0.5335052299107143 0.815786202166065
0 0.6993589151785714 0.8768225216606499 0.6979753616071429 0.8631185036101082 0.6678830334821428 0.8621771967509025 0.664107078125 0.8728403555956679 0.671226622767857 0.8778175324909748 0.6993589151785714 0.8768225216606499
0 0.047848504464285714 0.6588309223826715 0.052200941964285714 0.6364000613718411 0.020148578125 0.6335224422382671 0.017496761160714285 0.6596895433212996 0.047848504464285714 0.6588309223826715
0 0.10489135044642858 0.5815302779783393 0.11497977901785715 0.5503725722021661 0.10388251339285715 0.5496906209386281 0.09736827232142857 0.5638172364620939 0.10489135044642858 0.5815302779783393
0 0.31302995758928576 0.5589114440433213 0.31784358035714283 0.5410485884476535 0.30752456473214285 0.5349668646209387 0.2899130558035714 0.5484115306859206 0.2910371919642857 0.5639154747292419 0.31302995758928576 0.5589114440433213
0 0.5591010714285715 0.335246619133574 0.5677771183035715 0.32942424729241876 0.5554980669642857 0.3214062093862816 0.5475426205357142 0.32999666245487363 0.5591010714285715 0.335246619133574
0 0.6091108325892857 0.34558329061371845 0.6179021763392857 0.3234252075812274 0.5851292098214286 0.3177795072202166 0.5752137299107142 0.32443364440433214 0.5756172656249999 0.3371695072202166 0.6091108325892857 0.34558329061371845
0 0.4863778549107143 0.9563435649819495 0.4881937723214286 0.9437440902527074 0.45150073437500005 0.9342257617328519 0.434148640625 0.945870501805054 0.45173131919642856 0.971465189530686 0.4863778549107143 0.9563435649819495
0 0.881440546875 0.9806210072202166 0.8810370111607143 0.967885144404332 0.8741768839285714 0.9611080433212996 0.8396456473214285 0.9598939584837545 0.8289519174107143 0.971947868231047 0.8307966540178572 0.9902198953068592 0.8665096741071429 0.9987700685920577 0.881440546875 0.9806210072202166
0 0.8493305535714286 0.8460895379061372 0.8277989732142857 0.8556615740072202 0.8237636004464285 0.8681246570397112 0.8348032165178572 0.876974463898917 0.85699775 0.8783383646209386 0.86656734375 0.8507805090252708 0.8493305535714286 0.8460895379061372
0 0.6157403928571429 0.1752992581227437 0.623753484375 0.15854094945848377 0.6040378214285714 0.1555135144404332 0.5975235825892857 0.1696401299638989 0.6157403928571429 0.1752992581227437