0 0.09319526627218935 0 0.05473372781065089 0.011111111111111112 0.04881656804733728 0.0044444444444444444 0.04585798816568047 0.013333333333333334 0.03698224852071006 0.006666666666666667 0.034023668639053255 0.022222222222222223 0.004437869822485207 0.013333333333333334 0.0029585798816568047 0.6144444444444445 0.03550295857988166 0.63 0.02514792899408284 0.6422222222222222 0.010355029585798817 0.6266666666666667 0.0029585798816568047 0.6411111111111111 0.0014792899408284023 0.6777777777777778 0.020710059171597635 0.6611111111111111 0.020710059171597635 0.6855555555555556 0.0073964497041420114 0.6822222222222222 0.0029585798816568047 0.69 0.0029585798816568047 0.7788888888888889 0.026627218934911243 0.8011111111111111 0.0029585798816568047 0.8211111111111111 0.005917159763313609 0.8477777777777777 0.02514792899408284 0.8488888888888889 0.05621301775147929 0.8322222222222222 0.08136094674556213 0.7844444444444445 0.23224852071005916 0.8333333333333334 0.2692307692307692 0.8544444444444445 0.3032544378698225 0.8955555555555555 0.33579881656804733 0.9 0.3624260355029586 0.88 0.3831360946745562 0.8933333333333333 0.42159763313609466 0.8911111111111111 0.48668639053254437 0.9088888888888889 0.5192307692307693 0.8888888888888888 0.5355029585798816 0.8966666666666666 0.5576923076923077 0.9377777777777778 0.6834319526627219 0.9677777777777777 0.727810650887574 0.9011111111111111 0.7559171597633136 0.8866666666666667 0.8121301775147929 0.88 0.8579881656804734 0.8366666666666667 0.8550295857988166 0.8233333333333334 0.8387573964497042 0.8177777777777778 0.8002958579881657 0.8311111111111111 0.7618343195266272 0.8244444444444444 0.7011834319526628 0.8522222222222222 0.7071005917159763 0.8255555555555556 0.7307692307692307 0.8077777777777778 0.7159763313609467 0.75 0.7322485207100592 0.7444444444444445 0.7588757396449705 0.7511111111111111 0.7603550295857988 0.7744444444444445 0.7825443786982249 0.78 0.7958579881656804 0.7611111111111111 0.772189349112426 0.7433333333333333 0.7751479289940828 0.7344444444444445 0.8328402366863905 0.7288888888888889 0.878698224852071 0.6877777777777778 0.8742603550295858 0.6755555555555556 0.8357988165680473 0.68 0.8076923076923077 0.6611111111111111 0.8994082840236687 0.5522222222222222 0.8994082840236687 0.4766666666666667 0.8875739644970414 0.4477777777777778 0.8994082840236687 0.41888888888888887 0.9644970414201184 0.39 0.9881656804733728 0.3477777777777778 0.9822485207100592 0.29888888888888887 0.9171597633136095 0.25 0.9349112426035503 0.21222222222222223 0.9215976331360947 0.20666666666666667 0.8831360946745562 0.24 0.8653846153846154 0.24 0.8017751479289941 0.19 0.8254437869822485 0.17 0.8150887573964497 0.14888888888888888 0.7470414201183432 0.1622222222222222 0.7041420118343196 0.1388888888888889 0.7011834319526628 0.09444444444444444 0.6479289940828402 0.05444444444444444 0.6568047337278107 0.025555555555555557 0.6715976331360947 0.016666666666666666 0.6612426035502958 0 0.09319526627218935 0
0 0.14940828402366865 0.8422222222222222 0.13313609467455623 0.8455555555555555 0.14497041420118342 0.85 0.13313609467455623 0.8566666666666667 0.14201183431952663 0.8655555555555555 0.15384615384615385 0.8522222222222222 0.14940828402366865 0.8422222222222222
0 0.17899408284023668 0.8488888888888889 0.15384615384615385 0.8633333333333333 0.17159763313609466 0.8744444444444445 0.1863905325443787 0.8677777777777778 0.17899408284023668 0.8488888888888889
0 0.0621301775147929 0.9811111111111112 0.060650887573964495 1 0.09763313609467456 0.9988888888888889 0.09319526627218935 0.9733333333333334 0.0621301775147929 0.9811111111111112
0 0.17455621301775148 0.9477777777777778 0.14940828402366865 0.9444444444444444 0.13609467455621302 0.9722222222222222 0.14497041420118342 0.9966666666666667 0.20710059171597633 0.9988888888888889 0.1863905325443787 0.9811111111111112 0.17455621301775148 0.9477777777777778
0 0.13313609467455623 0.8766666666666667 0.10946745562130178 0.8722222222222222 0.11834319526627218 0.8411111111111111 0.06360946745562131 0.8377777777777777 0.0621301775147929 0.8611111111111112 0.09467455621301775 0.8833333333333333 0.09467455621301775 0.9011111111111111 0.1242603550295858 0.9366666666666666 0.14201183431952663 0.9388888888888889 0.15384615384615385 0.9188888888888889 0.13313609467455623 0.8766666666666667
0 0.022189349112426034 0.9088888888888889 0.0029585798816568047 0.9233333333333333 0 0.9411111111111111 0.010355029585798817 0.9511111111111111 0.03254437869822485 0.95 0.04437869822485207 0.9211111111111111 0.022189349112426034 0.9088888888888889
0 0.24260355029585798 0.9988888888888889 0.2958579881656805 0.9988888888888889 0.27958579881656803 0.9844444444444445 0.24260355029585798 0.9988888888888889
0 0.5281065088757396 0.9244444444444444 0.507396449704142 0.9266666666666666 0.5029585798816568 0.9544444444444444 0.5325443786982249 0.9544444444444444 0.5414201183431953 0.9344444444444444 0.5281065088757396 0.9244444444444444
0 0.3076923076923077 0.99 0.3121301775147929 1 0.39644970414201186 0.9988888888888889 0.34467455621301774 0.9733333333333334 0.3076923076923077 0.99
0 0.47485207100591714 0.9488888888888889 0.4511834319526627 0.9444444444444444 0.41124260355029585 0.9588888888888889 0.41124260355029585 0.9833333333333333 0.4349112426035503 0.9855555555555555 0.47633136094674555 0.9677777777777777 0.47485207100591714 0.9488888888888889
0 0.9511834319526628 0.7844444444444445 0.9334319526627219 0.7844444444444445 0.9230769230769231 0.8033333333333333 0.9467455621301775 0.8122222222222222 0.9615384615384616 0.7944444444444444 0.9511834319526628 0.7844444444444445
0 0.9733727810650887 0.5366666666666666 0.9600591715976331 0.5288888888888889 0.9215976331360947 0.5355555555555556 0.9142011834319527 0.55 0.9319526627218935 0.5566666666666666 0.9659763313609467 0.5533333333333333 0.9733727810650887 0.5366666666666666
0 0.6642011834319527 0 0.6745562130177515 0.016666666666666666 0.6479289940828402 0.04111111111111111 0.6627218934911243 0.07444444444444444 0.7011834319526628 0.09222222222222222 0.7056213017751479 0.10888888888888888 0.7322485207100592 0.09555555555555556 0.7677514792899408 0.10222222222222223 0.7840236686390533 0.13666666666666666 0.8180473372781065 0.14666666666666667 0.834319526627219 0.17 0.8328402366863905 0.14222222222222222 0.9097633136094675 0.14 0.9186390532544378 0.12 0.9349112426035503 0.12555555555555556 0.9171597633136095 0.1388888888888889 0.9378698224852071 0.14333333333333334 0.9363905325443787 0.15555555555555556 0.9482248520710059 0.14666666666666667 1 0.15444444444444444 1 0.0011111111111111111 0.7292899408284024 0 0.7056213017751479 0.02666666666666667 0.6997041420118343 0 0.6642011834319527 0