0 0.28185328185328185 0.49226804123711343 0.29922779922779924 0.4793814432989691 0.30694980694980695 0.4793814432989691 0.3204633204633205 0.46134020618556704 0.3204633204633205 0.44587628865979384 0.3108108108108108 0.4329896907216495 0.28378378378378377 0.4329896907216495 0.27606177606177607 0.422680412371134 0.27413127413127414 0.4252577319587629 0.27413127413127414 0.46134020618556704 0.2702702702702703 0.46649484536082475 0.2702702702702703 0.48195876288659795 0.27606177606177607 0.4948453608247423
0 0.20077220077220076 0.5231958762886598 0.23938223938223938 0.46134020618556704 0.2471042471042471 0.43556701030927836 0.24324324324324326 0.4097938144329897 0.2471042471042471 0.38917525773195877 0.19111969111969113 0.3556701030927835 0.1640926640926641 0.3556701030927835 0.12162162162162163 0.3865979381443299 0.10617760617760617 0.3865979381443299 0.10038610038610038 0.3943298969072165 0.09845559845559845 0.41237113402061853 0.052123552123552123 0.4329896907216495 0.03088803088803089 0.47680412371134023 0.03088803088803089 0.49742268041237114 0.03667953667953668 0.5103092783505154 0.0637065637065637 0.5154639175257731 0.07528957528957529 0.5257731958762887 0.0945945945945946 0.520618556701031
0 0.27413127413127414 0.30670103092783507 0.28957528957528955 0.2912371134020619 0.29343629343629346 0.2809278350515464 0.2915057915057915 0.27319587628865977 0.2799227799227799 0.27319587628865977 0.277992277992278 0.2809278350515464 0.26640926640926643 0.2963917525773196 0.26640926640926643 0.30670103092783507
0 0.23938223938223938 0.5695876288659794 0.2471042471042471 0.5644329896907216 0.2471042471042471 0.5489690721649485 0.2335907335907336 0.5412371134020618 0.22586872586872586 0.5463917525773195 0.22007722007722008 0.5592783505154639 0.22972972972972974 0.5721649484536082
0 0.24324324324324326 0.6262886597938144 0.25096525096525096 0.615979381443299 0.25096525096525096 0.6108247422680413 0.2413127413127413 0.5979381443298969 0.22972972972972974 0.5979381443298969 0.22007722007722008 0.6108247422680413 0.22393822393822393 0.615979381443299 0.22586872586872586 0.6288659793814433
0 0.23938223938223938 0.7757731958762887 0.24324324324324326 0.770618556701031 0.24324324324324326 0.7551546391752577 0.23745173745173745 0.7474226804123711 0.22586872586872586 0.7474226804123711 0.21621621621621623 0.7603092783505154 0.21621621621621623 0.770618556701031 0.222007722007722 0.7783505154639175
0 0.2471042471042471 0.9458762886597938 0.25096525096525096 0.9407216494845361 0.25096525096525096 0.9201030927835051 0.24517374517374518 0.9123711340206185 0.23745173745173745 0.9123711340206185 0.2277992277992278 0.9252577319587629 0.2277992277992278 0.9407216494845361 0.2335907335907336 0.9484536082474226
0 0.0888030888030888 0.9664948453608248 0.09652509652509653 0.9561855670103093 0.09652509652509653 0.9355670103092784 0.07915057915057915 0.9123711340206185 0.0637065637065637 0.9123711340206185 0.06177606177606178 0.9252577319587629 0.0694980694980695 0.9407216494845361 0.0694980694980695 0.961340206185567 0.07528957528957529 0.9690721649484536
0 0.023166023166023165 0.8943298969072165 0.03088803088803089 0.8737113402061856 0.025096525096525095 0.865979381443299 0.009652509652509652 0.865979381443299 0.003861003861003861 0.8737113402061856 0.007722007722007722 0.8943298969072165
0 0.09266409266409266 0.7860824742268041 0.09652509652509653 0.7809278350515464 0.09652509652509653 0.7654639175257731 0.08301158301158301 0.7628865979381443 0.07722007722007722 0.770618556701031 0.07722007722007722 0.7860824742268041
0 0.007722007722007722 0.6056701030927835 0.019305019305019305 0.595360824742268 0.019305019305019305 0.5850515463917526 0.009652509652509652 0.5773195876288659 0 0.5850515463917526 0 0.6056701030927835
0 0.003861003861003861 0.6829896907216495 0.011583011583011582 0.6726804123711341 0.009652509652509652 0.6597938144329897 0 0.6623711340206185 0 0.6829896907216495
0 0.11196911196911197 0.615979381443299 0.11583011583011583 0.6108247422680413 0.11583011583011583 0.595360824742268 0.11003861003861004 0.5876288659793815 0.10038610038610038 0.595360824742268 0.10038610038610038 0.6108247422680413 0.10617760617760617 0.6185567010309279
0 0.15057915057915058 0.5541237113402062 0.15444015444015444 0.5489690721649485 0.15444015444015444 0.538659793814433 0.14092664092664092 0.5360824742268041 0.138996138996139 0.5489690721649485 0.14478764478764478 0.5567010309278351
0 0.1969111969111969 0.6056701030927835 0.20270270270270271 0.6030927835051546 0.20463320463320464 0.595360824742268 0.19884169884169883 0.5876288659793815 0.19111969111969113 0.5876288659793815 0.1891891891891892 0.6005154639175257 0.19498069498069498 0.6082474226804123
0 0.33976833976833976 0.5541237113402062 0.3474903474903475 0.5489690721649485 0.3474903474903475 0.5335051546391752 0.33783783783783783 0.5257731958762887 0.3281853281853282 0.5335051546391752 0.3281853281853282 0.5489690721649485 0.333976833976834 0.5567010309278351
0 0.3127413127413127 0.33762886597938147 0.3127413127413127 0.3324742268041237 0.30694980694980695 0.3247422680412371 0.2972972972972973 0.327319587628866 0.29922779922779924 0.3402061855670103
0 0.3088803088803089 0.2036082474226804 0.3127413127413127 0.19329896907216496 0.3030888030888031 0.18041237113402062 0.29922779922779924 0.18556701030927836 0.2915057915057915 0.18556701030927836 0.2857142857142857 0.19329896907216496 0.2857142857142857 0.19845360824742267 0.2915057915057915 0.20618556701030927
0 0.38223938223938225 0.22422680412371135 0.3861003861003861 0.21391752577319587 0.3803088803088803 0.20618556701030927 0.3764478764478765 0.20618556701030927 0.37065637065637064 0.21391752577319587 0.37065637065637064 0.22422680412371135
0 0.5444015444015444 0.3788659793814433 0.5444015444015444 0.36855670103092786 0.5386100386100386 0.36082474226804123 0.5347490347490348 0.36597938144329895 0.525096525096525 0.36855670103092786 0.525096525096525 0.37371134020618557 0.5308880308880309 0.38144329896907214
0 0.23552123552123552 0.35309278350515466 0.24324324324324326 0.3479381443298969 0.24324324324324326 0.3427835051546392 0.23745173745173745 0.33505154639175255 0.22972972972972974 0.33505154639175255 0.22586872586872586 0.32989690721649484 0.20656370656370657 0.32989690721649484 0.20077220077220076 0.33762886597938147 0.20077220077220076 0.3427835051546392 0.20656370656370657 0.35051546391752575 0.22586872586872586 0.35051546391752575 0.22972972972972974 0.3556701030927835
0 0.1776061776061776 0.2809278350515464 0.18146718146718147 0.2757731958762887 0.18146718146718147 0.2654639175257732 0.16795366795366795 0.26288659793814434 0.16602316602316602 0.2757731958762887 0.1718146718146718 0.28350515463917525
0 0.11969111969111969 0.3324742268041237 0.11776061776061776 0.31958762886597936 0.10424710424710425 0.32216494845360827 0.10617760617760617 0.33505154639175255
0 0.5907335907335908 0.2757731958762887 0.5888030888030888 0.26288659793814434 0.581081081081081 0.26288659793814434 0.5752895752895753 0.2706185567010309 0.5772200772200772 0.27835051546391754
0 0.6640926640926641 0.2860824742268041 0.667953667953668 0.2757731958762887 0.6621621621621622 0.26804123711340205 0.6428571428571429 0.26804123711340205 0.637065637065637 0.2757731958762887 0.637065637065637 0.2809278350515464 0.6428571428571429 0.28865979381443296
0 0.6602316602316602 0.5592783505154639 0.6640926640926641 0.5541237113402062 0.6640926640926641 0.5438144329896907 0.6583011583011583 0.5360824742268041 0.6428571428571429 0.5360824742268041 0.637065637065637 0.5438144329896907 0.637065637065637 0.5489690721649485 0.6467181467181468 0.5618556701030928
0 0.5096525096525096 0.7087628865979382 0.5135135135135135 0.7036082474226805 0.5135135135135135 0.6932989690721649 0.5077220077220077 0.6855670103092784 0.5038610038610039 0.6855670103092784 0.4942084942084942 0.6984536082474226 0.4942084942084942 0.7036082474226805 0.5 0.711340206185567
0 0.5366795366795367 0.7036082474226805 0.5366795366795367 0.6881443298969072 0.527027027027027 0.6855670103092784 0.525096525096525 0.6984536082474226 0.5308880308880309 0.7061855670103093
0 0.5752895752895753 0.7963917525773195 0.5791505791505791 0.7912371134020618 0.5791505791505791 0.7757731958762887 0.5656370656370656 0.7731958762886598 0.5637065637065637 0.7912371134020618 0.5694980694980695 0.7989690721649485
0 0.9343629343629344 0.44072164948453607 0.9382239382239382 0.43041237113402064 0.9285714285714286 0.4175257731958763 0.9111969111969112 0.42010309278350516 0.9111969111969112 0.43041237113402064 0.916988416988417 0.4381443298969072 0.9247104247104247 0.44329896907216493
0 0.9536679536679536 0.538659793814433 0.9575289575289575 0.5335051546391752 0.9536679536679536 0.5231958762886598 0.9478764478764479 0.520618556701031 0.9420849420849421 0.5283505154639175 0.9420849420849421 0.5335051546391752 0.9478764478764479 0.5412371134020618
0 0.8532818532818532 0.3788659793814433 0.8513513513513513 0.3711340206185567 0.8416988416988417 0.37371134020618557 0.8436293436293436 0.38144329896907214
0 0.8108108108108109 0.36855670103092786 0.8166023166023166 0.36597938144329895 0.8185328185328186 0.3582474226804124 0.8127413127413128 0.35051546391752575 0.805019305019305 0.35051546391752575 0.7992277992277992 0.3582474226804124 0.7992277992277992 0.3634020618556701 0.805019305019305 0.3711340206185567
0 0.5907335907335908 0.06958762886597938 0.5984555984555985 0.06443298969072164 0.5984555984555985 0.05412371134020619 0.5926640926640927 0.04639175257731959 0.5888030888030888 0.04639175257731959 0.583011583011583 0.05412371134020619 0.583011583011583 0.06443298969072164 0.5888030888030888 0.07216494845360824