0 0.569602534965035 0.8475676563670412 0.5786774846153846 0.8413319531835206 0.5694936783216783 0.8405268146067416 0.5507949132867133 0.8445982031835206 0.5550251706293706 0.85021577247191 0.569602534965035 0.8475676563670412
0 0.6013927426573427 0.8772306638576779 0.5994366335664336 0.8741681301498128 0.5953762181818182 0.8765247387640449 0.5917820398601399 0.8698921788389513 0.5984129986013986 0.8531272621722846 0.5927276272727273 0.846739670411985 0.5881662167832168 0.8468037687265918 0.5592901867132868 0.8671150187265918 0.5596560979020979 0.8727150299625468 0.565598523076923 0.8776617902621723 0.5684084251748251 0.893791015917603 0.5873511314685315 0.8934529672284645 0.6013927426573427 0.8772306638576779
0 0.6097011104895105 0.848513261235955 0.6117706587412587 0.8318124428838951 0.6074663020979021 0.8304357106741573 0.6034406454545455 0.8440739962546817 0.6097011104895105 0.848513261235955
0 0.6099365202797202 0.8306165814606742 0.6140710342657343 0.8240191367041199 0.6119103244755244 0.8017007500000001 0.6097581461538462 0.8010123838951311 0.6002169608391609 0.8162372537453184 0.5988575902097902 0.8276822443820225 0.6008746846153846 0.8316781123595506 0.6099365202797202 0.8306165814606742
0 0.5990975811188811 0.782981372659176 0.6088827083916084 0.7714898426966292 0.613884127972028 0.7727849194756554 0.6170166524475524 0.7616024559925094 0.6111352118881119 0.7575890299625468 0.6094578020979021 0.7695415159176029 0.6069397125874126 0.763253138576779 0.600605148951049 0.7630547097378276 0.6008359762237762 0.7719622219101123 0.5937302496503497 0.7760862855805243 0.5930200713286713 0.7813421132958802 0.5990975811188811 0.782981372659176
0 0.6085777818181818 0.7668231666666666 0.6115883356643357 0.7537740337078651 0.6023697706293707 0.7416872162921349 0.6016202524475525 0.7624655580524344 0.6036373468531469 0.7664614260299625 0.6085777818181818 0.7668231666666666
0 0.5945322209790209 0.7346112584269663 0.5898140825174825 0.7215270084269663 0.5848736468531469 0.7211652668539327 0.5816060391608392 0.7356552322097378 0.5945322209790209 0.7346112584269663
0 0.5957866839160839 0.7645596385767791 0.5958870090909091 0.7499704606741573 0.5908855888111888 0.7486753838951311 0.5871910853146853 0.7566320018726592 0.5923013629370629 0.764967920411985 0.5957866839160839 0.7645596385767791
0 0.5575838643356643 0.6905048267790262 0.5591871755244755 0.6827931769662922 0.5576625454545455 0.6594597986891385 0.5555103671328672 0.6587714325842697 0.5557280811188811 0.6728531161048689 0.5489751524475525 0.687751361423221 0.5533315874125875 0.695375238764045 0.5575838643356643 0.6905048267790262
0 0.5156813272727273 0.726449229400749 0.511315986013986 0.7241391610486891 0.5078831181818182 0.7038507574906367 0.5050338755244755 0.7032440468164795 0.5001019727272727 0.7245123267790262 0.5031210566433567 0.7330932125468165 0.5116077986013986 0.7339800093632959 0.5156813272727273 0.726449229400749
0 0.5047938839160839 0.7479449194756554 0.5083533041958043 0.7432958014981274 0.5036220517482517 0.7353857228464419 0.5020797258741259 0.744030708801498 0.5047938839160839 0.7479449194756554
0 0.5195365097902098 0.7800751722846442 0.5164216818181818 0.7592792715355805 0.5135724391608392 0.7586725617977528 0.5131540741258741 0.7737692359550562 0.5195365097902098 0.7800751722846442
0 0.504754544055944 0.7634674335205993 0.49884687692307694 0.769802350187266 0.49660748741258737 0.7785289915730338 0.4987465517482518 0.7843915290262172 0.5067322986013987 0.7829858146067415 0.5072726335664336 0.7697558108614232 0.504754544055944 0.7634674335205993