0 0.11325399683544304 0.8590658565400845 0.07453543670886076 0.8531493565400844 0.07628038924050633 0.8731224746835443 0.10713827531645569 0.8891488375527427 0.14205455379746837 0.9445390358649789 0.19629278481012657 0.9648256075949367 0.21809339556962026 0.9670227025316456 0.2748291582278481 0.9346310949367088 0.3043267341772152 0.940779694092827 0.28881873734177216 0.8947556751054853 0.1873464493670886 0.8347750654008439 0.14003001265822784 0.8300064493670886 0.11325399683544304 0.8590658565400845
0 0.2182125 0 0.15822161708860757 0.05800491983122363 0.12549859493670887 0.12669168987341772 0.15030116139240507 0.1641250506329114 0.2479686012658228 0.20678463924050633 0.1792704335443038 0.259142611814346 0.10209682594936709 0.3466387405063291 0.04742900949367089 0.4335296962025316 0.041563977848101265 0.4726108185654008 0.1147878164556962 0.4114336181434599 0.12232425 0.38255241561181436 0.19042084493670886 0.3555401561181435 0.19355084810126583 0.33468364978902954 0.22191628797468355 0.31637040295358654 0.2564462943037975 0.3103230084388186 0.2701717246835443 0.31488206751054854 0.29451700632911393 0.366031111814346 0.35765443354430376 0.4147380970464135 0.38467243037974685 0.4587463164556962 0.45688687658227845 0.4469694303797468 0.4991220348101266 0.4215852130801688 0.5625236170886077 0.42585771729957805 0.5839786202531645 0.4322543713080169 0.6370267626582279 0.48417893670886075 0.6808757689873418 0.49071529324894514 0.696046338607595 0.5176505485232067 0.7721855031645569 0.49039023628691986 0.816924664556962 0.4483208122362869 0.8816981139240506 0.4114462658227848 0.9100879778481014 0.4143074345991561 0.944979835443038 0.44852321729957806 0.945004256329114 0.4696976329113924 0.964581256329114 0.48860819409282696 0.9636666772151898 0.5160395590717299 0.9848086803797469 0.5245218670886076 1 0.5630256286919831 1 0.3958235421940928 0.9432194398734177 0.28955614978902955 1 0.242991 1 0.04227372784810127 0.5805403069620253 0 0.2182125 0
0 0.5569651329113924 0.6655991983122362 0.5430709905063291 0.6514957552742616 0.5527984303797469 0.6080149978902954 0.6290086107594937 0.5056014050632911 0.624866332278481 0.4691916202531646 0.5410952911392405 0.5793119999999999 0.520388408227848 0.6746161181434599 0.48477511075949364 0.6985505 0.494913246835443 0.7376817510548523 0.5231588227848101 0.7521729556962026 0.5490202531645569 0.7505449156118144 0.558627832278481 0.739868605485232 0.5434572626582278 0.7129333502109705 0.5569651329113924 0.6655991983122362
0 0.6202201740506329 0.5428252130801687 0.600909582278481 0.618156694092827 0.6335127373417722 0.5822743713080168 0.6479596107594936 0.5286832679324894 0.6202201740506329 0.5428252130801687
0 0.31722626265822784 0.5027616898734177 0.31106169620253166 0.4904958417721519 0.326496414556962 0.4729966139240506 0.31166327215189876 0.4651501223628692 0.2914846930379747 0.4715852805907173 0.28866768987341773 0.4903561371308017 0.31722626265822784 0.5027616898734177
0 0.27809894303797467 0.624791506329114 0.27239166139240506 0.5988099746835444 0.2947612436708861 0.5777752616033756 0.2909319651898734 0.5392798270042194 0.31202512025316453 0.5054133016877637 0.27070454113924053 0.5033661540084389 0.26757453481012655 0.5242226603375527 0.22220937341772154 0.5704633860759494 0.231384082278481 0.5946771729957806 0.18801678481012657 0.5955995464135021 0.17178735443037976 0.6077256919831224 0.1867892088607595 0.6251165654008439 0.23694707278481014 0.6322887405063291 0.27809894303797467 0.624791506329114
0 0.1188590759493671 0.5229966814345992 0.1364137848101266 0.5660511793248946 0.16372035443037974 0.5867993333333333 0.1712812183544304 0.5790925464135022 0.17869778797468355 0.5830157890295359 0.15473878164556962 0.5933043417721519 0.15286077848101265 0.6058182447257384 0.1659602088607595 0.6145486097046413 0.18486235759493672 0.5952816392405064 0.24116037025316456 0.593545246835443 0.22220937341772154 0.5704633860759494 0.26379410443037976 0.528076052742616 0.27101753797468353 0.5012805021097047 0.25033282594936707 0.4790825126582279 0.2404366740506329 0.513018888185654 0.22151009810126582 0.5111114430379747 0.23600581962025316 0.4998691687763713 0.22148567405063294 0.48993702742616035 0.2347049683544304 0.46586294092827 0.2596274018987342 0.4704918523206751 0.25141611708860756 0.4611955274261604 0.2583021265822785 0.41531121097046414 0.23716012658227847 0.40682890506329117 0.2611191329113924 0.3965403544303797 0.2598427088607595 0.38370854219409284 0.23162155696202533 0.3903917552742616 0.22150784493670883 0.372434917721519 0.18885583860759494 0.3659684113924051 0.12547868037974683 0.38287032278481015 0.08707280063291138 0.44674997679324896 0.09877593670886076 0.47545297257383967 0.08899965189873417 0.47658490084388183 0.08618264556962026 0.49535575738396626 0.0961032246835443 0.4825937974683544 0.1063612246835443 0.4889206012658228 0.10231663924050634 0.5372084767932489 0.1188590759493671 0.5229966814345992
0 0.08558557911392405 0.7980545232067511 0.09143714873417721 0.8124060210970464 0.10294715189873418 0.8103902215189873 0.09820329430379747 0.7993261540084389 0.08558557911392405 0.7980545232067511
0 0.10260972784810128 0.7913014578059071 0.10877429430379748 0.8035673080168776 0.12343872784810127 0.8018694135021097 0.1224753006329114 0.7869519514767932 0.10260972784810128 0.7913014578059071
0 0.12521903481012658 0.7046578502109704 0.16261489556962025 0.7221884261603376 0.18640518987341773 0.702355493670886 0.12707261392405064 0.6709695316455696 0.12521903481012658 0.7046578502109704
0 0.5552825189873418 0.847508424050633 0.5577865253164557 0.8308232194092827 0.5437480949367088 0.8283498080168776 0.5064010791139241 0.8531680611814346 0.5081592183544305 0.8734586054852321 0.5552825189873418 0.847508424050633
0 0.5301936297468355 0.9720116540084388 0.5074866234177214 0.9739575991561182 0.5089317626582279 0.9963337953586499 0.5301936297468355 0.9720116540084388
0 0.4702594746835443 0.9659714071729958 0.4469264683544304 0.9720886540084388 0.44748348101265817 0.9901409514767933 0.46849771518987343 0.9922587953586498 0.4762797563291139 0.9898672869198312 0.4702594746835443 0.9659714071729958
0 0.3499316265822785 0.8289300717299578 0.2616564588607595 0.8623774873417721 0.3160520411392405 0.8519805822784811 0.3499316265822785 0.8289300717299578
0 0.3884840474683544 0.8920969092827004 0.36230961392405064 0.895810599156118 0.3933966139240506 0.9127053607594937 0.3884840474683544 0.8920969092827004
0 0.5604547310126582 0.5463293481012658 0.6099133259493671 0.4941495780590717 0.6239517594936709 0.4966229873417721 0.6082040348101266 0.5162078649789029 0.6176673227848101 0.517161588607595 0.6327646202531646 0.4805735970464135 0.5868200474683545 0.43465793037974687 0.5579484746835444 0.42433802953586497 0.5088983196202531 0.4204532848101266 0.43670829746835443 0.4534045864978903 0.38782686075949363 0.4590642257383966 0.3775932848101266 0.47391183544303794 0.3836135632911392 0.49780771729957807 0.4020828512658228 0.5134308481012658 0.46801286075949367 0.5221925611814346 0.5002075759493672 0.5423747510548522 0.5604547310126582 0.5463293481012658