0 0.41797900896860984 0.394098004 0.4369241816143498 0.358306304 0.4293461053811659 0.31064986 0.43643246860986545 0.281887112 0.4257016883408072 0.2546157 0.42153663677130043 0.190576664 0.3812166748878924 0.12151540799999999 0.38677086995515697 0.05867496 0.15154702466367714 0.07836370399999999 0.19827281838565022 0.11469494400000001 0.35107795067264574 0.295067816 0.35729659641255607 0.304607876 0.35217706278026906 0.32918176 0.3287197556053812 0.347242104 0.34240077578475336 0.368230232 0.3572098273542601 0.354917996 0.3625029080717489 0.38465667200000003 0.42573062780269055 0.496067016 0.42940396636771305 0.48368686000000005 0.3944638520179372 0.39405416000000004 0.41797900896860984 0.394098004
0 0.27484824439461886 1 0.2952548094170404 0.9516654160000001 0.3617219932735426 0.837447788 0.39252597757847535 0.79462714 0.3983396883408072 0.8323706919999999 0.4062648452914798 0.8337194560000001 0.41537588340807174 0.81887204 0.4123099439461883 0.788946952 0.4306477152466368 0.795460496 0.4315732802690583 0.7752618800000001 0.44519645067264574 0.77814582 0.49231352914798204 0.727923388 0.44730789686098654 0.741751028 0.45786512780269056 0.714709876 0.451993567264574 0.658862132 0.4189335134529148 0.6153506999999999 0.3602468587443946 0.608190212 0.3333765291479821 0.642633148 0.3037873452914798 0.600843308 0.2647400426008969 0.620208568 0.21860637668161437 0.6683365720000001 0.18219115022421525 0.6593119199999999 0.10684431390134529 0.7058609 0.029154639013452915 0.716387924 0.01524222869955157 0.7262715879999999 0.03304531614349776 1 0.27484824439461886 1
0 0.7398923721973095 1 0.7020988071748879 0.92364804 0.6746210672645739 0.845463404 0.6794802869955157 0.81688708 0.6621259260089686 0.8082791039999999 0.6454368183856503 0.775470072 0.641271769058296 0.7114310319999999 0.6308591547085202 0.706266248 0.6341854058295965 0.7401937759999999 0.606215966367713 0.740522768 0.5936919080717489 0.771752772 0.5977412600896861 0.799583436 0.5749202825112107 0.861857036 0.5938943834080718 0.91258384 0.5915226233183857 0.9449761919999999 0.5809075426008968 0.9539131559999999 0.5850283340807175 1 0.7398923721973095 1
0 1 0.511704084 0.9873754865470852 0.317597984 0.967041966367713 0.332043336 0.9096568878923768 0.344895048 0.8568417959641255 0.3935823 0.7347249686098655 0.44404603200000003 0.7186143385650224 0.437346068 0.6979048049327354 0.463224876 0.6535644215246637 0.45285146 0.6578162399103138 0.466580376 0.6850625829596413 0.47234825599999997 0.6968346255605382 0.515629428 0.735997625560538 0.532472548 0.7649215605381166 0.598463444 0.8020020381165919 0.5832870400000001 0.8811089887892376 0.628980592 0.936527239910314 0.62031774 0.9758059394618834 0.673369232 1 0.6784022 1 0.511704084
0 0.5236670426008968 0.314827684 0.5333565605381166 0.326089336 0.5652885739910314 0.24896832 0.5849279237668161 0.275494064 0.6314665224215247 0.19916256799999998 0.6640927152466368 0.184358996 0.6805793452914798 0.076336964 0.6878837443946189 0.071475364 0.5810666098654709 0.060376404 0.5760193430493273 0.12130692 0.5603714955156951 0.10450765199999999 0.5542685470852018 0.131175968 0.5669661569506727 0.154258524 0.5549048789237668 0.175389224 0.5707551905829596 0.178086748 0.5554833587443946 0.201498288 0.5344556614349776 0.205270472 0.5521281838565022 0.235985072 0.5236670426008968 0.314827684
0 0.4977801188340807 0.19224337600000002 0.5081348834080718 0.179303976 0.5038830627802691 0.16557506 0.488090600896861 0.180981724 0.4977801188340807 0.19224337600000002
0 0.5297699798206278 0.133226552 0.5136015 0.108422396 0.493615067264574 0.128204336 0.4959000582959641 0.146122108 0.5216423565022421 0.145979536 0.5297699798206278 0.133226552
0 0.35223492376681614 0.50221876 0.354346365470852 0.465823968 0.34616089461883404 0.460472768 0.34306603587443946 0.498961988 0.35223492376681614 0.50221876
0 0.3723081255605381 0.43212670000000003 0.37048591479820625 0.404109624 0.3573255246636772 0.391126376 0.35344972197309416 0.417608276 0.3723081255605381 0.43212670000000003
0 0.33233525784753365 0.47169057600000003 0.33412853587443947 0.413189156 0.316108928251121 0.42878223600000004 0.31845177130044844 0.464804196 0.33233525784753365 0.47169057600000003
0 0.7300971345291479 0.390106304 0.7304731479820628 0.43031712 0.7396420358744396 0.433573892 0.7581244260089686 0.407881504 0.7610168183856502 0.383494028 0.7614217488789238 0.355290532 0.7452532713004485 0.33048638 0.7071893789237668 0.347757212 0.7114990470852018 0.379590316 0.7300971345291479 0.390106304
0 0.5983486390134529 0.447412568 0.5914647443946188 0.46207356800000005 0.5986668049327355 0.469519196 0.5983486390134529 0.447412568
0 0.5116925448430494 0.440581072 0.510390966367713 0.420568868 0.5002386659192826 0.419406524 0.49754874215246636 0.429692252 0.5116925448430494 0.440581072
0 0.7068712466367713 0.7904490200000001 0.7149988699551569 0.777696036 0.7107470515695067 0.76396712 0.6991485560538115 0.774998512 0.7068712466367713 0.7904490200000001
0 0.7289980538116592 0.820790792 0.7219984618834081 0.799243412 0.6966321793721972 0.8395968 0.7008839955156951 0.8533257160000001 0.7196845515695067 0.849739956 0.7289980538116592 0.820790792
0 0.46506719730941704 0.8770883199999999 0.4534687040358744 0.8881197120000001 0.4651250470852018 0.8951925079999999 0.46506719730941704 0.8770883199999999
0 0.47883498654708523 0.8477663240000001 0.46645554484304935 0.846790396 0.48360743497757847 0.8695001160000001 0.47883498654708523 0.8477663240000001
0 0.4492747331838565 0.892494984 0.4519068094170403 0.864105072 0.4345524484304933 0.8554971 0.44010584753363224 0.889238212 0.4492747331838565 0.892494984
0 0.44458905156950673 0.820451064 0.44800207399103137 0.8040684720000001 0.4326145426008969 0.79127164 0.4329327062780269 0.813378268 0.44458905156950673 0.820451064
0 0.5327491816143498 0.6782602040000001 0.5308402040358744 0.7005532480000001 0.5400090896860986 0.70381002 0.5327491816143498 0.6782602040000001
0 0.6210828565022422 0.5903819079999999 0.6060713385650224 0.617795892 0.6202151412556054 0.628684712 0.6210828565022422 0.5903819079999999