0 0.173766284375 0.49988588188976374 0.216193378125 0.5124139606299213 0.25301363125 0.5839668661417323 0.2881399 0.6030492322834646 0.276031509375 0.6206684133858268 0.289476003125 0.6153475787401574 0.30318890625 0.6401558897637795 0.281065740625 0.7038848228346457 0.3098694 0.7016476377952756 0.233079525 0.8245767755905512 0.28293866562500003 0.7764414527559055 0.3088911875 0.7295214763779527 0.35701459375 0.6930677755905512 0.40807860937499996 0.7113399133858268 0.422680259375 0.6982313346456693 0.44934854687500003 0.7316557362204724 0.479709 0.6976508385826772 0.520799996875 0.6978805669291338 0.557304115625 0.665109125984252 0.572663284375 0.6681927677165355 0.582767528125 0.6321260669291339 0.608588825 0.6393152007874017 0.613885503125 0.6143133897637796 0.6377026531250001 0.6030549960629922 0.67402783125 0.5501974606299213 0.72415538125 0.5321912834645669 0.7111105281250001 0.5135321456692913 0.73550625625 0.49837988188976373 0.75108611875 0.45739746062992126 0.74908196875 0.4389499409448819 0.727000553125 0.43852670866141735 0.695256284375 0.3860380590551181 0.701620646875 0.34320545275590547 0.745425590625 0.30387972047244094 0.7407492437500001 0.2608355039370079 0.692804778125 0.31737529921259844 0.671391415625 0.3231012440944882 0.66373270625 0.28948333858267716 0.636754253125 0.2900819527559055 0.651487125 0.22286426771653542 0.6241985031249999 0.2574858976377953 0.602695665625 0.25316879527559055 0.605230671875 0.1935272401574803 0.5889827624999999 0.2283604842519685 0.57429164375 0.23142601181102362 0.5741126999999999 0.21133991732283464 0.560089628125 0.2205546220472441 0.547623353125 0.19800161023622048 0.519398271875 0.1963449251968504 0.52411636875 0.1752369842519685 0.5123181437500001 0.1588331496062992 0.467755675 0.18196666141732284 0.439840759375 0.1462869566929134 0.419005971875 0.14811902755905512 0.414866453125 0.16533309448818898 0.44652125312499996 0.2077786968503937 0.4548480125 0.2475457716535433 0.43815274375 0.23216377952755907 0.401648621875 0.26493522047244095 0.348848871875 0.25834470472440946 0.298900259375 0.29643698031496063 0.160846684375 0.2887702716535433 0.148958984375 0.2623233858267716 0.13676111875000002 0.2698995196850394 0.13173285625 0.32503047637795274 0.158359396875 0.422607031496063 0.133784725 0.4176732007874016 0.122612796875 0.4715707007874016 0.1549774 0.4560133188976378 0.14937055625 0.5150381456692914 0.173766284375 0.49988588188976374
0 0.05506823749999999 0.25550313779527556 0.028965340625000002 0.29278995275590547 0.023529753125 0.3293718622047244 0.025733718750000002 0.335829405511811 0.0216975875 0.34170246456692915 0.019032621875 0.3596378779527559 0.028495384375 0.37046914566929134 0.056541525 0.3520397401574803 0.067093128125 0.36618827559055117 0.104265296875 0.33956600787401575 0.08218388125000001 0.33914277952755906 0.08547640937499999 0.29569344094488187 0.10564314687500001 0.2877122007874016 0.11160787187500001 0.268859562992126 0.10711046875 0.24590143307086615 0.09299792812499999 0.24507309448818895 0.076750015625 0.27990633858267716 0.05506823749999999 0.25550313779527556
0 0.70893340625 0.6133458897637795 0.703636728125 0.6383477007874017 0.729458028125 0.6455368346456692 0.70893340625 0.6133458897637795
0 0.6241269375 0.6624849409448819 0.6373924875 0.6370780157480315 0.68703093125 0.6330087559055118 0.640016965625 0.5874795039370079 0.631558984375 0.6018215393700788 0.65074750625 0.6217141338582677 0.607920778125 0.6331660236220473 0.6241269375 0.6624849409448819
0 0.725759896875 0.5746187716535434 0.7617749093749999 0.5557842480314961 0.740671709375 0.5274871811023621 0.72722721875 0.5328080118110237 0.725759896875 0.5746187716535434
0 0.17226005312499998 0.9086069212598425 0.1943505625 0.8829667559055119 0.19052120625 0.8661578070866142 0.155165109375 0.9051747874015749 0.17226005312499998 0.9086069212598425
0 0.3194427875 0.7436700118110235 0.302127190625 0.7963340511811023 0.283875128125 0.8127197716535434 0.288372534375 0.8356778937007874 0.31383594375 0.8026948385826772 0.32865828750000003 0.7455201968503937 0.3194427875 0.7436700118110235
0 0.9724013062499999 0.7243875629921259 0.97390953125 0.7461726929133858 0.982794840625 0.6863739212598425 0.976451353125 0.6971304488188976 0.977519040625 0.6792996535433071 0.959577146875 0.6616623622047244 0.9092706500000001 0.6595824448818898 0.848901659375 0.6294170708661417 0.847833975 0.6472478661417322 0.8893723250000001 0.6976928307086614 0.880335765625 0.7159287401574803 0.8938697281250001 0.7206509566929133 0.896541925 0.745247653543307 0.95815754375 0.7776683307086615 0.9724013062499999 0.7243875629921259
0 0.37805216875 0.23212755118110234 0.3937215 0.2011881771653543 0.391049303125 0.17659148031496064 0.371282203125 0.16059276377952755 0.35610197499999996 0.1775952125984252 0.36184600625 0.20280863779527558 0.347244359375 0.2159172125984252 0.37805216875 0.23212755118110234
0 0.103424275 0.4516781023622047 0.0931828375 0.40350655118110235 0.0822316 0.4133379842519685 0.07590899062499999 0.39201842913385826 0.0162706125 0.37822639370078737 0.008014203125 0.43379261023622046 0.008708290625 0.4713620590551181 0.08170074375 0.49142705905511813 0.103424275 0.4516781023622047
0 0.19607436250000002 0.5945904133858269 0.182051290625 0.6038051181102362 0.20778311875000002 0.6009512007874016 0.19607436250000002 0.5945904133858269
0 0.28974441562500003 0.6454767244094488 0.292547834375 0.615964311023622 0.263654703125 0.6081584488188977 0.259694128125 0.6454586062992126 0.28974441562500003 0.6454767244094488
0 0.06266135 0.8324674448818897 0.03960171875 0.8599180590551181 0.040865612499999995 0.8822269921259842 0.057971921875 0.8856614094488189 0.104509865625 0.8488893976377953 0.06266135 0.8324674448818897
0 0.45675671875 0.11760288582677166 0.45880261874999995 0.07189825196850394 0.39843363125 0.041732877952755904 0.37826689375 0.04971412598425197 0.377777784375 0.06365104330708661 0.358010684375 0.04765232677165354 0.33926951562499996 0.07797496850393701 0.377736034375 0.12780320472440945 0.3856154375 0.11735504330708661 0.43053578750000004 0.13439372047244094 0.45675671875 0.11760288582677166
0 0.5942317187499999 0.129163468503937 0.565076140625 0.22957582677165356 0.594589603125 0.1693356535433071 0.5942317187499999 0.129163468503937
0 0.637678775 0.04966554724409449 0.6143507375 0.0469870157480315 0.597345303125 0.06562803937007874 0.6085649531249999 0.08592574803149607 0.63064636875 0.08634897637795275 0.651302209375 0.06443081102362204 0.637678775 0.04966554724409449
0 0.7436421375 0.24136613779527558 0.794437740625 0.22950912992125985 0.7648765562500001 0.215554094488189 0.7385661531250001 0.22230188188976377 0.7436421375 0.24136613779527558
0 0.7839398281250001 0.4279031653543307 0.795911028125 0.32604573228346456 0.785359428125 0.31189719685039374 0.795732084375 0.3059596377952756 0.75659751875 0.2499822283464567 0.7402601375 0.2747724212598425 0.755798246875 0.2979421614173228 0.719294125 0.3307136023622047 0.71119403125 0.38522783070866146 0.728736290625 0.42684509448818897 0.75887605 0.4369062519685039 0.7839398281250001 0.4279031653543307