0 0.1627320268096515 0.8126656051502147 0.14754074262734584 0.7974502510729613 0.13213723592493298 0.7995360557939915 0.1223473780160858 0.8047830193133048 0.10743234852546917 0.8348120128755365 0.10567456032171582 0.8696882489270386 0.11553247319034853 0.8859992575107296 0.14395308445040214 0.8866322896995708 0.16195521849865951 0.8624406845493562 0.16637969034852546 0.8270166201716739 0.1627320268096515 0.8126656051502147
0 0.1331463981233244 0.5275221223175965 0.1264076032171582 0.5483212596566523 0.12527843163538874 0.6132690901287553 0.12969485254691687 0.6598201072961374 0.13674594235924933 0.6745505386266094 0.14327251474530833 0.6710525622317596 0.14702830294906166 0.6562592253218884 0.1481615013404826 0.5503238562231759 0.1455668981233244 0.531442118025751 0.1331463981233244 0.5275221223175965
0 0.10489008579088471 0.2830922660944206 0.09373084450402144 0.2983279248927039 0.10576293967828418 0.32713545708154507 0.12309639008042897 0.32357457939914164 0.13471209249329757 0.3050093540772532 0.12604738069705093 0.2862960236051502 0.10489008579088471 0.2830922660944206
0 0.268094254691689 0.5041136459227468 0.28075899329758713 0.5220052360515022 0.2760983351206434 0.46148262446351934 0.2556137493297587 0.39666060300429185 0.24589597453083112 0.38247799785407727 0.24098302412868633 0.38995886909871247 0.22354547587131368 0.3816765600858369 0.2652193726541555 0.48097509656652365 0.268094254691689 0.5041136459227468
0 0 0.515003482832618 0.022487034852546915 0.4682818884120172 0.02852513002680965 0.4368407231759657 0.019191734584450403 0.4387581180257511 0.011612099195710456 0.4467868197424893 0.010206674262734585 0.46649030042918455 0 0.4712384506437768 0 0.515003482832618
0 0.3672939651474531 0.7792704248927038 0.3632939383378016 0.7800921673819742 0.36749813538874 0.8439443433476395 0.3912780227882037 0.938290135193133 0.44695805495978547 0.9732312660944207 0.4762915857908847 0.9672051652360515 0.4821174584450402 0.9530651609442059 0.4942576782841823 0.9527283433476395 0.4920154396782842 0.9186738497854077 0.47720853485254694 0.9195584957081545 0.47657589142091156 0.9304744377682403 0.4730683672922252 0.918251830472103 0.45840160053619305 0.9212648819742489 0.4256326286863271 0.8956388111587983 0.41742437801608584 0.8735959141630901 0.4032140737265416 0.8732793991416309 0.4001990509383378 0.8480124420600857 0.3826574048257373 0.8278869442060086 0.36855522386058986 0.7984260793991417 0.3672939651474531 0.7792704248927038
0 0.5348666286863271 0.8203471545064377 0.5296774249329759 0.7825836759656652 0.5166283069705094 0.7485920858369098 0.5072949115281501 0.750509482832618 0.49711262198391426 0.8216315214592275 0.5003998726541555 0.9331303690987125 0.5093017091152815 0.9949388927038627 0.5437107359249329 0.9878701115879828 0.5444641997319035 0.9866367253218884 0.5457655268096514 0.9550900557939913 0.5806446514745308 0.9306671394849785 0.6062584356568365 0.9297195901287554 0.6239802908847185 0.9012711716738198 0.6264027372654156 0.8867517489270387 0.6384388592493297 0.8745717424892704 0.639704144772118 0.8527398540772533 0.6348993190348525 0.8310763776824034 0.6204407506702413 0.8577758090128755 0.5531409906166219 0.8823874377682404 0.5348666286863271 0.8203471545064377
0 0.4356149651474531 0.35968224463519316 0.44077215415549603 0.3661729678111588 0.44954498927613945 0.35574194849785407 0.48217382305630024 0.3792396137339056 0.49684058847184986 0.3762265643776824 0.5025263217158177 0.35995815450643776 0.5239999383378016 0.35770393776824033 0.527899892761394 0.30405146781115877 0.5322162412868633 0.2977717553648069 0.5395836528150134 0.30704421673819743 0.5467068257372655 0.3023450836909871 0.5173412788203754 0.27709842918454936 0.47681648927613945 0.26708743562231757 0.4463938538873995 0.2873590472103004 0.42453183243967824 0.3145007982832618 0.4356149651474531 0.35968224463519316
0 0.6341907613941019 0.5432363605150214 0.6206531675603217 0.48130157939914164 0.5938461796246649 0.4846514484978541 0.5648609852546917 0.5164923347639485 0.556296345844504 0.5506097339055794 0.5617338136729223 0.5613572660944206 0.6058742506702413 0.5544465193133047 0.6081205147453083 0.547513474248927 0.6113477600536193 0.5554792703862661 0.6220144986595174 0.5532879592274679 0.6341907613941019 0.5432363605150214
0 0.4179811045576407 0.5639240064377683 0.4174926286863271 0.5359808175965666 0.40440746782841824 0.5117040128755365 0.37005688873994635 0.5133677961373391 0.3563711032171582 0.5312796888412017 0.3574521554959786 0.5990092575107295 0.3870659664879357 0.5972399678111588 0.4179811045576407 0.5639240064377683
0 0.6449094517426273 0.7265531781115879 0.6464509919571045 0.7499656437768241 0.640905399463807 0.7683624592274678 0.6427952761394102 0.8175897081545064 0.6492137225201072 0.8432360836909871 0.6530456206434316 0.7680256416309013 0.6449094517426273 0.7265531781115879
0 0.3801469638069705 0.6666130193133046 0.3769557600536193 0.648932439914163 0.3614121152815013 0.6488898390557939 0.36028696916890074 0.6728501330472103 0.3654441568364611 0.6793408540772532 0.3801469638069705 0.6666130193133046
0 0.37637909785522783 0.8043689742489271 0.38280157104557644 0.7890278090128755 0.37971849195710455 0.7422028798283261 0.36926397721179627 0.7270930300429185 0.3629456018766756 0.754277381974249 0.36820688739946383 0.7726112939914163 0.3632939383378016 0.7800921673819742 0.37637909785522783 0.8043689742489271
0 0.45909506434316355 0 0.31060718766756035 0.03050444635193133 0.32376942359249333 0.18419714163090128 0.37731533914209114 0.1559394313304721 0.4095958351206434 0.15362231330472104 0.4449674624664879 0.11615504506437768 0.4396701340482574 0.10753591630901287 0.4419524410187668 0.09088808583690987 0.47016485254691687 0.06783473819742489 0.5006195040214477 0.07883588197424893 0.5056005107238606 0.09291298283261802 0.5339490361930295 0.11297557725321888 0.5415967278820375 0.1265048519313305 0.5822256152815013 0.14835903433476397 0.6044720147453083 0.13731728111587982 0.6059815388739946 0.129456991416309 0.6000515683646113 0.1317538068669528 0.5988944075067024 0.12444134120171674 0.6051046581769437 0.12640133905579398 0.6082638458445041 0.11280916094420601 0.6547906876675603 0.10109377467811159 0.6706866983914209 0.08596362231759656 0.7035683512064344 0.081057330472103 0.6968595013404825 0.008473954935622316 0.6623703096514745 0.04175403004291845 0.630022254691689 0.019585757510729614 0.5816563351206434 0 0.45909506434316355 0
0 0.8899651769436998 0.9167377017167382 0.929203537533512 0.9086768111587983 0.9397702024128687 0.8536547725321889 0.9388653324396783 0.7783388261802575 0.9202025670241287 0.7411860793991417 0.9011874356568366 0.7192060879828326 0.899786037533512 0.6979220300429185 0.8889791581769437 0.6979849334763949 0.8642702439678284 0.7742484313304722 0.8592771595174262 0.8831339463519313 0.8605714946380698 0.922776160944206 0.8808222573726541 0.9186159656652361 0.886256301608579 0.9131852403433477 0.8899651769436998 0.9167377017167382
0 0.9950820160857909 0.44173013090128754 0.9927897694369974 0.4069161394849785 0.9780407037533513 0.34716779184549357 0.9553779101876675 0.3108367854077253 0.9565670871313674 0.3494220042918455 0.9638399343163538 0.36694574892703863 0.982068719839142 0.4186063433476395 0.9875061876675604 0.42935387982832623 0.9934641487935656 0.49931735836909874 0.9944071327077748 0.5036257875536481 0.9950820160857909 0.44173013090128754