0 0.111736181462141 0.2205831150627615 0.12116522976501307 0.22463257949790796 0.13613213968668408 0.22498758995815898 0.15125987467362925 0.20849462970711297 0.15511959921671017 0.19410275313807532 0.15156055091383813 0.16004148535564855 0.13453093080939948 0.1384134037656904 0.10682064360313316 0.1421284790794979 0.09686717362924281 0.15910853765690378 0.09783909007832899 0.19292625523012552 0.111736181462141 0.2205831150627615
0 0.11636849869451697 0.4897750460251046 0.12855598955613579 0.4845986861924686 0.13148574673629243 0.4659034853556485 0.13263249347258485 0.3627248744769874 0.1292867049608355 0.34870862970711297 0.12300067232375979 0.3460089853556485 0.11581613315926893 0.3611418158995816 0.11052299216710183 0.407017089958159 0.1102432911227154 0.4702274309623431 0.11636849869451697 0.4897750460251046
0 0.1022406227154047 0.6897484811715481 0.08542426240208877 0.688165420502092 0.0730864321148825 0.7175683535564854 0.08363773368146213 0.7312089665271966 0.10432430548302872 0.7257787489539749 0.11316600913838121 0.7065861422594142 0.1022406227154047 0.6897484811715481
0 0.2185357310704961 0.6121649330543933 0.2231645992167102 0.6189243514644351 0.23293627154046997 0.6040350690376569 0.25427662924281985 0.5385915585774059 0.26010468015665794 0.4790653619246862 0.2473822780678851 0.4978926464435146 0.24408892428198434 0.5207693974895398 0.20136626109660574 0.6221420209205021 0.2185357310704961 0.6121649330543933
0 0 0.5854250251046026 0.00342966318537859 0.5887534372384937 0.012484627937336814 0.5896058535564853 0.007268415143603132 0.5596043640167364 0 0.5446276778242677 0 0.5854250251046026
0 0.45593669060052217 0.07170701255230125 0.45961461488250654 0.05940591213389121 0.4599991866840731 0.06998156066945607 0.47441021409921674 0.0692302949790795 0.47731899608355094 0.03577789958158996 0.4654951018276763 0.036772709205020924 0.4601180626631854 0.023619192468619248 0.4316596083550914 0.020940169456066946 0.37665506919060054 0.06108176359832636 0.35147596083550914 0.15567434937238495 0.3460219947780679 0.2183975941422594 0.34990269321148826 0.21876291422594143 0.3515388838120105 0.19994594142259414 0.3659079621409922 0.16968028242677824 0.38343054308093993 0.1481430460251046 0.38690569582245427 0.12317552092050209 0.40076083942558743 0.12131798326359833 0.40922845691906007 0.09892832845188283 0.44170746214099216 0.0703675 0.45593669060052217 0.07170701255230125
0 0.49173139425587464 0 0.482888318537859 0.05421923849372385 0.47731547650130546 0.16330485355648536 0.4857271409921671 0.2315491610878661 0.49478210313315923 0.23240157740585773 0.5082212140992167 0.19783259623430963 0.514080725848564 0.16044219665271967 0.5332080352480418 0.09795218828451882 0.5982709151436032 0.1146165230125523 0.6117939216710183 0.13907633263598326 0.616936725848564 0.11742762970711297 0.6161675822454308 0.09627633472803347 0.6046967989556136 0.08571099790794978 0.6026445757180157 0.07181652510460251 0.5859785535248042 0.04600689539748953 0.5610371984334204 0.04787474267782427 0.5275653028720627 0.02786065271966527 0.5270213577023498 0 0.49173139425587464 0
0 0.45335645561357707 0.596328489539749 0.42105924934725847 0.6227985418410041 0.41273148041775454 0.6135830251046025 0.4075677036553525 0.6204745292887028 0.3958067323759791 0.6657409351464436 0.41653525195822455 0.689825110878661 0.44575236292428194 0.7062768305439331 0.48545785509138384 0.6920975690376568 0.514612045691906 0.6642776966527197 0.5077701292428198 0.6604717782426779 0.5003933041775457 0.6703167845188285 0.49632032114882507 0.664663640167364 0.49365977937336813 0.61276989958159 0.4727809216710183 0.6129122928870293 0.467585682767624 0.5976680020920503 0.45335645561357707 0.596328489539749
0 0.5368544295039165 0.45347475523012554 0.564424864229765 0.48136485355648534 0.5904779882506527 0.48170955230125523 0.6049869164490862 0.4198387238493724 0.5933343328981723 0.4113641589958159 0.5829858041775456 0.41038997071129707 0.5796714778067885 0.4185095209205021 0.5776297402088773 0.41199365062761506 0.5347602584856397 0.4100658891213389 0.5292328838120104 0.42113894351464437 0.5368544295039165 0.45347475523012554
0 0.39365315665796347 0.4505335167364017 0.3947229765013055 0.42323166945606694 0.365303091383812 0.3941135271966527 0.33648103785900785 0.39561605230125524 0.33398828851174933 0.4617798953974896 0.34694492428198437 0.47775483263598323 0.38038536031331593 0.47563312552301257 0.39365315665796347 0.4505335167364017
0 0.6192022088772846 0.15136712343096237 0.6163144007832898 0.19957671966527196 0.6213278407310705 0.21691178661087868 0.6193280535248041 0.23991030962343096 0.6281382950391645 0.19858190794979078 0.6260021749347259 0.12565864644351465 0.6192022088772846 0.15136712343096237
0 0.34081274934725847 0.3233016589958159 0.34140009399477805 0.34654373012552303 0.35654880417754564 0.34480796861924684 0.3600344425587467 0.32721904184100414 0.34597652741514356 0.31641015481171547 0.34081274934725847 0.3233016589958159
0 0.36522271409921675 0.20755777824267785 0.3592897937336815 0.19329798535564854 0.3460219947780679 0.2183975941422594 0.350650862924282 0.22515701464435145 0.3451339738903394 0.24360866736401673 0.3507137845953002 0.2694286087866109 0.3612231396866841 0.2535548263598326 0.36522271409921675 0.20755777824267785
0 0.5629732819843342 0.8248141192468619 0.5687034295039164 0.826407489539749 0.5673993772845953 0.8189071171548118 0.5459541488250652 0.8105646359832637 0.505895546997389 0.8363040460251046 0.4981551227154047 0.85033060041841 0.4701022127937337 0.8729844225941423 0.46494892167101826 0.8872545251046026 0.43503607571801567 0.9013017029288702 0.4080320117493473 0.8818964811715481 0.4061615874673629 0.8659112364016737 0.41150716449086167 0.8569289560669455 0.3778324960835509 0.8242484414225941 0.34642331070496085 0.8255074225941423 0.29484148955613576 0.8037884979079497 0.2796364255874674 0.9467475230125524 0.46185693733681465 0.9639014037656903 0.5363016135770234 0.9583449916317992 0.5897971892950392 0.9309272615062761 0.6217925195822455 0.9057841631799163 0.6546962023498695 0.9344777468619246 0.6627765704960835 0.8629673326359832 0.6308365535248042 0.8617670251046026 0.6156668707571802 0.8487455899581591 0.5705738537859008 0.8423927343096235 0.5677839477806789 0.8294827635983263 0.5616902023498694 0.8320709435146444 0.5629732819843342 0.8248141192468619
0 0.8403635939947781 0.015149085774058577 0.8337244503916449 0.024009589958158998 0.8315638381201044 0.06385608786610879 0.8341159908616188 0.16949079497907948 0.8565750822454309 0.24116538702928872 0.8671054112271541 0.24004880334728035 0.8689234007832898 0.21914105439330545 0.8879213472584856 0.1956348158995816 0.9068983185378591 0.15737137656903766 0.9093805809399478 0.08382893514644352 0.8976441018276762 0.016325581589958157 0.871409181462141 0.01807165690376569 0.8584944934725848 0.03161111715481171 0.8403635939947781 0.015149085774058577
0 0.922494955613577 0.5558162510460251 0.9150349490861619 0.5736971317991633 0.913056137075718 0.6114528535564854 0.9359138067885118 0.5735547384937238 0.9789161723237598 0.408971769874477 0.9913583720626631 0.32192528870292886 0.9938185835509139 0.20902640585774057 0.982139637075718 0.20691787029288702 0.9799580496083551 0.23200716945606695 0.9873558485639686 0.2369193640167364 0.9773569112271541 0.35191198117154815 0.9735894347258486 0.3671177552301256 0.9594489608355091 0.40105369037656907 0.954177590078329 0.4235060418410042 0.9468846618798956 0.4923798389121339 0.9413572872062664 0.5034528912133891 0.922494955613577 0.5558162510460251