0 0.32007838416422285 0.976314908203125 0.36791835777126103 0.9359940078125 0.39604359530791794 0.9382774921875 0.370573 0.89770839453125 0.26412674780058654 0.854129822265625 0.2202835630498534 0.855153669921875 0.2034022961876833 0.88495067578125 0.16516627859237537 0.8838833984375 0.13268660117302053 0.86994048828125 0.11109325513196482 0.83712158984375 0.05818403519061583 0.667821001953125 0.05156321407624633 0.5895681875 0.07279891495601173 0.571430609375 0.06558136950146629 0.536315814453125 0.041571970674486806 0.54373714453125 0.027583941348973608 0.537203150390625 0.02579425513196481 0.570568099609375 0.04189901173020528 0.75052909765625 0.06140431085043989 0.838281953125 0.10891579765395895 0.87931643359375 0.2054004486803519 0.91332670703125 0.2507048328445748 0.960293283203125 0.32007838416422285 0.976314908203125
0 0.0930209560117302 0.47294908984375 0.09260354252199414 0.445516236328125 0.147243642228739 0.41287728125 0.144857715542522 0.393331140625 0.1658548240469208 0.373238951171875 0.1954713870967742 0.3637264921875 0.20898223167155425 0.3663512578125 0.243698651026393 0.4106248125 0.3127738387096774 0.448215447265625 0.34811662170087976 0.485613724609375 0.4102726304985337 0.466520552734375 0.4420068826979472 0.43833687890625 0.500225870967742 0.435017130859375 0.521163211143695 0.4384485625 0.5819469472140762 0.480153193359375 0.6231058475073313 0.48115221484375 0.6435062316715542 0.50419804296875 0.7053342346041055 0.470411138671875 0.7351597478005865 0.426590552734375 0.784341862170088 0.38525821875 0.810647771260997 0.384643908203125 0.8506433519061584 0.412132603515625 0.85595215542522 0.431610486328125 0.8783210498533724 0.4467696015625 0.8843456334310851 0.472111326171875 0.9055215630498533 0.477497373046875 0.9375536950146627 0.523793796875 0.9566717038123167 0.524327435546875 0.9531224604105573 0.531270970703125 0.9668718973607039 0.535850349609375 0.9641579677419355 0.501610478515625 0.9222837741935483 0.39869850390625 0.8093658797653959 0.266082611328125 0.8526128269794722 0.212147671875 0.8810665513196481 0.13307577734375 0.8707473079178885 0.072551001953125 0.8497863020527859 0.02966128125 0.47551374780058653 0.016597521484375 0.12180461583577712 0.024374490234375 0.04393018181818182 0.142824103515625 0.03158217595307918 0.2097587734375 0.06328630498533724 0.24136146484375 0.16197805571847507 0.269439640625 0.11312394428152493 0.32546570703125 0.06540302639296187 0.414788466796875 0.03569656891495601 0.5076109140625 0.039752642228739 0.5408393515625 0.0930209560117302 0.47294908984375
0 0.5550734750733138 0.656217376953125 0.5390275249266863 0.644830974609375 0.5369399589442816 0.603715826171875 0.5800678504398826 0.5007790234375 0.5672431407624634 0.467755359375 0.519223862170088 0.578647126953125 0.5243533607038123 0.6686958828125 0.49822627272727277 0.6947884296875 0.5171353313782991 0.729630197265625 0.5462149413489736 0.73973213671875 0.569120788856305 0.73527685546875 0.5751157302052786 0.7243558359375 0.5547153431085043 0.701310009765625 0.5550734750733138 0.656217376953125
0 0.5814396363636364 0.536030333984375 0.5828410674486804 0.6075443828125 0.60327157771261 0.57080384375 0.6029139296187683 0.5198473671875 0.5814396363636364 0.536030333984375
0 0.2983081436950147 0.533821333984375 0.28968868621700883 0.52324159765625 0.2992328709677419 0.505377046875 0.28390269501466275 0.49985448828125 0.2673197917888563 0.508082484375 0.26946712609970674 0.525674009765625 0.2983081436950147 0.533821333984375
0 0.2935056832844575 0.65056453125 0.28187393548387096 0.62731393359375 0.29678669208211145 0.605403640625 0.2837233900293255 0.570425359375 0.29428171260997066 0.536855638671875 0.2565228768328446 0.53969758984375 0.2589088035190616 0.55924373046875 0.2295604750733138 0.60697354296875 0.2438765073313783 0.62820126953125 0.20501412316715545 0.63400926953125 0.1934120175953079 0.647021416015625 0.2112772961876833 0.661305607421875 0.2582819560117302 0.662168115234375 0.2935056832844575 0.65056453125
0 0.12454578005865104 0.57512265234375 0.15111992668621702 0.612725701171875 0.1809153137829912 0.62869148046875 0.1858067008797654 0.62073651171875 0.19347178885630498 0.623497791015625 0.1744431906158358 0.635703271484375 0.17587474486803517 0.647430955078125 0.18986277419354838 0.65396494921875 0.20209124340175952 0.634077525390625 0.25240655131964806 0.62604188671875 0.2295604750733138 0.60697354296875 0.2564631085043988 0.56322121484375 0.256284284457478 0.5377429765625 0.23209606451612902 0.51968606640625 0.23164851906158357 0.552039583984375 0.21411124633431083 0.552449123046875 0.2243712082111437 0.540448412109375 0.20880244281524926 0.532971240234375 0.21470796774193548 0.5093111015625 0.2383295953079179 0.5107196640625 0.22860658944281526 0.5031059765625 0.22335755131964807 0.460104470703125 0.20218162170087978 0.45471842578125 0.22121021700879764 0.4425129453125 0.21685578299120234 0.430853517578125 0.19308497947214076 0.440229462890625 0.17948472434017596 0.424865578125 0.14843660410557183 0.4226503515625 0.0955264193548387 0.44544798046875 0.07685546920821114 0.5086099375 0.0945715659824047 0.533678634765625 0.0860415219941349 0.535838017578125 0.08818885337243403 0.55342954296875 0.09394520234604105 0.54055391015625 0.10477175953079179 0.545201548828125 0.11318226392961876 0.590089412109375 0.12454578005865104 0.57512265234375
0 0.16322789149560116 0.831983744140625 0.1720859442815249 0.84451809375 0.18195812903225805 0.841347275390625 0.17491940762463343 0.83171071875 0.16322789149560116 0.831983744140625
0 0.17688791788856303 0.823824005859375 0.18550737536656892 0.834403740234375 0.19830244281524928 0.831164666015625 0.1937094164222874 0.817550625 0.17688791788856303 0.823824005859375
0 0.17563566862170088 0.741525451171875 0.2137225102639296 0.753377232421875 0.23021600000000003 0.732410119140625 0.16889530791788857 0.7103198828125 0.17563566862170088 0.741525451171875
0 0.5989754633431085 0.82376812109375 0.5970667243401759 0.808131208984375 0.5837944721407624 0.80746105859375 0.5563252404692082 0.8345650390625 0.5629761876832845 0.853031486328125 0.5989754633431085 0.82376812109375
0 0.6074452551319648 0.941181470703125 0.5874622903225807 0.94556849609375 0.5943518269794721 0.965989556640625 0.6074452551319648 0.941181470703125
0 0.5324047712609971 0.95077459765625 0.5397714985337243 0.97510488671875 0.5633037096774194 0.963774330078125 0.5519105542521995 0.942478345703125 0.5324047712609971 0.95077459765625
0 0.4092269208211144 0.830159416015625 0.3380039120234604 0.8710263671875 0.38444197360703813 0.85524052734375 0.4092269208211144 0.830159416015625
0 0.4597506950146628 0.883864755859375 0.437083439882698 0.890274650390625 0.4693245219941349 0.902262947265625 0.4597506950146628 0.883864755859375
0 0.5284400410557185 0.546088841796875 0.5599954692082111 0.492426931640625 0.5732677214076246 0.49309708203125 0.5639621319648094 0.512916248046875 0.5727307683284457 0.512711478515625 0.5772047419354839 0.477323658203125 0.5243246803519062 0.440334919921875 0.49572225513196483 0.434142208984375 0.45053692668621703 0.436177494140625 0.3936897272727273 0.474748546875 0.35103950146627566 0.485545466796875 0.34552174780058653 0.500375712890625 0.35691490615835775 0.5216716953125 0.37746446920821114 0.533933017578125 0.4390835219941349 0.5344542421875 0.47314393255131965 0.54934033203125 0.5284400410557185 0.546088841796875