0 0.5892635319672131 0.48202406705539363 0.6034574442622951 0.4772188629737609 0.6108791926229508 0.464989333819242 0.6208081434426229 0.4127486705539358 0.6203031139344263 0.3122164664723032 0.6127989352459016 0.29385071282798836 0.5677204540983607 0.2652379635568513 0.5700488557377049 0.2747555874635569 0.5663371098360656 0.28779030903790087 0.5670244254098361 0.31111392419825074 0.5747880893442623 0.32438611807580175 0.5684884549180328 0.33299677551020407 0.5750713622950819 0.47298935422740523 0.5831374696721312 0.48262571282798833 0.5892635319672131 0.48202406705539363
0 0.541262218032787 0.36812586734693875 0.5496737254098361 0.3755841180758018 0.5540745286885246 0.37203309475218654 0.5488557959016394 0.36172724052478133 0.5500655680327868 0.3471839052478134 0.5578327172131148 0.3327762682215743 0.5454964213114754 0.317224193877551 0.5357462696721311 0.31993609912536447 0.5322493098360656 0.3402594518950437 0.51197055 0.360963943148688 0.5224097590163935 0.3677357361516035 0.5222361877049181 0.3757447478134111 0.5141683377049181 0.37994830466472307 0.5013507983606558 0.41756082215743445 0.515585925409836 0.4280532609329446 0.5131234237704918 0.45568220553935856 0.5069956180327869 0.4701237667638484 0.5100577778688524 0.4767429008746356 0.5173059557377049 0.4725223833819242 0.5205004729508197 0.4558348644314869 0.5287418934426229 0.4436222973760933 0.5325807688524591 0.4488006676384839 0.5314139532786886 0.4648017288629738 0.5348644704918033 0.4707004810495627 0.530204181147541 0.4793450641399417 0.5311956819672131 0.48519293002915453 0.5435337213114754 0.48690508892128276 0.5535451008196721 0.4652597069970846 0.5437984352459017 0.44029178279883385 0.5491477827868853 0.4411308994169096 0.5543235590163934 0.449979027696793 0.5641166672131148 0.44872484839650145 0.5657577540983607 0.4349188571428571 0.5704610008196721 0.427732 0.564682081147541 0.41231562390670556 0.5571761606557377 0.40778978717201164 0.5474689663934427 0.4119594183673469 0.5426385909836066 0.4009331822157435 0.5463503368852459 0.3878984591836735 0.5385866729508196 0.3746262653061225 0.541262218032787 0.36812586734693875
0 0.5821267991803278 0.629016916909621 0.5815648696721312 0.6377463104956268 0.5878198040983607 0.6415178411078717 0.5932103655737705 0.6576545991253644 0.6006303721311476 0.6592649854227406 0.6079197639344263 0.6703421078717201 0.6058044057377049 0.6819530291545189 0.5986421418032787 0.6890890000000001 0.5973034983606558 0.6992591574344024 0.6024363172131147 0.7066495597667638 0.6176252155737705 0.6800123921282799 0.6259508081967213 0.6845551924198251 0.6294460254098361 0.6780717551020408 0.6208197319672132 0.6633248731778426 0.6331165573770492 0.649739390670554 0.6396327196721311 0.634577447521866 0.6405417918032787 0.6098300306122448 0.6332523991803279 0.5987529067055393 0.6183694295081967 0.5940744096209913 0.6082291778688524 0.6113466137026239 0.6046497893442623 0.6010746822157434 0.5980924122950819 0.6009389854227405 0.5952003385245902 0.6139906705539359 0.5821267991803278 0.629016916909621
0 0.466357412295082 0.4670975510204082 0.45518270245901643 0.47706416180758016 0.44331893524590166 0.47754707288629733 0.4434907639344262 0.4833779766763848 0.45134208524590164 0.4857257069970845 0.46014020737704914 0.5063034912536443 0.4729095606557377 0.5087529941690961 0.48309276967213116 0.4929385174927114 0.48192944016393446 0.4812597478134111 0.4754597196721312 0.4701995860058309 0.466357412295082 0.4670975510204082
0 0.47872969508196717 0.5394670116618075 0.4928771647540984 0.5608839139941691 0.5031445442622952 0.5618248046647231 0.5092293926229509 0.5459255160349854 0.5062566327868853 0.5145420029154519 0.5004330131147541 0.5115078163265306 0.4950389655737705 0.523050887755102 0.47842899426229507 0.5292629300291545 0.47872969508196717 0.5394670116618075
0 0.5690242434426229 0.5318661137026239 0.5500429131147542 0.527102806122449 0.5371841590163935 0.5494176822157435 0.5386069745901639 0.5560028921282799 0.5661733844262296 0.5602154402332361 0.5755798778688525 0.5458417274052478 0.5690242434426229 0.5318661137026239
0 0.5618997098360656 0.581979556851312 0.5381309606557377 0.5676477376093294 0.5215209893442624 0.5738597798833819 0.5231585909836065 0.5877336195335278 0.5425712360655738 0.5932342711370262 0.558490406557377 0.591378444606414 0.5618997098360656 0.581979556851312
0 0.5490664860655738 0.7441513119533527 0.5434146959016393 0.746948029154519 0.5353451032786886 0.7649915 0.5386650057377049 0.7803569912536442 0.5481986286885245 0.7841963702623906 0.5557939491803279 0.7639578294460642 0.5490664860655738 0.7441513119533527
0 0.4889894942622951 0.9432231749271137 0.5012880614754098 0.91579777696793 0.500081774590164 0.9026612813411079 0.4904192803278688 0.8944487230320699 0.4814458442622951 0.8957198658892129 0.47799358442622947 0.903661027696793 0.4823462024590164 0.9401720262390669 0.4889894942622951 0.9432231749271137
0 0.6899415229508197 0.9240722551020407 0.6892472368852459 0.9561083017492712 0.7018430196721311 0.9665668163265306 0.7165988606557377 0.9530322201166181 0.7222953508196721 0.9378533134110788 0.7217369073770492 0.9189028760932946 0.715310144262295 0.9093004416909621 0.6980540729508197 0.9074865102040817 0.6899415229508197 0.9240722551020407
0 0.7046807204918033 1 0.7050323081967212 0.9913990437317785 0.7002019327868853 0.980372807580175 0.6854478344262295 0.9800674883381923 0.6757818549180328 0.9995347609329446 0.6757135663934426 1 0.7046807204918033 1
0 0.7997781991803279 0.5788895758017493 0.8024967016393443 0.5738469023323615 0.7965047385245901 0.5373019810495627 0.786799287704918 0.5276316967930029 0.7720451893442623 0.5273263775510204 0.7623792098360656 0.5467936516034985 0.7652677975409836 0.5614217973760933 0.7642298540983606 0.5817960364431487 0.7784220237704917 0.590830749271137 0.7861015155737705 0.5873475743440233 0.7883027893442623 0.5786521049562683 0.7997781991803279 0.5788895758017493
0 0.9890411647540983 0.8858282521865889 0.973768094262295 0.8957100524781341 0.9679856893442622 0.9079735058309037 0.965480231147541 0.9341447244897958 0.972943194262295 0.9372128367346938 0.9733727663934427 0.9517900962099125 0.9758747401639345 0.9532987084548105 0.9776446983606557 0.9438658950437318 0.986489263114754 0.9382215758017493 0.990675281147541 0.9273819227405248 0.9890411647540983 0.8858282521865889
0 0.963386043442623 1 0.9663788467213115 0.9924368002915452 0.9651296024590164 0.9778425787172013 0.9587028393442623 0.9682401443148689 0.9473133442622951 0.9709181253644316 0.9386388655737705 0.9962332638483965 0.9391019713114753 1 0.963386043442623 1
0 0.9787824975409837 0.8156877842565597 0.986376075409836 0.8092891588921283 0.9877576770491804 0.8005767274052479 0.9856028459016393 0.7830500918367347 0.9768029811475409 0.776312221574344 0.9691664467213115 0.7812531224489797 0.9662743729508196 0.794304807580175 0.9683432885245901 0.8089159912536443 0.9652793860655738 0.8161367711370262 0.9676077885245903 0.8256543965014577 0.9746394377049181 0.8279851632653061 0.9794285983606558 0.8237137580174927 0.9787824975409837 0.8156877842565597
0 0.7442129336065574 0.2361114402332362 0.7504678672131148 0.239882972303207 0.7500382950819673 0.22530571282798834 0.7626770344262296 0.23722195189504375 0.7814865368852459 0.23615435714285715 0.7891642860655738 0.2465110976676385 0.8011569254098361 0.2504013644314869 0.8203977418032787 0.2500711122448979 0.8238500016393442 0.24212994897959184 0.8207448844262295 0.2340530889212828 0.8133248778688524 0.23244270408163265 0.8046556278688524 0.21623809620991255 0.7881762704918033 0.21298340087463558 0.778472562295082 0.18947320116618074 0.7477151213114754 0.1742683411078717 0.7428417885245902 0.16178437900874634 0.7422833450819672 0.14283394169096209 0.7376677549180328 0.13909633527696794 0.7353358672131148 0.15725854227405248 0.7372294696721311 0.1937186530612245 0.7442129336065574 0.2361114402332362
0 0.61484755 0.12708527113702625 0.6240787295081967 0.13456048396501458 0.6280482180327869 0.13027211807580175 0.6260652163934427 0.11857638629737609 0.6113987754098361 0.10734660349854228 0.61484755 0.12708527113702625
0 0.5115885532786885 0.6537802740524782 0.5130543254098361 0.6618232099125364 0.5183607155737705 0.6612046020408163 0.5234058778688524 0.6795194679300292 0.5295319401639343 0.6789178206997084 0.5429079229508197 0.6602557405247813 0.5426931368852459 0.652967110787172 0.535360787704918 0.6404322623906705 0.5263443942622951 0.6402456778425656 0.5115885532786885 0.6537802740524782
0 0.5411362213114754 0.6835284693877551 0.5584782073770492 0.6882578527696793 0.5615850672131147 0.6824947973760933 0.5555037049180328 0.6707142551020409 0.5450215385245902 0.6624847346938775 0.5411362213114754 0.6835284693877551
0 0.44364865081967214 0.5999282040816326 0.438127474590164 0.5932581822157434 0.4267809368852459 0.5973938906705539 0.42367233442622954 0.616996860058309 0.4360103737704918 0.6187090189504374 0.4439923090163934 0.6115900116618076 0.44364865081967214 0.5999282040816326
0 0.319448587704918 0.5827896559766764 0.33765494590163936 0.5751538119533528 0.34089241967213113 0.5599240189504373 0.3329551844262295 0.5546608381924198 0.32247127540983606 0.5602712332361516 0.31763741475409835 0.5769248279883382 0.3169895713114754 0.5827387696793003 0.319448587704918 0.5827896559766764
0 0.2956850663934426 0.5269380903790087 0.30362404426229506 0.5183613571428571 0.3033663016393443 0.509615001457726 0.29525723688524586 0.49852091545189503 0.2862408434426229 0.49833433236151603 0.28360825573770493 0.5062924577259476 0.28494341475409835 0.5238021311953353 0.2956850663934426 0.5269380903790087
0 0.3402132081967213 0.8148564387755103 0.3338294024590164 0.8067117288629737 0.3240362942622951 0.8079659096209914 0.31920243278688526 0.8246195029154519 0.33408540245901636 0.829298 0.3388745639344262 0.8250265962099126 0.3402132081967213 0.8148564387755103
0 0.3135953426229508 0.8150340306122449 0.30285369016393443 0.8118980699708456 0.29689945655737704 0.8183306209912536 0.30103903196721316 0.8337130728862975 0.3071650942622951 0.8331114256559767 0.3144132713114754 0.8288909081632653 0.3135953426229508 0.8150340306122449
0 0.4418595229508197 0.761600086005831 0.453682075409836 0.7458195335276968 0.44359000983606556 0.7230297172011662 0.43694671803278695 0.7199785670553936 0.42620332377049186 0.7306825218658892 0.4249935508196721 0.7452258571428572 0.43323148688524593 0.7606931209912536 0.4418595229508197 0.761600086005831
0 0.038108304918032784 0.7372197099125365 0.03504614508196722 0.7306005758017493 0.02521007950819672 0.730397029154519 0.02166937868852459 0.7353369912536443 0.022316263114754098 0.7572886297376094 0.02477527950819672 0.7573395160349854 0.035949989344262294 0.7473729052478134 0.038108304918032784 0.7372197099125365
0 0.8630421270491804 0.7659454679300292 0.87331125 0.7530464431486881 0.8745210221311476 0.7385031078717201 0.8670598008196722 0.7215950801749271 0.8563181491803278 0.7184591209912536 0.8473859270491804 0.7350279037900875 0.8430692950819673 0.7553342944606414 0.8630421270491804 0.7659454679300292
0 0.6618166704918033 0.9009092696793004 0.6511609327868852 0.9006887623906705 0.6453355704918032 0.9114944897959183 0.6465418573770492 0.9246309854227406 0.65486745 0.9291737857142858 0.6650077016393443 0.9119015830903789 0.6618166704918033 0.9009092696793004
0 0.6479733860655738 0.8620166195335277 0.6347744606557377 0.8449898571428571 0.6307190573770493 0.8463627725947522 0.631189843442623 0.8762376734693879 0.639558393442623 0.8822381982507289 0.6474544147540984 0.8722037390670554 0.6479733860655738 0.8620166195335277
0 0.6257754942622951 0.7064041180758017 0.6182695737704917 0.7018782813411079 0.606706506557377 0.7125652740524782 0.6075244360655737 0.7264221516034985 0.6235724786885246 0.728939502915452 0.6297432409836066 0.715955667638484 0.6257754942622951 0.7064041180758017
0 0.8227290188524591 0.5793645174927113 0.8071982057377048 0.5804999620991254 0.8028833163934427 0.5869664358600583 0.8045191745901639 0.6146801909620991 0.8096090368852459 0.6206128688046647 0.8244954918032787 0.5976115349854227 0.8227290188524591 0.5793645174927113
0 0.80927235 0.5535913994169096 0.8139755967213115 0.5464045422740524 0.813546024590164 0.5318272827988337 0.8030209008196721 0.5221400364431487 0.7964188245901639 0.5343865291545189 0.7967195245901639 0.544590610787172 0.803146287704918 0.5541930451895043 0.80927235 0.5535913994169096
0 0.529408906557377 0.2855692857142857 0.5333354385245901 0.27982319241982506 0.5308781647540984 0.2659323906705539 0.5232863295081966 0.2584911020408163 0.5131048639344262 0.2604656632653061 0.5134485213114754 0.27212747084548106 0.5190985696721312 0.2831706690962099 0.529408906557377 0.2855692857142857
0 0.3077404426229508 0.03259140233236152 0.29781846229508196 0.029472403790087462 0.2950999606557377 0.03451507725947522 0.29673756229508197 0.048388916909620994 0.30954987295081965 0.05229614577259475 0.31162227459016395 0.03922749854227405 0.3077404426229508 0.03259140233236152
0 0.5118619803278689 0.537967390670554 0.5084956344262296 0.5488240058309037 0.5096160073770492 0.5590450495626822 0.5151801409836065 0.5671727973760933 0.5196668590163934 0.5665372259475219 0.5238975762295082 0.5433153833819242 0.5118619803278689 0.537967390670554
0 0.5272674073770492 0.5047789373177842 0.515877912295082 0.5074569198250729 0.5099666360655738 0.515347195335277 0.5139773393442624 0.526356470845481 0.520966031147541 0.5272295116618075 0.5296387672131148 0.5157542886297376 0.5272674073770492 0.5047789373177842
0 0.5466237639344262 0.27208557580174925 0.5408860590163934 0.2719668411078717 0.5358803696721312 0.2827895306122449 0.5362669844262296 0.29590906413994167 0.5453692918032788 0.2990111005830904 0.5530505270491803 0.28168801166180757 0.5466237639344262 0.27208557580174925
0 0.5967125540983607 0.595811501457726 0.5811405262295082 0.581649304664723 0.5803620680327869 0.5969299839650146 0.5868747459016393 0.6094478702623907 0.5921811360655738 0.6088292609329446 0.5969273393442623 0.6031001311953353 0.5967125540983607 0.595811501457726
0 0.5065120229508197 0.8845838848396501 0.5176420319672131 0.8869994635568513 0.5223023221311476 0.8783548804664724 0.5198450483606557 0.8644640787172012 0.5056511360655738 0.8692692813411078 0.5065120229508197 0.8845838848396501
0 0.5761499098360655 0.8153683673469388 0.5600589106557378 0.8113932900874636 0.5592374959016393 0.8252162434402333 0.5639819573770491 0.833327027696793 0.5709706483606558 0.8342000699708455 0.5772702827868852 0.8255894110787172 0.5761499098360655 0.8153683673469388
0 0.6240415221311475 0.7726543192419825 0.6331867868852459 0.777214081632653 0.6360788606557377 0.7641623965014578 0.6280986680327869 0.7574414897959184 0.6230070639344263 0.7653487274052478 0.6240415221311475 0.7726543192419825
0 0.4665048426229508 0.6666872696793003 0.4590848368852459 0.6650768848396502 0.44998078606557373 0.6758147638483964 0.4487710139344262 0.6903580991253644 0.458692993442623 0.6934770976676384 0.46883324508196716 0.6762048935860058 0.4665048426229508 0.6666872696793003
0 0.482056568852459 0.4994728411078717 0.4951283655737705 0.49828650874635566 0.4960356950819672 0.4873790072886297 0.4921968196721312 0.4822006370262391 0.48326634098360655 0.4849295058309038 0.48128333934426226 0.47323377405247813 0.47123248770491805 0.4657415976676385 0.4559594172131147 0.4756233979591837 0.4432759778688525 0.47608934693877547 0.4435337213114754 0.4848357026239067 0.4514279991803279 0.4886411588921283 0.4610028368852459 0.5077781793002916 0.4737292327868852 0.5087699562682215 0.482056568852459 0.4994728411078717
0 0.6282292827868852 0.7479747521865889 0.6332761868852459 0.7524497026239066 0.642725637704918 0.7395337157434403 0.6396205204918033 0.7314568542274053 0.6287482540983607 0.7377876326530612 0.6282292827868852 0.7479747521865889
0 0.5980662713114754 0.8085377157434402 0.6038039762295082 0.8086564518950438 0.6131657704918032 0.8066649271137025 0.6164032442622951 0.7914351355685131 0.6069555360655738 0.7905112069970847 0.5980662713114754 0.8085377157434402
0 0.5959131836065574 0.777171164723032 0.6029018754098361 0.7780442069970845 0.6068284073770491 0.7722981137026239 0.6036803327868853 0.7627635276967929 0.5944474106557377 0.7691282288629738 0.5959131836065574 0.777171164723032
0 0.595615968852459 0.7392872521865889 0.5883248336065574 0.7420500451895043 0.5840958590163935 0.751431972303207 0.5855616319672131 0.7594749081632652 0.5917306516393442 0.7603309868804664 0.5971676557377049 0.7502456413994169 0.595615968852459 0.7392872521865889
0 0.5882458901639345 0.6837749314868804 0.5969168836065574 0.6861396239067056 0.5960559967213115 0.6708250204081633 0.5894986196721311 0.6706893221574344 0.5851837303278689 0.6771557973760933 0.5882458901639345 0.6837749314868804
0 0.5568905344262295 0.6204820772594752 0.5445524950819672 0.618769918367347 0.5385553040983606 0.6237447434402332 0.5408407491803279 0.6318046413994169 0.5552494475409836 0.6342880685131196 0.5590900647540984 0.6256265233236151 0.5568905344262295 0.6204820772594752
0 0.3380166409836065 0.10096085422740525 0.3454366475409836 0.1025712390670554 0.3505299942622951 0.08082408600583091 0.33858031229508195 0.07839154518950438 0.3403038286885246 0.09518083673469388 0.3380166409836065 0.10096085422740525
0 0.8913178959016393 0.9610183411078718 0.8840267614754098 0.9637811341107871 0.8805745016393443 0.9717222973760933 0.8807463303278688 0.9775532011661807 0.8866129065573771 0.9820451137026239 0.892092868032787 0.9734174927113703 0.8913178959016393 0.9610183411078718
0 0.5649926278688525 0.6869358250728863 0.5707732893442623 0.6885122857142857 0.5770729237704918 0.6799016268221574 0.5755641934426229 0.6704009650145772 0.565554556557377 0.6782064314868805 0.5649926278688525 0.6869358250728863
0 0.5378987475409837 0.6987582623906705 0.5330236721311475 0.7001142142857143 0.5288376540983606 0.7109538673469388 0.5293978401639344 0.716064389212828 0.534747187704918 0.7169035072886297 0.5410038647540983 0.7068351224489796 0.5378987475409837 0.6987582623906705
0 0.4668397868852459 0.7475486545189505 0.47602800901639347 0.7535661428571429 0.4807742131147541 0.7478370116618076 0.4813361426229508 0.7391076180758017 0.47339890655737704 0.7338444358600583 0.4668397868852459 0.7475486545189505
0 0.49065846393442625 0.7079785379008746 0.4822881713114754 0.7158179271137026 0.4890173770491803 0.721784529154519 0.4921671942622951 0.7174791997084549 0.49065846393442625 0.7079785379008746
0 0.632655094262295 0.20320930174927113 0.6339937385245902 0.19303914431486882 0.6294228483606558 0.17691934839650147 0.6246783868852459 0.16880856268221575 0.6206229836065573 0.1701814781341108 0.6208360270491803 0.19131002332361516 0.6247608163934426 0.19940384548104953 0.632655094262295 0.20320930174927113
0 0.5942646040983607 0.16526551020408164 0.603755268852459 0.16764716472303207 0.603799968852459 0.1552649752186589 0.5971566778688525 0.15221382653061225 0.5919791590163934 0.15720561224489796 0.5942646040983607 0.16526551020408164
0 0.9920487786885246 0.6404134577259475 0.9816525270491803 0.6350993892128279 0.9783720959016393 0.6488714562682215 0.9831595139344261 0.6584399664723032 0.9893285336065573 0.6592960451895044 0.9932550655737704 0.6535499533527697 0.9920487786885246 0.6404134577259475
0 0.7882395303278689 0.3958177536443149 0.7949257786885245 0.4003266282798834 0.800534612295082 0.3960721851311953 0.8003198262295081 0.388783555393586 0.7898806172131148 0.38201176239067053 0.7882395303278689 0.3958177536443149
0 0.7886174311475409 0.4781368644314869 0.7867615581967213 0.48465422448979595 0.7952160229508196 0.4935702026239067 0.7990136827868852 0.48345093148688045 0.7886174311475409 0.4781368644314869
0 0.5805832147540984 0.8963145626822158 0.5748455098360655 0.8961958279883382 0.5706594918032787 0.9070354810495628 0.5754898680327869 0.9180617172011662 0.5783372418032786 0.917392221574344 0.5836883319672131 0.9043914227405248 0.5805832147540984 0.8963145626822158
0 0.5400860786885247 0.8007821166180759 0.5462550983606558 0.801638195335277 0.5501816303278688 0.7958921020408164 0.5478961852459017 0.7878322040816327 0.5385773491803278 0.7912814548104956 0.5400860786885247 0.8007821166180759
0 0.5317552581967213 0.8377590626822158 0.5375788770491803 0.8407932492711371 0.5429729245901639 0.8292501778425656 0.5415930663934426 0.824122693877551 0.535898318852459 0.8254616836734694 0.5317552581967213 0.8377590626822158