0 0.6222826086956522 0.07678571428571429 0.5122282608695652 0.03571428571428571 0.46603260869565216 0.039285714285714285 0.46195652173913043 0.06964285714285715 0.5027173913043478 0.09464285714285714 0.5108695652173914 0.1732142857142857 0.5271739130434783 0.18392857142857144 0.5529891304347826 0.08928571428571429 0.6222826086956522 0.07678571428571429
0 0.36141304347826086 0.42678571428571427 0.3423913043478261 0.4125 0.3328804347826087 0.37857142857142856 0.3138586956521739 0.375 0.2907608695652174 0.3982142857142857 0.28532608695652173 0.4375 0.3070652173913043 0.5053571428571428 0.3070652173913043 0.6446428571428572 0.32608695652173914 0.6553571428571429 0.328804347826087 0.49107142857142855 0.36141304347826086 0.42678571428571427
0 0.8491847826086957 0.7178571428571429 0.873641304347826 0.75 0.8953804347826086 0.7107142857142857 0.938858695652174 0.7285714285714285 0.9769021739130435 0.675 0.782608695652174 0.6803571428571429 0.8070652173913043 0.7232142857142857 0.8152173913043478 0.8839285714285714 0.8315217391304348 0.8946428571428572 0.8342391304347826 0.7303571428571428 0.8491847826086957 0.7178571428571429
0 0.6725543478260869 0.6571428571428571 0.6915760869565217 0.625 0.751358695652174 0.6357142857142857 0.7622282608695652 0.6178571428571429 0.8682065217391305 0.6214285714285714 0.8804347826086957 0.5946428571428571 0.8464673913043478 0.6071428571428571 0.6073369565217391 0.5642857142857143 0.595108695652174 0.5875 0.6277173913043478 0.6339285714285714 0.6358695652173914 0.7446428571428572 0.6440217391304348 0.7482142857142857 0.6521739130434783 0.6553571428571429 0.6725543478260869 0.6571428571428571
0 0.5407608695652174 0.4982142857142857 0.5584239130434783 0.48214285714285715 0.5815217391304348 0.49107142857142855 0.59375 0.5392857142857143 0.6086956521739131 0.46964285714285714 0.5557065217391305 0.46785714285714286 0.5122282608695652 0.42142857142857143 0.47146739130434784 0.4107142857142857 0.4701086956521739 0.44821428571428573 0.5054347826086957 0.5517857142857143 0.5054347826086957 0.8482142857142857 0.5190217391304348 0.8517857142857143 0.5217391304347826 0.5482142857142858 0.5407608695652174 0.4982142857142857
0 0.9592391304347826 0.4232142857142857 0.9565217391304348 0.4017857142857143 0.8464673913043478 0.375 0.8192934782608695 0.40714285714285714 0.8002717391304348 0.4107142857142857 0.7989130434782609 0.42678571428571427 0.8274456521739131 0.45 0.8383152173913043 0.4357142857142857 0.8519021739130435 0.44285714285714284 0.873641304347826 0.5071428571428571 0.8872282608695652 0.4785714285714286 0.9157608695652174 0.5017857142857143 0.9184782608695652 0.5982142857142857 0.9347826086956522 0.6053571428571428 0.9375 0.49107142857142855 0.9592391304347826 0.4232142857142857
0 0.4375 0.2517857142857143 0.47554347826086957 0.20535714285714285 0.48097826086956524 0.1767857142857143 0.452445652173913 0.16071428571428573 0.4279891304347826 0.125 0.40896739130434784 0.125 0.35190217391304346 0.16785714285714284 0.358695652173913 0.14107142857142857 0.34646739130434784 0.12857142857142856 0.31521739130434784 0.16964285714285715 0.3179347826086957 0.22321428571428573 0.33016304347826086 0.2357142857142857 0.33967391304347827 0.22678571428571428 0.34646739130434784 0.17142857142857143 0.37771739130434784 0.2125 0.3967391304347826 0.2875 0.40217391304347827 0.44107142857142856 0.4116847826086957 0.4642857142857143 0.42934782608695654 0.4660714285714286 0.42934782608695654 0.28035714285714286 0.4375 0.2517857142857143
0 0.8845108695652174 0.10357142857142858 0.8899456521739131 0.12142857142857143 0.9021739130434783 0.1125 0.8967391304347826 0.06964285714285715 0.8817934782608695 0.07857142857142857 0.8057065217391305 0.04285714285714286 0.7758152173913043 0.05714285714285714 0.7323369565217391 0.039285714285714285 0.7105978260869565 0.06428571428571428 0.6426630434782609 0.04285714285714286 0.6358695652173914 0.05892857142857143 0.6535326086956522 0.11428571428571428 0.6657608695652174 0.07321428571428572 0.6807065217391305 0.06785714285714285 0.7133152173913043 0.08214285714285714 0.7364130434782609 0.11607142857142858 0.7418478260869565 0.2017857142857143 0.751358695652174 0.21071428571428572 0.7663043478260869 0.2017857142857143 0.7785326086956522 0.12142857142857143 0.8057065217391305 0.11428571428571428 0.8288043478260869 0.13035714285714287 0.8396739130434783 0.16607142857142856 0.842391304347826 0.33035714285714285 0.8614130434782609 0.34464285714285714 0.875 0.13392857142857142 0.8845108695652174 0.10357142857142858
0 0.6793478260869565 0.4125 0.7038043478260869 0.35535714285714287 0.7241847826086957 0.33214285714285713 0.751358695652174 0.33214285714285713 0.7839673913043478 0.36428571428571427 0.8152173913043478 0.31607142857142856 0.8057065217391305 0.29642857142857143 0.7567934782608695 0.30714285714285716 0.5828804347826086 0.28214285714285714 0.5081521739130435 0.3125 0.5176630434782609 0.32857142857142857 0.5557065217391305 0.33214285714285713 0.6046195652173914 0.40714285714285714 0.6413043478260869 0.4160714285714286 0.6413043478260869 0.5089285714285714 0.6630434782608695 0.5196428571428572 0.6739130434782609 0.5017857142857143 0.6793478260869565 0.4125
0 0.45652173913043476 0.7125 0.45516304347826086 0.675 0.4361413043478261 0.6678571428571428 0.3328804347826087 0.6964285714285714 0.2269021739130435 0.6785714285714286 0.20380434782608695 0.6982142857142857 0.2105978260869565 0.8392857142857143 0.22282608695652173 0.8303571428571429 0.23505434782608695 0.7392857142857143 0.27853260869565216 0.7107142857142857 0.29483695652173914 0.7142857142857143 0.3029891304347826 0.7428571428571429 0.3220108695652174 0.7178571428571429 0.3383152173913043 0.7178571428571429 0.3695652173913043 0.7553571428571428 0.37228260869565216 0.8839285714285714 0.38858695652173914 0.8910714285714286 0.40217391304347827 0.7910714285714285 0.45652173913043476 0.7125
0 0.17391304347826086 0.5267857142857143 0.20652173913043478 0.3982142857142857 0.17255434782608695 0.37142857142857144 0.15896739130434784 0.3964285714285714 0.09918478260869565 0.3964285714285714 0.08288043478260869 0.36428571428571427 0.07201086956521739 0.36428571428571427 0.06793478260869565 0.39107142857142857 0.05298913043478261 0.3964285714285714 0.017663043478260868 0.3678571428571429 0.010869565217391304 0.39107142857142857 0.020380434782608696 0.4107142857142857 0.05298913043478261 0.4 0.08288043478260869 0.4142857142857143 0.13858695652173914 0.5160714285714286 0.14945652173913043 0.5803571428571429 0.14673913043478262 0.6982142857142857 0.16304347826086957 0.7125 0.17119565217391305 0.6982142857142857 0.17391304347826086 0.5267857142857143
0 0.11684782608695653 0.6982142857142857 0.10461956521739131 0.6714285714285714 0.07744565217391304 0.6607142857142857 0.04891304347826087 0.6839285714285714 0.04619565217391304 0.7232142857142857 0.0625 0.7732142857142857 0.0625 0.8696428571428572 0.08423913043478261 0.8839285714285714 0.10597826086956522 0.8589285714285714 0.11684782608695653 0.6982142857142857
0 0.2595108695652174 0.05714285714285714 0.3070652173913043 0.044642857142857144 0.050271739130434784 0.04285714285714286 0.050271739130434784 0.24285714285714285 0.059782608695652176 0.2375 0.0625 0.11607142857142858 0.09646739130434782 0.06785714285714285 0.125 0.06607142857142857 0.13451086956521738 0.12142857142857143 0.1453804347826087 0.06785714285714285 0.1644021739130435 0.06785714285714285 0.18206521739130435 0.0875 0.19293478260869565 0.12678571428571428 0.1875 0.34464285714285714 0.20108695652173914 0.3517857142857143 0.21195652173913043 0.13035714285714287 0.2595108695652174 0.05714285714285714
0 0.2269021739130435 0.4107142857142857 0.24456521739130435 0.4660714285714286 0.25815217391304346 0.46964285714285714 0.2608695652173913 0.4160714285714286 0.2269021739130435 0.4107142857142857
0 0.3220108695652174 0.06428571428571428 0.31521739130434784 0.0875 0.33152173913043476 0.09464285714285714 0.33967391304347827 0.08035714285714286 0.3220108695652174 0.06428571428571428
0 0.3383152173913043 0.039285714285714285 0.3342391304347826 0.05892857142857143 0.35054347826086957 0.06607142857142857 0.35597826086956524 0.048214285714285716 0.3383152173913043 0.039285714285714285
0 0.40217391304347827 0.08035714285714286 0.41304347826086957 0.08392857142857142 0.40625 0.06785714285714285 0.40217391304347827 0.08035714285714286
0 0.021739130434782608 0.048214285714285716 0.035326086956521736 0.05892857142857143 0.03125 0.04285714285714286 0.021739130434782608 0.048214285714285716
0 0.9904891304347826 0.05714285714285714 0.9619565217391305 0.07321428571428572 0.9755434782608695 0.09107142857142857 0.9945652173913043 0.08392857142857142 0.9904891304347826 0.05714285714285714