0 0 0.8849742418655098 0.0033200529595015576 0.8849984989154013 0.05034656386292835 0.9031527928416485 0.06199256230529595 0.9317017180043384 0.07430232398753894 0.9422783340563992 0.07540859034267913 0.9543544164859001 0.10976328816199377 0.9640933665943601 0.12975659657320873 0.9614929338394794 0.15606570249221183 0.9445402711496746 0.1682748956386293 0.9463772548806941 0.20846265732087227 0.9166257180043385 0.20804026479750778 0.9051372245119306 0.17223735825545172 0.9040433611713665 0.1557841137071651 0.89485134164859 0.1500315140186916 0.8824916279826465 0.15821791277258568 0.870982805856833 0.1939604781931464 0.8584269013015184 0.281355785046729 0.8037190889370933 0.2973866370716511 0.801422614967462 0.3227906121495327 0.7898731323210412 0.3467463769470405 0.7869687396963124 0.3681878956386293 0.7757232180043384 0.3457004563862928 0.746512489154013 0.3106216542056075 0.7410960824295011 0.2994986183800623 0.7327752830802604 0.283648792834891 0.7339911203904556 0.266712808411215 0.7416907754880694 0.27596524454828664 0.7471681691973969 0.260256214953271 0.7522135054229935 0.24466787383177568 0.7425284392624729 0.2220798598130841 0.7466080119305857 0.11416828193146417 0.7836881334056399 0.06955544392523365 0.8071652700650759 0.024479984423676014 0.8240640477223428 0 0.8389503177874187 0 0.8849742418655098
0 0.15475830373831775 0.8729549913232104 0.14930740965732087 0.8868141735357917 0.16039021806853582 0.9000451062906725 0.17000470560747663 0.9033612277657267 0.20977006853582553 0.9041511312364425 0.21695076635514016 0.8893058568329718 0.22688707788161994 0.89537084164859 0.24082607476635515 0.8962217321041214 0.3364681168224299 0.8436548622559653 0.33892202492211837 0.8383462245119306 0.3284225249221184 0.8169632494577006 0.3116876853582555 0.8001122331887202 0.2740745186915888 0.8098247321041215 0.19377945327102802 0.8595075379609545 0.15475830373831775 0.8729549913232104
0 0.3127336137071651 0.7985385509761388 0.338741 0.8394268611713666 0.39397402492211836 0.822602298264642 0.4159586214953271 0.8081148676789588 0.4168637523364486 0.8027116876355749 0.38936792834890965 0.7753785997830803 0.3127336137071651 0.7985385509761388
0 0.5509637601246106 0.6793494381778742 0.5369845342679128 0.6834086822125813 0.5140545794392523 0.7082094273318873 0.5108765669781932 0.7178406084598699 0.5173733816199376 0.7444376767895878 0.4388081261682243 0.7511044566160521 0.41927743769470405 0.7602832505422994 0.4548590887850468 0.7673678828633406 0.5176951978193146 0.7892164728850326 0.5225627850467289 0.7835093329718005 0.5395993364485981 0.7845493101952278 0.5640981806853582 0.7784030086767897 0.5721035514018692 0.7679748221258134 0.5861431168224299 0.7775653438177874 0.5980304859813084 0.7766534663774403 0.5731293691588785 0.7478412386117137 0.5723851526479751 0.7336038839479393 0.5606184704049845 0.7197853611713666 0.5616845155763239 0.6947416442516269 0.5509637601246106 0.6793494381778742
0 0.45932439563862926 0.7687321485900217 0.42442661993769476 0.7622351062906724 0.42020268068535827 0.7734399696312365 0.4437360451713395 0.8010770173535793 0.4804038535825545 0.8016778329718005 0.5109167819314642 0.7969903405639913 0.5171521199376947 0.7924583806941431 0.45932439563862926 0.7687321485900217
0 0.2534979034267913 0.8205772082429501 0.19723906074766354 0.857535352494577 0.15457727881619937 0.8740356268980478 0.1504941355140187 0.8890699880694143 0.16553940031152647 0.9019969620390456 0.22234131308411215 0.9038268427331887 0.2186001121495327 0.8981400325379609 0.24583445950155766 0.8943440889370933 0.33596526635514024 0.8419866355748373 0.39898240965732085 0.8207246550976138 0.41668272429906544 0.8037923232104122 0.39843933800623055 0.7819366301518438 0.38800017601246106 0.7742034197396963 0.38162404205607475 0.7749058828633405 0.2923782523364486 0.8033002570498915 0.2534979034267913 0.8205772082429501
0 0.2821804719626168 0.7240763101952278 0.2949729719626168 0.7177612505422994 0.29000482398753896 0.6726988242950108 0.2781979112149533 0.6637904360086767 0.1942018800623053 0.660846363340564 0.19106409501557634 0.6655674110629067 0.21417507165109034 0.6817159631236442 0.243058761682243 0.6867541963123645 0.26033668068535826 0.7003633036876356 0.26254921495327105 0.7245154707158351 0.2821804719626168 0.7240763101952278
0 0.17927134267912773 0.6684642928416485 0.2580214361370717 0.7213199078091106 0.30520129906542054 0.7198321117136659 0.34361428193146415 0.6959677787418654 0.3319130327102804 0.6537573893709328 0.36062506230529595 0.6060501301518438 0.2830475046728972 0.6092772570498916 0.2816356152647975 0.6550560976138828 0.17927134267912773 0.6684642928416485
0 0.41401077881619935 0.5932481095444685 0.43459427570093456 0.5614396030368765 0.34346546417445484 0.547444557483731 0.3354977788161994 0.5950076735357918 0.41401077881619935 0.5932481095444685
0 0.5641909252336449 0.6679365368763558 0.597718746105919 0.615064819956616 0.4476787710280373 0.5603584468546637 0.343103230529595 0.5496069099783081 0.3358600124610592 0.592845319956616 0.42257605919003116 0.5981388047722342 0.5641909252336449 0.6679365368763558
0 0.6790321448598131 0.5613765509761389 0.6249732180685358 0.5457689088937093 0.6067142554517134 0.5635142885032538 0.6544550358255451 0.5773487136659436 0.6790321448598131 0.5613765509761389
0 0.28465807632398754 0.5809829869848157 0.2360188831775701 0.5793391681127983 0.23896501557632396 0.610955219088937 0.28650711214953273 0.6073050704989155 0.3320381728971963 0.5969798579175705 0.330552738317757 0.5684965965292842 0.28465807632398754 0.5809829869848157
0 0.43118130218068534 0.6401602017353579 0.33722030685358256 0.6781061127982646 0.3702024267912773 0.6866706811279827 0.4392238956386293 0.6668603655097614 0.4485734875389408 0.6414402266811279 0.43118130218068534 0.6401602017353579
0 0.23812877414330216 0.5038861344902386 0.2124352476635514 0.46327243926247286 0.18089509813084112 0.4719997830802603 0.20627158566978193 0.525966194143167 0.23812877414330216 0.5038861344902386
0 0.1509476682242991 0.7628321106290672 0.1733134890965732 0.7201598611713665 0.1250484937694704 0.7306751648590022 0.1077898753894081 0.7776700347071583 0.1509476682242991 0.7628321106290672