0 0.6545713280423281 0.5607897962962962 0.6522178068783069 0.5274615407407407 0.7604317328042328 0.46918662962962965 0.8771954947089947 0.43841588518518515 0.880233380952381 0.4252932740740741 0.8413659126984127 0.4175978037037037 0.6484158201058201 0.4923355925925926 0.6759978783068783 0.4150743518518519 0.7519431084656084 0.3302650185185185 0.7423268571428572 0.325087437037037 0.6853730343915344 0.37940964814814815 0.6233894523809523 0.4747896444444445 0.6143166111111111 0.4398791962962963 0.6386196851851852 0.3348982851851852 0.6315183148148148 0.30919180740740737 0.6415982380952381 0.18993709629629632 0.6310565264550264 0.1903680962962963 0.6246784417989418 0.28718847407407405 0.5849652513227513 0.37980102222222223 0.5835575978835978 0.303725037037037 0.5964936428571428 0.262344 0.5907201851851852 0.2180140777777778 0.5782070026455027 0.20924110740740742 0.5709238624338625 0.27453092222222225 0.5345304656084656 0.32058485185185187 0.5177720291005291 0.3639790851851852 0.458626044973545 0.3311158925925926 0.49125638359788365 0.418913737037037 0.48083521957671954 0.4397658777777778 0.4405192857142857 0.43027271851851856 0.4293136137566137 0.44001544444444446 0.5504821058201058 0.546476362962963 0.5311086455026456 0.5528392 0.5142500661375662 0.5386731444444444 0.4624465555555556 0.5723587111111111 0.5611443677248678 0.5664665037037037 0.5132837962962963 0.6185600185185185 0.5679842407407407 0.588469837037037 0.5760110740740741 0.6085677296296297 0.5553096957671957 0.6335540185185186 0.5779825423280422 0.6177717037037037 0.5960280873015873 0.6300323185185185 0.6019424973544973 0.657644237037037 0.6167090555555556 0.642185174074074 0.6520156375661376 0.6555969814814815 0.6788725185185185 0.6990649 0.6779674656084657 0.6675343407407408 0.6870607142857144 0.6653056444444444 0.7205163703703704 0.6899346148148148 0.7662033042328041 0.7567725666666667 0.7735865846560847 0.7490430370370371 0.7401513333333333 0.6872749185185185 0.6848481455026455 0.6152593851851852 0.7036986005291005 0.6014902666666667 0.7745936693121693 0.5948778703703704 0.7797439761904762 0.5742412296296296 0.6762983095238095 0.5877552148148147 0.6723553703703704 0.5693472666666667 0.6545713280423281 0.5607897962962962
0 0.44671371957671957 0.6677046481481482 0.4494901031746032 0.6508788925925926 0.4324905687830688 0.6534308407407406 0.42971418518518517 0.6702565962962963 0.44671371957671957 0.6677046481481482
0 0.1615625634920635 0.9151914222222223 0.17592666666666668 0.9127472259259259 0.17870305026455024 0.8959214703703704 0.1615625634920635 0.9151914222222223
0 0.3938233888888889 0.7608559481481482 0.40436510317460317 0.7604249481481482 0.4013476216931217 0.7364084148148149 0.3938233888888889 0.7608559481481482
0 0.2957283148148148 0.8688538703703703 0.3110178835978836 0.8608010888888888 0.3085234074074074 0.8441908333333333 0.2957283148148148 0.8688538703703703
0 0.19238279365079367 0.9399281444444444 0.21215870634920636 0.9205504407407408 0.20254245502645501 0.9153728592592592 0.19238279365079367 0.9399281444444444
0 0.2736805 0.7063467296296296 0.29583034126984126 0.6831581407407408 0.28120473544973545 0.6818991962962964 0.2736805 0.7063467296296296
0 0.24977987830687828 0.7983127777777779 0.25255626190476194 0.7814870222222222 0.2355567275132275 0.7840389740740741 0.22803249206349205 0.8084865074074075 0.24977987830687828 0.7983127777777779
0 0.22833480687830687 0.7379113555555555 0.22004646825396826 0.7141103259259259 0.20620537037037034 0.7239607962962963 0.20513895502645502 0.7462873851851851 0.22833480687830687 0.7379113555555555
0 0.2204878544973545 0.8700731851851852 0.2253766613756614 0.8457334 0.20600320105820105 0.852096237037037 0.1961050396825397 0.8803546592592593 0.2204878544973545 0.8700731851851852
0 0.3271123597883598 0.8267185814814815 0.31196374603174604 0.8180533592592593 0.3060289312169312 0.8275805814814815 0.3239335211640212 0.8565591962962963 0.34107400793650794 0.8372892444444444 0.3238129708994709 0.8361380518518519 0.3271123597883598 0.8267185814814815
0 0.22768937037037038 0.9533399444444445 0.2688306216931217 0.8996642407407407 0.24893415608465608 0.8986207962962963 0.22768937037037038 0.9533399444444445
0 0.3461241719576719 0.7590923148148149 0.33556205555555557 0.7966624592592593 0.3503286164021164 0.7812034037037037 0.3603881375661376 0.6990878296296297 0.38253797883597884 0.6758992407407407 0.37978199999999995 0.6555858481481482 0.3560427380952381 0.6936947481481481 0.33640777777777775 0.6963544444444445 0.3332289417989418 0.7261950592592592 0.3442936587301587 0.7331703407407407 0.3461241719576719 0.7590923148148149
0 0.20421537830687833 0.5086399555555555 0.19671154761904763 0.4959483444444445 0.18761829894179896 0.49817704074074076 0.1912997380952381 0.5128818481481481 0.20421537830687833 0.5086399555555555
0 0.1698935925925926 0.6214581481481481 0.18518315873015873 0.6134053666666667 0.17556690476190476 0.6082277814814815 0.1698935925925926 0.6214581481481481
0 0.16331522222222222 0.6031579481481482 0.17544635714285717 0.5878066407407407 0.14961507671957672 0.5962904222222222 0.16331522222222222 0.6031579481481482
0 0.272957208994709 0.5838198777777778 0.246220873015873 0.5607730962962963 0.23501520105820106 0.5705158222222223 0.24394708994708997 0.622144274074074 0.27174983862433866 0.6228644666666666 0.2740032195767196 0.598632437037037 0.272957208994709 0.5838198777777778
0 0.17777947354497356 0.6582740407407408 0.19807839153439152 0.6463026185185186 0.1884621402116402 0.6411250333333334 0.17777947354497356 0.6582740407407408
0 0.12601865343915344 0.3744253 0.1218346164021164 0.31517507037037035 0.11117235185185184 0.29518492962962967 0.104573582010582 0.31402387777777774 0.08007021693121694 0.3038842148148148 0.06912604761904763 0.3173300777777778 0.07516100529100529 0.3653631407407408 0.10044887566137567 0.3866122259259259 0.12601865343915344 0.3744253
0 0.13263783333333334 0.3184472111111111 0.1740201798941799 0.30561378518518517 0.14438691534391535 0.27897161851851854 0.13263783333333334 0.3184472111111111
0 0.11463310052910052 0.23190830370370372 0.12426975661375661 0.19994674444444446 0.09304707407407407 0.18822488518518518 0.09473663492063493 0.23086486296296296 0.11463310052910052 0.23190830370370372
0 0.7907716481481482 0.16898276666666665 0.785641746031746 0.15248026296296296 0.7720621481481482 0.16603387777777778 0.7757435846560846 0.18073868518518518 0.7907716481481482 0.16898276666666665
0 0.9260631507936508 0.2321572037037037 0.9312134603174603 0.21152055925925925 0.9165878492063493 0.21026161481481484 0.9061666851851852 0.23111376296296296 0.9260631507936508 0.2321572037037037
0 0.5847260396825397 0.09570272222222223 0.5788116296296296 0.0680908 0.567344455026455 0.0741303851851852 0.5741843253968254 0.09613372592592592 0.5847260396825397 0.09570272222222223
0 0.5571643862433863 0.13582481851851852 0.5546495052910053 0.15635371111111113 0.5654527195767196 0.15962584814814815 0.5733386005291006 0.19644174074074075 0.5838803148148148 0.19601074074074074 0.5828343042328042 0.18119818148148148 0.5571643862433863 0.13582481851851852
0 0.8620060714285714 0.5040289518518518 0.8981175634920636 0.49141103333333336 0.8563531640211641 0.4801201703703703 0.8620060714285714 0.5040289518518518
0 0.8488289285714286 0.5045677037037037 0.825251029100529 0.4888194555555556 0.7982327830687831 0.4992086814814815 0.8206237222222222 0.5168623777777778 0.8488289285714286 0.5045677037037037
0 0.48051438359788357 0.3042241592592593 0.49053309259259253 0.29638688148148146 0.48091684126984124 0.29120929999999995 0.48051438359788357 0.3042241592592593
0 0.3957151190476191 0.6753604888888889 0.4103407275132275 0.6766194333333334 0.41838796560846564 0.6595781777777777 0.3957151190476191 0.6753604888888889
0 0.5071264047619047 0.7933618296296296 0.5147711904761905 0.789335437037037 0.5099027857142857 0.7765360740740741 0.5071264047619047 0.7933618296296296
0 0.5016858703703704 0.6227480333333333 0.49060454761904765 0.6061806111111111 0.4819201560846561 0.6235561629629629 0.5016858703703704 0.6227480333333333
0 0.5025925185185185 0.5731944555555556 0.5074028544973546 0.6101360925925926 0.5162011322751323 0.5850162629629629 0.5112673544973545 0.5712911148148149 0.5025925185185185 0.5731944555555556