0 0.03231258637873754 0.683407695 0.012910235880398671 0.6677624975 0.014949794019933555 0.7732556125000001 0.02120721594684385 0.7732744325 0.03231258637873754 0.683407695
0 0.09291760797342193 0.73687812 0.08247577242524917 0.7835683324999999 0.10104917275747508 0.7966627825 0.15645144518272425 0.8065138675 0.16428757973421926 0.7539579000000001 0.14050104817275746 0.7355095075 0.09291760797342193 0.73687812
0 0.23273911627906976 0.7166069625 0.22423944352159467 0.8123394525000001 0.27246911794019935 0.8315699775000001 0.2959342607973422 0.8333412325 0.3041090863787375 0.7336867425 0.25718399169435213 0.7110115275 0.23273911627906976 0.7166069625
0 0.06525540531561462 0.5884573375 0.0567851511627907 0.5757712025 0.04700685382059801 0.5792848899999999 0.03361370764119601 0.6927181400000001 0.04632255149501661 0.6989922075 0.0662091827242525 0.67675414 0.07762555980066445 0.641829935 0.08448369102990033 0.5902630950000001 0.08090344850498339 0.5726313325 0.0743857392026578 0.57072208 0.06525540531561462 0.5884573375
0 0.4328096495016611 0.8606804175 0.44000820265780727 0.7556374825000001 0.37026765780730897 0.739035015 0.3647002641196013 0.838177695 0.41912107142857147 0.8617730374999999 0.4328096495016611 0.8606804175
0 0.5886109684385382 0.80299499 0.537122438538206 0.7828098375 0.5218027043189368 0.789802715 0.5149359202657807 0.8732573825 0.5788084468438538 0.8957946025 0.5886109684385382 0.80299499
0 0.6916087956810631 0.7668345 0.6703864368770764 0.9073134500000001 0.7120984003322259 0.9246347199999999 0.7424078338870431 0.9258596699999999 0.7584136013289037 0.7927819100000001 0.7105053122923588 0.79022852 0.6916087956810631 0.7668345
0 0.4940609019933555 0.934749975 0.4927203970099668 0.9751207975 0.5760504036544851 0.9707413250000001 0.577490023255814 0.9502598225 0.4940609019933555 0.934749975
0 0.42531656644518273 0.959259 0.4275792142857143 0.9191021349999999 0.35555608803986716 0.9069334824999999 0.355327242524917 0.9387568125 0.42531656644518273 0.959259
0 0.29254289867109634 0.9203652 0.2926598338870432 0.8897847025 0.22063670598006643 0.87761605 0.2183383853820598 0.898628245 0.29254289867109634 0.9203652
0 0.17044929568106312 0.8667413424999999 0.07887303488372092 0.84884493 0.07803017109634551 0.85752733 0.16821117441860464 0.8839443275000001 0.17142383720930232 0.87850735 0.17044929568106312 0.8667413424999999
0 0.804327815614618 0.9376200075 0.8622230099667775 0.9557013075 0.872379719269103 0.9551675125 0.8763509418604651 0.94978866 0.8809386029900331 0.8580126699999999 0.8147834933554817 0.839909265 0.804327815614618 0.9376200075
0 0.9557852325581395 0.9507840725 0.9641923803986711 0.8875700525000001 0.9633862607973422 0.887266775 0.9444810930232559 0.895760585 0.9385145963455149 0.951691745 0.9557852325581395 0.9507840725
0 0.9448180531561462 0.855039625 0.9174460897009967 0.83809217 0.9102700332225914 0.8602267425 0.9099296112956812 0.9137028375 0.9353472990033223 0.9262509775 0.9448180531561462 0.855039625
0 0.9181113588039866 0.7885380775 0.898563418604651 0.7636776224999999 0.8841957292358804 0.865344865 0.8871262757475084 0.87513262 0.9043985564784054 0.8789166275 0.9181113588039866 0.7885380775
0 0.5577141395348838 0.564333655 0.5593349152823921 0.5966988 0.5707374468438537 0.6127951275 0.5834497524916944 0.6063140625 0.5896478056478406 0.585168615 0.5792232774086379 0.568083165 0.5577141395348838 0.564333655
0 0.324111657807309 0.2841517375 0.47658317441860465 0.48699190000000003 0.5544552840531561 0.56337903 0.5593349152823921 0.5966988 0.5759523073089702 0.6117715025 0.5886680730897009 0.592535305 0.5863906827242524 0.57783642 0.46585456146179405 0.3894536525 0.34498494518272427 0.2290367125 0.3117345830564784 0.2562894075 0.324111657807309 0.2841517375