0 0.9156541443719413 0.20373124057971015 0.93472882137031 0.18464757681159422 0.9395966133768352 0.16363349855072465 0.9333446468189234 0.15953890144927535 0.8827457389885808 0.1507914115942029 0.8789665774877651 0.15739213043478262 0.8728468091353998 0.1569766188405797 0.869899694127243 0.16884924927536232 0.8579012185970637 0.1702559768115942 0.8685700024469821 0.18102486086956524 0.8689899323001631 0.19718253913043476 0.8757240220228385 0.2057526347826087 0.8845187985318108 0.23590381014492753 0.8934146264274063 0.23757020579710145 0.9156541443719413 0.20373124057971015
0 0.422176924959217 0.2274988884057971 0.4246185823817292 0.20603033768115941 0.4163759331158238 0.19571592463768117 0.41910532137031 0.18672596666666666 0.4237165301794453 0.18539716086956523 0.42880204812398043 0.1615004086956522 0.4283821182707993 0.14534273188405797 0.42248007667210435 0.14204454782608697 0.4217568923327895 0.1353313 0.42496840375203915 0.13081684057971016 0.43100264437194125 0.13779410869565217 0.4351939233278956 0.12030762463768115 0.4081565163132137 0.11451202463768115 0.4024721998368679 0.10833116956521739 0.3990196264274062 0.11060787971014492 0.39337427161500815 0.16363433333333333 0.3730709526916803 0.16640882753623187 0.370979220228385 0.1886737913043478 0.37436960032626426 0.1980792608695652 0.37517060195758567 0.24719721739130435 0.401422632137031 0.2579617492753623 0.4060105057096248 0.25151252173913047 0.4102951247960848 0.2545077231884058 0.41262791924959213 0.23448050869565218 0.422176924959217 0.2274988884057971
0 0.7445807487765089 0.32955190289855074 0.7578933947797717 0.33789258695652175 0.7762215522022838 0.3069752536231884 0.7763926076672104 0.2938517391304348 0.7858094159869494 0.283191031884058 0.8111127243066885 0.26308154347826085 0.8301485432300163 0.26080048260869565 0.8415326982055465 0.2512391695652174 0.851618207177814 0.21000742463768116 0.8613849388254486 0.20014313188405797 0.8530334265905383 0.19127005652173912 0.8574657667210441 0.17602132173913043 0.8520847039151713 0.16039603623188406 0.8537876549755301 0.15413725942028986 0.8225511566068515 0.1387847 0.6677373156606852 0.10905359565217392 0.6618586076672105 0.1108758347826087 0.6592380823817292 0.11842445652173912 0.6736471704730832 0.1393952231884058 0.6861589168026101 0.17462785942028985 0.6917888531810767 0.2195343376811594 0.7032274910277325 0.24725731304347828 0.713787411908646 0.25946753188405797 0.7181420375203915 0.27782399855072465 0.7294018075040783 0.2916270449275362 0.7445807487765089 0.32955190289855074
0 0.4694791011419249 0.4753523246376812 0.45933910929853183 0.47929978260869566 0.44721624877650895 0.504070868115942 0.4382427055464927 0.5360096739130434 0.43486795106035886 0.5806910927536232 0.4371230301794453 0.5942690797101449 0.4463065889070147 0.608414068115942 0.46064567210440455 0.6140235695652174 0.47065346574225125 0.6063970260869566 0.47052907993474713 0.629761384057971 0.45888063050570965 0.7079744347826087 0.4630408637846655 0.7343339956521738 0.513305370309951 0.7203620492753624 0.545731548939641 0.6928164695652174 0.5846740913539967 0.6767236565217392 0.5922557495921696 0.6686426405797101 0.5933443809135399 0.6542292797101449 0.5974734665579119 0.6484249753623188 0.6184999681892334 0.6523637289855072 0.6234377659053834 0.6467109144927536 0.6392231133768352 0.5897370028985508 0.6580100587275693 0.5581747463768116 0.6592075522022838 0.5423200507246376 0.6439897520391517 0.5211977927536232 0.6184997626427406 0.5003439086956522 0.5960735636215335 0.4932195014492754 0.5870222022838499 0.4827536 0.5776909225122349 0.486852547826087 0.5706069094616639 0.4774860391304348 0.5658246451876019 0.49193836086956527 0.5356845897226754 0.489215884057971 0.5304902088091353 0.5145539710144927 0.5116721150081567 0.5139523608695653 0.5048136411092985 0.5287466246376812 0.5007700823817292 0.5279891710144927 0.49607334665579117 0.5358797347826088 0.48359274796084833 0.532810963768116 0.48987575938009786 0.493059515942029 0.4839270464926591 0.4795204898550725 0.4694791011419249 0.4753523246376812
0 0.34490605791190865 0.19182918840579713 0.342192191680261 0.17889612463768118 0.3379309078303426 0.18102134347826085 0.3374954551386623 0.1867866884057971 0.34490605791190865 0.19182918840579713
0 0.3361579510603589 0.17191885507246377 0.33562915823817296 0.15720251449275363 0.3265156044045677 0.15841878985507246 0.3290117438825449 0.17423452608695653 0.3361579510603589 0.17191885507246377
0 0.4288489241435563 0.3237610724637681 0.41887998939641113 0.3145850144927536 0.4142921158238173 0.3210342420289855 0.4163061329526917 0.33237447971014494 0.4288489241435563 0.3237610724637681
0 0.39898097471451877 0.2794303 0.3952251484502447 0.2911514391304348 0.40641491353996734 0.28959322173913044 0.4097352871125612 0.2836374260869565 0.40877104159869493 0.2746864275362319 0.39898097471451877 0.2794303
0 0.3577754380097879 0.1788917724637681 0.35946286704730834 0.19455601739130435 0.37178793148450245 0.18882528260869566 0.3723322471451876 0.18161860144927536 0.36850641517128874 0.1779784768115942 0.3577754380097879 0.1788917724637681
0 0.35962621288743885 0.23039896811594204 0.34469614437194124 0.22175530434782606 0.3329153939641109 0.22027935942028987 0.33213001794453506 0.22524829130434784 0.34842092577487765 0.2538802086956522 0.3577988760195759 0.26002210289855077 0.35962621288743885 0.23039896811594204
0 0.41671824959216963 0.3214887144927536 0.4139188564437194 0.3151174072463768 0.4118659804241436 0.32057977101449275 0.41442431402936375 0.3247133275362319 0.41671824959216963 0.3214887144927536
0 0.42698262724306685 0.2941768971014493 0.4244009592169657 0.2849229188405797 0.4222625554649266 0.29694704057971016 0.42698262724306685 0.2941768971014493
0 0.4309640946166395 0.3826264391304348 0.4299998499184339 0.3736754420289855 0.4249298548123981 0.37564917101449274 0.4239267520391517 0.3835007739130435 0.4309640946166395 0.3826264391304348
0 0.4236312079934747 0.3439787376811594 0.4199142389885807 0.3388972768115942 0.41869341027732465 0.349631552173913 0.42433105628058726 0.34557156376811593 0.4348909771615008 0.357781784057971 0.43702938091353993 0.34575766376811595 0.4304741606851549 0.3511074971014493 0.4312128662316476 0.33589772318840583 0.4276280954323002 0.334495347826087 0.4236312079934747 0.3439787376811594
0 0.4170758841761827 0.27331866086956524 0.41181149755301794 0.283295484057971 0.39830446166394784 0.2829578942028986 0.39761242577487765 0.3084085115942029 0.39894211745513863 0.2962329 0.4030712030995106 0.29042859565217394 0.40873218433931485 0.29148902898550727 0.41170263458401307 0.28473682028985503 0.4127368849918434 0.3090490826086956 0.41597173083197386 0.3096550449275362 0.41917542985318107 0.27809714057971013 0.4170758841761827 0.27331866086956524
0 0.4401708866231647 0.3258819391304348 0.44007754649265907 0.3054002536231884 0.4431568597063621 0.2972067086956522 0.4406840538336052 0.28651139420289856 0.4355285309951061 0.2950468797101449 0.4286000497553018 0.2944798782608696 0.43533413947797717 0.30304997391304345 0.4349453580750408 0.31905616086956523 0.4334601329526917 0.3224322652173913 0.4318193743882545 0.31700886376811593 0.434198839314845 0.3072224913043478 0.4298053564437194 0.3056686260869565 0.42642278955954327 0.3233066 0.43442437765089725 0.33138326376811594 0.4401708866231647 0.3258819391304348