0 0.01850601832460733 0.2560421313868613 0.03150509162303665 0.26228227737226273 0.05545588219895288 0.24716210583941603 0.05914156282722513 0.19661396350364962 0.03475765445026178 0.1697640510948905 0.020311986910994763 0.16989691605839416 0.01850601832460733 0.2560421313868613
0 0.015610374345549738 0.3941652591240876 0.03900870418848167 0.4053975255474453 0.0713495 0.36585159489051094 0.06934024345549739 0.33643371532846716 0.05311773298429319 0.29606250364963504 0.017831638743455495 0.28821028102189783 0.015610374345549738 0.3941652591240876
0 0.06184450261780105 0.5687228175182482 0.05279277486910995 0.5620829489051095 0.05637816753926702 0.5789486240875913 0.06184450261780105 0.5687228175182482
0 0.20626308115183245 0.569211594890511 0.20298249214659686 0.5378066459854015 0.1751415052356021 0.5506004197080292 0.17872689790575916 0.567466091240876 0.20626308115183245 0.569211594890511
0 0.24798449214659685 0.4579872554744525 0.2314571780104712 0.43215531751824815 0.2051923272251309 0.4323968868613139 0.20038771465968586 0.47368832116788323 0.2169912329842932 0.49588543795620443 0.2314330890052356 0.4959343175182481 0.2474510837696335 0.4834309890510949 0.24798449214659685 0.4579872554744525
0 0.1296021596858639 0.4681613649635037 0.13514469633507853 0.45430074087591243 0.12347410732984294 0.4473215474452555 0.11920290314136125 0.4631692445255474 0.1296021596858639 0.4681613649635037
0 0.1840088664921466 0.2528845693430657 0.20025546596858637 0.22947678832116788 0.1757191544502618 0.20989651459854014 0.16343895287958116 0.23199587591240878 0.1840088664921466 0.2528845693430657
0 0.3340220942408377 0.299656901459854 0.306562112565445 0.29427657664233575 0.31365669633507853 0.3316427445255475 0.2912058403141361 0.33784552919708033 0.28947730104712044 0.35766737226277373 0.31528494502617804 0.3792347189781022 0.3142943272251309 0.4264873686131387 0.3299313167539267 0.4321581386861314 0.32065098691099475 0.4364227299270073 0.34661103403141363 0.45072043430656933 0.40437846335078537 0.45091594525547446 0.38238481937172775 0.43530981751824815 0.41014960471204187 0.42615086131386865 0.4124636649214659 0.4410294598540146 0.4284816570680628 0.42852613503649634 0.4260673089005236 0.48106135401459854 0.43384770157068064 0.48571414598540147 0.4604173586387435 0.47093329927007294 0.45690816492146596 0.45043280656934304 0.48736801832460735 0.43797835766423354 0.48401123036649213 0.41020822627737225 0.4473471204188481 0.40545767518248177 0.4424141963350785 0.3902397518248175 0.4317101335078534 0.3997869087591241 0.4337434764397906 0.3654257883211679 0.40666450261780107 0.34187137226277375 0.37231445287958115 0.3519994233576642 0.34104047643979063 0.3406578868613139 0.3271841387434555 0.3753094525547445 0.3266748167539267 0.33697418613138685 0.35309207068062826 0.3294629817518248 0.3387264136125655 0.3257792846715329 0.3340220942408377 0.299656901459854
0 0.36969164921465963 0.1639579233576642 0.3780054528795812 0.14316698175182482 0.36117333246073297 0.13187432481751823 0.35420706544502617 0.15101751824817516 0.36969164921465963 0.1639579233576642
0 0.5061012303664921 0.17069836131386862 0.5144150314136126 0.14990742335766424 0.4949640497382199 0.1382754379562044 0.490540445026178 0.16139277372262775 0.5061012303664921 0.17069836131386862
0 0.5358511858638744 0.25473628467153286 0.5493265157068062 0.23825881386861314 0.5274090680628272 0.21901786496350364 0.5229092617801048 0.24577002189781022 0.5358511858638744 0.25473628467153286
0 0.4508243507853403 0.11433282116788322 0.4191693691099477 0.12116537591240875 0.4013466335078534 0.15712536496350363 0.4145692722513089 0.2153313503649635 0.4575900418848168 0.2300172591240876 0.48723576963350784 0.1937668211678832 0.4879977827225131 0.15741863138686132 0.46773267015706804 0.1219906605839416 0.4760464738219895 0.10119971897810219 0.46452828534031415 0.0869508905109489 0.4508243507853403 0.11433282116788322
0 0.265213832460733 0.011922474452554744 0.2789698821989529 0.044684722627737226 0.30650606282722515 0.04643022627737227 0.3107010628272251 0.034217346715328466 0.3261856492146597 0.04715775182481752 0.38125801570680623 0.05064875912408759 0.39099554973821987 0.02457525182481752 0.37129567015706805 0.012048339416058394 0.27174879581151834 0.008818098540145985 0.265213832460733 0.011922474452554744
0 0.758917612565445 0.048556215328467156 0.7265912696335078 0.049834748175182485 0.7512799842931936 0.06214538321167883 0.7593651832460733 0.05225890145985401 0.7734260340314135 0.07048187226277372 0.77938504973822 0.051208171532846715 0.758917612565445 0.048556215328467156
0 0.811108785340314 0.15190295255474454 0.8144896623036648 0.11589408394160583 0.805590337696335 0.1019845802919708 0.771749609947644 0.15044789781021897 0.7869293900523561 0.17792758029197078 0.811108785340314 0.15190295255474454
0 0.8727905 0.09064585766423357 0.8613485130890052 0.07276221167883211 0.8482541884816753 0.07106558759124088 0.8277363874345549 0.1103210693430657 0.832212104712042 0.14734791240875914 0.8503917591623037 0.15699282481751825 0.8691810209424083 0.13755918613138687 0.8727905 0.09064585766423357
0 0.69417427486911 0.0930155 0.6997930130890052 0.07552005109489052 0.6855797591623036 0.06456671897810219 0.6786134895287957 0.08370991240875912 0.69417427486911 0.0930155
0 0.7230098141361256 0.22067124817518247 0.7221956910994765 0.1968752591240876 0.7050587670157068 0.20012187591240876 0.7085679554973822 0.2206223686131387 0.7230098141361256 0.22067124817518247
0 0.7091534790575916 0.2553228138686131 0.7045253560209425 0.22556561313868612 0.6902359031413613 0.21824709489051095 0.685888497382199 0.2377296167883212 0.7091534790575916 0.2553228138686131
0 0.8866345575916231 0.6828798138686132 0.9080426832460733 0.6637855 0.891387054973822 0.581444200729927 0.8670793481675393 0.5509594744525548 0.827567769633508 0.5567740547445256 0.8070499685863874 0.5960295401459854 0.8139921518324607 0.6406653430656934 0.8357571937172775 0.6671759306569344 0.8866345575916231 0.6828798138686132
0 0.9212613848167539 0.5342893065693431 0.9333370706806283 0.4593154051094891 0.9168859581151831 0.4298486496350365 0.8766364554973822 0.4082324270072992 0.8931116570680628 0.3739201861313869 0.8840840209424085 0.3035013211678832 0.8674043062827226 0.2849390218978102 0.8332828612565445 0.28416261678832117 0.8153077198952879 0.3273922445255475 0.8250973691099476 0.3614629197080292 0.8105793115183246 0.36504885766423356 0.8089269738219895 0.38123588321167884 0.8494571910994764 0.4520918284671533 0.8354484528795811 0.49401303284671527 0.8841400706806283 0.5513476751824817 0.9212613848167539 0.5342893065693431
0 0.9932582879581152 0.10625480656934307 0.9845113664921467 0.08507566423357665 0.963560447643979 0.08236106569343066 0.9562131727748692 0.11967835401459853 0.9795543534031415 0.13363673357664232 0.9932582879581152 0.10625480656934307
0 1 0.3284177481751825 0.9848722225130889 0.3183827445255475 0.970125557591623 0.3328731386861314 0.9750584816753926 0.3480910656934307 0.9669732853403142 0.35797754744525545 0.9808817356020942 0.3834701605839416 1 0.38417693430656935 1 0.3284177481751825
0 0.931756997382199 0.2841654343065693 0.9464795732984294 0.33345403649635036 0.9595738952879581 0.33515065693430657 0.9791251701570681 0.2793688284671533 0.9651405209424083 0.2575110364963504 0.9468084659685864 0.25513576277372263 0.931756997382199 0.2841654343065693
0 1 0.17817867518248176 0.9775210104712042 0.16799785766423359 0.9311955654450261 0.18568599635036498 0.9678355863874345 0.2542155401459854 0.9874389712041884 0.2585778868613139 1 0.24623514233576643 1 0.17817867518248176
0 1 0.5718094963503649 0.9823856073298429 0.5622549489051094 0.9778857984293193 0.5890071058394161 0.9986843167539267 0.5989913430656935 1 0.5933454890510949 1 0.5718094963503649
0 0.883434107329843 0.8355422153284672 0.8863577774869109 0.8213422664233576 0.874763387434555 0.8107282591240876 0.8677971178010471 0.8298714525547446 0.883434107329843 0.8355422153284672
0 0.929915890052356 0.9982866167883211 0.9329157617801047 0.9804518467153284 0.9186263062827226 0.9731333284671533 0.9142789031413613 0.9926158467153284 0.929915890052356 0.9982866167883211
0 0.9456772565445026 0.8727645693430657 0.9395492015706807 0.8519247518248175 0.9223360759162303 0.8588061897810219 0.9140984764397905 0.8759623102189782 0.9217264659685864 0.8878847408759124 0.9456772565445026 0.8727645693430657
0 0.8721484581151833 0.9980911058394161 0.8832335287958116 0.9703698540145986 0.8638587460732984 0.9551030474452555 0.8540450078534031 0.9848113759124089 0.8721484581151833 0.9980911058394161
0 0.8765961544502618 0.9111947737226278 0.8650779633507854 0.8969459416058395 0.850407502617801 0.9078015218978103 0.8500264973821989 0.9259756167883212 0.868129947643979 0.9392553503649635 0.8765961544502618 0.9111947737226278
0 0.923735722513089 0.9173026204379562 0.9284400445026179 0.943425003649635 0.9673420130890052 0.9666889744525546 0.9764940261780104 0.9059150218978103 0.9675947041884816 0.8920055218978102 0.9360159214659686 0.8952032591240876 0.923735722513089 0.9173026204379562
0 0.7659058429319372 1 0.7715126623036649 0.9759400474452555 0.7856497146596859 0.990528204379562 0.805353390052356 0.9274767299270074 0.7866644188481675 0.8794965547445256 0.7763413612565445 0.8708696167883212 0.7772316884816755 0.8910307846715328 0.7597899581151832 0.9088166788321168 0.7548570340314137 0.8935987518248175 0.7236592591623037 0.878622394160584 0.6737484214659686 0.8794448613138687 0.6628919554973822 0.8962616532846716 0.6581114345549739 0.8737740912408759 0.642474445026178 0.8681033211678832 0.5871734764397906 0.8755167737226277 0.5842498062827225 0.8897167262773723 0.5617989502617802 0.8959195109489051 0.55849427486911 0.9282935583941606 0.5740550628272251 0.9375991459854015 0.5851160418848168 0.973656894160584 0.593277442408377 0.960135591240876 0.5994816989528795 0.9773405875912408 0.5587749921465969 0.9775332810218977 0.558546387434555 0.9884377372262773 0.6373409397905759 0.9877130291970804 0.6815254712041885 1 0.7033755916230366 1 0.7161354921465969 0.9869883175182481 0.7631914581151832 1 0.7659058429319372 1
0 0.6723207513089006 0.6970252481751824 0.6871436151832461 0.6789000328467153 0.6864056910994765 0.6514692262773722 0.6779394869109948 0.6795298065693431 0.6648451596858639 0.6778331824817518 0.6650737670157068 0.6669287262773723 0.6492081753926702 0.6721624124087592 0.6566316492146597 0.631210302919708 0.6448848560209424 0.6278659306569343 0.6400281335078534 0.6090131861313868 0.6216198795811518 0.6102727299270073 0.6166869528795812 0.5950548065693431 0.6059828900523561 0.6046019635036496 0.6012023691099476 0.582114397810219 0.589150772251309 0.593309302919708 0.5939312931937173 0.6157968686131386 0.5690139738219895 0.6143906861313869 0.5551576387434555 0.6490422591240876 0.5530721832460733 0.623259197080292 0.5392158481675393 0.6579107627737226 0.5373589921465968 0.6212232481751825 0.5187221335078535 0.6333872518248175 0.5073322591623037 0.6756477810218978 0.5028565418848168 0.6386209379562043 0.5008231963350785 0.6729820547445255 0.49289040314136123 0.675598901459854 0.49728991623036645 0.7162605620437956 0.49047605235602093 0.7281341167883212 0.4859241335078534 0.6947420948905109 0.4762627984293194 0.7171807846715328 0.48282397382198955 0.7799906824817519 0.5113266806282722 0.7982625328467153 0.5134883403141361 0.8204107737226277 0.5027080732984293 0.8335927481751825 0.510183662303665 0.8527848211678832 0.5217018534031413 0.8670336496350365 0.532482117801047 0.8538516715328467 0.5347199764397906 0.872365094890511 0.5647226204188481 0.8817195583941606 0.6046914031413613 0.8540960620437956 0.5891306178010471 0.8447904744525547 0.5959444842931937 0.8329169197080292 0.6035724764397906 0.8448393540145985 0.6181667356020942 0.8376185912408759 0.6146575471204189 0.8171180985401459 0.6343371335078535 0.8178456277372262 0.6404130785340314 0.7785412627737226 0.6536598036649215 0.7729682481751824 0.6490316806282722 0.7432110474452555 0.6622022094240837 0.7412728503649635 0.6586168167539267 0.7244071788321168 0.6703636073298429 0.7277515547445256 0.6500985 0.6923235766423358 0.6646927617801047 0.6851028211678832 0.6723207513089006 0.6970252481751824
0 0.5112504816753927 0.8018973503649636 0.4893330340314136 0.7826564051094891 0.4772814371727748 0.793851310218978 0.4768242303664922 0.8156602262773723 0.500903335078534 0.8570494160583941 0.5101074633507854 0.8564196386861315 0.5000892094240837 0.8332534270072993 0.5112504816753927 0.8018973503649636
0 0.37389846073298433 0.7148515656934307 0.4059103612565445 0.7536239124087591 0.4334465445026178 0.7553694124087591 0.46548253141361257 0.7303627591240875 0.47178707853403146 0.6801539416058394 0.442546445026178 0.6344512810218979 0.3980257408376963 0.6286827591240876 0.37504147905759166 0.6603292810218978 0.38513593193717277 0.6798606751824817 0.37389846073298433 0.7148515656934307
0 0.4019719895287958 0.8788555072992701 0.4162855314136126 0.8223950291970803 0.41188601570680633 0.7817333649635037 0.37987411518324604 0.7429610218978102 0.35622812827225137 0.7435419197080293 0.32493006282722514 0.7959793759124089 0.3242442539267016 0.8286927481751825 0.35094222251308904 0.8704212627737227 0.4019719895287958 0.8788555072992701
0 0.31028369109947646 0.7430559598540145 0.3133597617801047 0.7215863722627737 0.29907030890052355 0.7142678540145986 0.292027835078534 0.7370458649635037 0.31028369109947646 0.7430559598540145
0 0.2377455104712042 0.8211298467153284 0.24074537958115186 0.8032950766423357 0.22899858900523562 0.7999507043795621 0.22734625130890052 0.8161377262773722 0.2377455104712042 0.8211298467153284
0 0.18872499738219897 0.8421134817518248 0.18707265968586387 0.8583005036496351 0.19754812041884814 0.8596577992700729 0.18872499738219897 0.8421134817518248
0 0.7173950157068063 0.42586886861313866 0.6994198795811519 0.46909849635036494 0.7253037225130889 0.48703102189781017 0.7413217172774869 0.47452769708029197 0.7443977879581152 0.4530581058394161 0.730489340314136 0.4275654927007299 0.7173950157068063 0.42586886861313866
0 0.7798426806282722 0.5159657591240876 0.763239164921466 0.49376864233576645 0.744907109947644 0.4913933686131387 0.7274653821989528 0.5091792627737226 0.7293222329842932 0.5458667810218978 0.7630626753926701 0.5648172773722627 0.7793092696335079 0.541409496350365 0.7798426806282722 0.5159657591240876
0 0.6234727931937173 0.45925807299270077 0.6256344528795811 0.4814063138686131 0.6527896282722513 0.5013259087591241 0.6704358743455496 0.5364145583941605 0.6926581230366492 0.5411162299270074 0.7089809240837697 0.5140736277372263 0.701733939790576 0.483977098540146 0.6718074947643979 0.4709878138686131 0.659322780104712 0.44021263868613136 0.6357529947643978 0.4371587080291971 0.6234727931937173 0.45925807299270077
0 0.7875227853403142 0.5880323722627737 0.769190727748691 0.585657098540146 0.7543678638743455 0.6037823138686131 0.7493164083769634 0.6359300328467153 0.765276445026178 0.647109697080292 0.7849560314136126 0.6478372262773723 0.7988885680628273 0.6095508394160584 0.7875227853403142 0.5880323722627737
0 0.7310787958115184 0.6499681131386861 0.7076614162303665 0.6396445510948905 0.6898386806282722 0.6756045401459854 0.702933005235602 0.6773011605839416 0.6944668010471204 0.7053617408759124 0.7151891178010471 0.7189807992700731 0.7420635785340314 0.6896606788321168 0.7310787958115184 0.6499681131386861
0 0.7595574188481675 0.7320189635036496 0.762404887434555 0.7214538284671532 0.7507342984293194 0.7144746386861314 0.7490819607329844 0.7306616642335767 0.7595574188481675 0.7320189635036496
0 0.9553587434554974 0.5988447116788321 0.929322497382199 0.5881818211678832 0.9094143062827226 0.5983587518248176 0.9005670942408377 0.6445934270072993 0.9210608089005236 0.6691169416058395 0.9657339162303664 0.6676158284671533 0.9584869293193716 0.637519299270073 0.9651483926701571 0.6329153868613139 0.970005117801047 0.6517681313868613 0.9743525209424083 0.6322856094890511 0.9553587434554974 0.5988447116788321
0 0.9195289109947644 0.3664089781021898 0.9209767329842932 0.2973474124087591 0.9064586753926702 0.30093335401459853 0.9081872146596859 0.2811115109489051 0.8966690261780104 0.2668626824817518 0.887312497382199 0.2747620912408759 0.8937212670157068 0.34484163138686136 0.8999255261780105 0.36204663138686133 0.9195289109947644 0.3664089781021898
0 0.7108859528795811 0.42320314598540143 0.7190473534031413 0.4096818467153285 0.7023676361256544 0.3911195437956204 0.6954013664921467 0.4102627372262774 0.7108859528795811 0.42320314598540143
0 0.8159212670157068 0.4860158649635037 0.8065647356020943 0.49391527737226276 0.8195828612565444 0.4992467189781022 0.8159212670157068 0.4860158649635037
0 0.8421099162303665 0.48940911678832116 0.8276680602094241 0.4893602372262774 0.8297535157068063 0.5151432956204379 0.8421099162303665 0.48940911678832116
0 0.6210825340314136 0.4480142919708029 0.6240824031413612 0.4301795182481752 0.6124118141361257 0.4232003284671533 0.6080644109947644 0.4426828467153285 0.6210825340314136 0.4480142919708029
0 0.6373571544502619 0.5485296824817518 0.637738162303665 0.5303555875912409 0.6259913717277487 0.5270112153284672 0.6216439659685864 0.5464937335766423 0.6373571544502619 0.5485296824817518
0 0.696981442408377 0.5854127116788321 0.7024477722513089 0.5751869051094891 0.6907771832460734 0.5682077080291971 0.6865821832460732 0.580420591240876 0.696981442408377 0.5854127116788321
0 0.7278985 0.5511493467153284 0.721160835078534 0.5593880802919708 0.7289412303664922 0.5640408759124088 0.7278985 0.5511493467153284
0 0.5416783717277487 0.47781755109489055 0.5446782408376963 0.45998278102189777 0.5355503141361256 0.4569777372262774 0.531279112565445 0.47282543430656937 0.5416783717277487 0.47781755109489055
0 0.5319128115183246 0.37996788321167885 0.5173947513089004 0.38355382481751826 0.5328793376963351 0.39649422992700734 0.5319128115183246 0.37996788321167885
0 0.330970109947644 0.25734749270072993 0.33554611780104715 0.22696051824817517 0.2946870078534031 0.23442284671532845 0.3060527905759162 0.25594131386861313 0.330970109947644 0.25734749270072993