0 0.1712753179347826 0.8300117537878787 0.21780214673913043 0.8315709924242424 0.22986336141304345 0.8452634090909091 0.2471838233695652 0.8239183143939394 0.2743215570652174 0.8547262537878788 0.28259610597826085 0.8231118446969696 0.30927803532608694 0.8158116325757575 0.35229870108695654 0.840729215909091 0.3572073342391305 0.8668057310606061 0.3742122418478261 0.8416850681818182 0.42645412499999996 0.8463149469696969 0.42519190217391306 0.8312126742424243 0.39240924456521736 0.8145003863636363 0.40734551358695653 0.7972833257575758 0.3864838179347826 0.7599308712121212 0.426033375 0.7433171969696969 0.4485780271739131 0.7518241893939394 0.46035874184782605 0.6968514393939395 0.5019769402173914 0.6723341628787879 0.5134070407608696 0.6784754431818182 0.5432795788043479 0.6440413181818182 0.5979056548913043 0.6445431666666667 0.6810719211956522 0.578342321969697 0.6657499728260869 0.5746175227272727 0.6403302663043479 0.5970200151515151 0.6304078152173913 0.5925902840909091 0.6330374375 0.5750715303030303 0.5718898940217391 0.5945049204545454 0.5498361032608695 0.5592164810606061 0.5337778641304347 0.5956638522727272 0.5232243016304349 0.5836829886363636 0.5330065027173913 0.5537801325757576 0.5434899402173913 0.5485947045454546 0.5585664592391304 0.5657102272727272 0.580409875 0.549499787878788 0.5746246983695652 0.5292628560606061 0.6046374836956522 0.5291613181818182 0.6372097690217391 0.49437472727272724 0.6704482201086956 0.40224967803030304 0.6259549728260869 0.4576764318181818 0.5073062989130435 0.5075174507575758 0.47778437228260867 0.4808375492424242 0.44664961413043475 0.500169393939394 0.41355139945652175 0.47968154166666666 0.48735620108695654 0.39943581818181817 0.4884781711956521 0.38020550757575755 0.44685997826086954 0.4047227840909091 0.41761855163043476 0.44670804545454545 0.3848358913043478 0.4299957613636363 0.3781040489130435 0.39843212121212124 0.3172370054347826 0.48653067803030303 0.31162713315217394 0.43573673106060606 0.2952883940217391 0.4035189356060606 0.2605422907608696 0.49393243181818186 0.21734631793478262 0.4995718636363636 0.1997103016304348 0.5171413901515152 0.17351923641304348 0.4976601590909091 0.1628604945652174 0.5334025984848485 0.12730796195652175 0.4998764848484848 0.09918850815217391 0.5226314393939394 0.045158472826086954 0.4476248409090909 0.07450509239130435 0.5048617575757576 0.0759075625 0.5542966174242424 0.09733024184782609 0.5820339166666667 0.07745028260869566 0.6380640606060606 0.0787125054347826 0.6531663333333333 0.10490357065217391 0.6726475643939394 0.11566750815217391 0.7361273068181817 0.10676184510869566 0.7601905757575758 0.1446284456521739 0.7724223674242424 0.1712753179347826 0.8300117537878787
0 0.1848441331521739 0.25763376893939394 0.1931537527173913 0.30807525 0.20500459239130434 0.2702687878787879 0.1848441331521739 0.25763376893939394
0 0.2568958641304348 0.3360127007575757 0.2516015489130435 0.2889943257575757 0.2008673179347826 0.2860759962121212 0.1898930190217391 0.3180428674242424 0.21615420923913042 0.35469039015151516 0.2568958641304348 0.3360127007575757
0 0.2821753315217391 0.4262231174242424 0.2984790027173913 0.3763850227272727 0.2624356114130435 0.3696403560606061 0.2514613097826087 0.4016072310606061 0.26566128804347827 0.4245623371212121 0.2821753315217391 0.4262231174242424
0 0.14732817119565217 0.47817892424242425 0.154410625 0.4486285340909091 0.11647389945652174 0.41923045454545455 0.1202605625 0.4645372765151515 0.14732817119565217 0.47817892424242425
0 0.7664821168478262 0.326735375 0.724688616847826 0.38180966666666666 0.7369952608695651 0.3821113598484848 0.7664821168478262 0.326735375
0 0.8406375434782609 0.33232110984848484 0.8161645027173914 0.36605030303030306 0.8308553423913044 0.36222396212121216 0.8406375434782609 0.33232110984848484
0 0.872718964673913 0.3243159659090909 0.8553985027173914 0.3456610606060606 0.8838335163043479 0.326681678030303 0.872718964673913 0.3243159659090909
0 0.9290981250000001 0.31313864015151516 0.9318679972826086 0.3299524696969697 0.9486274728260871 0.3182225303030303 0.9290981250000001 0.31313864015151516
0 0.9323237907608695 0.22111513257575757 0.933025027173913 0.2458325643939394 0.9464536413043478 0.22690395075757575 0.9323237907608695 0.22111513257575757
0 0.9374427989130435 0.2986905265151515 0.9430877255434783 0.284594875 0.9289578749999999 0.2788060568181818 0.9245050434782608 0.2908376931818182 0.9374427989130435 0.2986905265151515
0 0.9763011440217391 0.3227883901515151 0.9621262146739131 0.31646020454545454 0.9646506576086956 0.3466647575757576 0.9782928315217391 0.3466186022727273 0.9763011440217391 0.3227883901515151
0 0.7680248369565218 0.41050281818181816 0.7925329483695652 0.45882951515151515 0.8620952907608695 0.44211429924242424 0.8677402201086956 0.4280186477272727 0.8706152717391304 0.3971091666666667 0.8591150434782608 0.3738015946969697 0.784398633152174 0.3778310151515152 0.7691468097826086 0.39127250757575754 0.7680248369565218 0.41050281818181816
0 0.689346472826087 0.546727912878788 0.6891010407608695 0.5601186363636363 0.7007765760869565 0.5528691931818183 0.689346472826087 0.546727912878788
0 0.6925370815217391 0.5195940037878788 0.6845079619565217 0.5378176893939394 0.698883241847826 0.5302157840909091 0.6925370815217391 0.5195940037878788
0 0.7223044375000001 0.5328831893939394 0.7303335570652173 0.5146594999999999 0.7155725923913043 0.5013195492424243 0.7033360733695652 0.5181841439393939 0.706105945652174 0.5349979734848485 0.7223044375000001 0.5328831893939394
0 0.6677484864130435 0.5495476287878789 0.6634709592391304 0.53102225 0.6466413614130435 0.5255858977272727 0.6131224076086956 0.5490457803030303 0.6276379429347826 0.5757764583333334 0.6677484864130435 0.5495476287878789
0 0.5980459048913044 0.67887575 0.5934528233695652 0.656574803030303 0.5679629945652174 0.661811 0.5659644809782608 0.6868808901515152 0.5515190733695653 0.6773165075757576 0.5524657391304347 0.6886432159090908 0.5284835597826087 0.6955909659090909 0.524206035326087 0.6770655833333333 0.4996628722826087 0.6936284886363636 0.5096554456521739 0.7152245075757575 0.49819028804347826 0.7739728257575758 0.5604948722826087 0.817365018939394 0.5793931086956522 0.8148977651515152 0.5715392934782608 0.8025644356060606 0.5798839701086956 0.788116321969697 0.6143495869565218 0.7759831439393939 0.616348097826087 0.75091325 0.6462206358695652 0.7164791287878788 0.6263757336956521 0.7076196704545454 0.621712527173913 0.6681524318181818 0.5980459048913044 0.67887575
0 0.45190888586956524 0.7590228636363636 0.42634892934782614 0.7470927651515152 0.4030679864130434 0.7787579431818181 0.4157603125 0.8000015 0.4119385923913043 0.8195842727272727 0.4293993043478261 0.8325717575757576 0.4355701603260869 0.873750553030303 0.4683528179347826 0.8904628409090909 0.47788959239130435 0.8739507045454545 0.4899508070652174 0.887643125 0.5162470516304348 0.8594010492424242 0.5234346875 0.7821273522727272 0.5113734728260869 0.7684349318181819 0.510041125 0.7361663674242425 0.5028885489130435 0.7485504696969697 0.4835345054347826 0.7129095681818182 0.4580446739130435 0.7181457613636364 0.45190888586956524 0.7590228636363636
0 0.5819876766304348 0.8622686098484849 0.5682435054347826 0.8774216553030303 0.5277472826086956 0.8827086212121212 0.5297107364130434 0.9225283257575758 0.5936281548913044 0.9199087613636363 0.6003950516304348 0.886582803030303 0.5819876766304348 0.8622686098484849
0 0.5009250434782608 0.1209488106060606 0.4928959211956521 0.13917249242424243 0.4500155027173913 0.14858749621212122 0.44380959239130435 0.17229830303030305 0.4291187554347826 0.17612464015151513 0.4265592554347826 0.21080968560606062 0.45029600271739134 0.2172526590909091 0.530201535326087 0.16101943560606058 0.5295003016304348 0.13630200757575758 0.5009250434782608 0.1209488106060606
0 0.6172947146739131 0.1744580037878788 0.6044270842391305 0.1837714659090909 0.6044972092391304 0.20093775757575758 0.6240265597826087 0.20602164015151514 0.6482541684782609 0.18568316666666668 0.6373850489130435 0.16992673484848486 0.6172947146739131 0.1744580037878788
0 0.7775265298913044 0.16498930303030301 0.7748969076086957 0.1825080606060606 0.788956633152174 0.17113058333333334 0.7775265298913044 0.16498930303030301
0 0.7587685407608696 0.20178914015151517 0.7549468206521739 0.22137191287878788 0.767253464673913 0.22167360606060607 0.7587685407608696 0.20178914015151517
0 0.7322268614130434 0.24342193939393938 0.7275286005434782 0.26884429545454547 0.7439725217391304 0.2533387840909091 0.7322268614130434 0.24342193939393938
0 0.7831364266304348 0.5096742272727273 0.7638525054347826 0.49119962121212124 0.7561389429347827 0.5131988749999999 0.7335942907608696 0.5046918825757576 0.722619991847826 0.5366587575757575 0.7189735760869564 0.5256845113636364 0.7130130951086957 0.5360045946969697 0.7292817092391305 0.5510561022727273 0.7382574945652174 0.544159125 0.7296673885869566 0.5719979621212121 0.7363291086956522 0.5863953106060605 0.7186930923913044 0.6039648371212122 0.7325775108695652 0.6231443712121212 0.7381523152173913 0.591882428030303 0.7529132771739131 0.6052223825757576 0.7910253070652173 0.6040634507575757 0.8160593315217392 0.5607190984848485 0.8049798423913043 0.49346378787878786 0.7839428396739131 0.4866683484848485 0.7831364266304348 0.5096742272727273