0 0.35 0.7553571428571428 0.30096153846153845 0.7142857142857143 0.2980769230769231 0.6589285714285714 0.30865384615384617 0.6535714285714286 0.3278846153846154 0.675 0.32403846153846155 0.6285714285714286 0.3471153846153846 0.6428571428571429 0.3605769230769231 0.6357142857142857 0.4125 0.7214285714285714 0.4153846153846154 0.7017857142857142 0.39807692307692305 0.6660714285714285 0.39807692307692305 0.6267857142857143 0.37115384615384617 0.5732142857142857 0.4125 0.55 0.42115384615384616 0.5125 0.39807692307692305 0.48035714285714287 0.38461538461538464 0.4375 0.4048076923076923 0.44285714285714284 0.44903846153846155 0.48928571428571427 0.46634615384615385 0.4714285714285714 0.48173076923076924 0.4785714285714286 0.4826923076923077 0.4589285714285714 0.44326923076923075 0.41785714285714287 0.4307692307692308 0.3767857142857143 0.46634615384615385 0.35 0.46826923076923077 0.32142857142857145 0.48653846153846153 0.31607142857142856 0.4634615384615385 0.29464285714285715 0.47596153846153844 0.275 0.45096153846153847 0.28214285714285714 0.43365384615384617 0.25 0.3971153846153846 0.25 0.3836538461538462 0.2714285714285714 0.3701923076923077 0.2714285714285714 0.3451923076923077 0.2357142857142857 0.32596153846153847 0.2785714285714286 0.29903846153846153 0.275 0.2980769230769231 0.30178571428571427 0.3105769230769231 0.2857142857142857 0.33942307692307694 0.30357142857142855 0.35865384615384616 0.29642857142857143 0.4076923076923077 0.3732142857142857 0.4028846153846154 0.42857142857142855 0.3548076923076923 0.4107142857142857 0.33942307692307694 0.3607142857142857 0.29903846153846153 0.36428571428571427 0.29615384615384616 0.30892857142857144 0.2875 0.3107142857142857 0.2778846153846154 0.2892857142857143 0.24519230769230768 0.29285714285714287 0.23076923076923078 0.31607142857142856 0.23076923076923078 0.34464285714285714 0.24903846153846154 0.34285714285714286 0.25961538461538464 0.38035714285714284 0.24903846153846154 0.4107142857142857 0.23942307692307693 0.4107142857142857 0.21826923076923077 0.3607142857142857 0.1875 0.35 0.18076923076923077 0.3339285714285714 0.2076923076923077 0.26607142857142857 0.22884615384615384 0.1767857142857143 0.22403846153846155 0.175 0.17403846153846153 0.26071428571428573 0.14134615384615384 0.25 0.12307692307692308 0.28035714285714286 0.11730769230769231 0.3375 0.13076923076923078 0.3732142857142857 0.12596153846153846 0.3821428571428571 0.11634615384615385 0.36428571428571427 0.1 0.38035714285714284 0.11346153846153846 0.3982142857142857 0.11153846153846154 0.4232142857142857 0.125 0.4375 0.12115384615384615 0.4589285714285714 0.1326923076923077 0.46964285714285714 0.14615384615384616 0.5125 0.1346153846153846 0.5517857142857143 0.14038461538461539 0.6160714285714286 0.13557692307692307 0.6321428571428571 0.10096153846153846 0.6428571428571429 0.09615384615384616 0.6660714285714285 0.1125 0.6892857142857143 0.16634615384615384 0.7178571428571429 0.17307692307692307 0.7375 0.16538461538461538 0.7553571428571428 0.18365384615384617 0.7571428571428571 0.18942307692307692 0.7714285714285715 0.23173076923076924 0.7464285714285714 0.23461538461538461 0.7232142857142857 0.24903846153846154 0.7071428571428572 0.2759615384615385 0.7392857142857143 0.2875 0.7357142857142858 0.3230769230769231 0.7839285714285714 0.3471153846153846 0.775 0.35 0.7553571428571428
0 0.2701923076923077 0.17857142857142858 0.2423076923076923 0.21964285714285714 0.25 0.2517857142857143 0.25769230769230766 0.2517857142857143 0.275 0.20535714285714285 0.2701923076923077 0.17857142857142858
0 0.44711538461538464 0.12142857142857143 0.4403846153846154 0.1625 0.46153846153846156 0.1982142857142857 0.4634615384615385 0.1375 0.44711538461538464 0.12142857142857143
0 0.41057692307692306 0.15714285714285714 0.4 0.16607142857142856 0.40673076923076923 0.19285714285714287 0.4173076923076923 0.19464285714285715 0.41923076923076924 0.1732142857142857 0.41057692307692306 0.15714285714285714
0 0.5384615384615384 0.6589285714285714 0.5365384615384615 0.6160714285714286 0.55 0.6017857142857143 0.5442307692307692 0.5910714285714286 0.5461538461538461 0.5446428571428571 0.5201923076923077 0.5214285714285715 0.5173076923076924 0.5767857142857142 0.5019230769230769 0.6017857142857143 0.47836538461538464 0.6815464285714286 0.5086538461538461 0.6785714285714286 0.5182692307692308 0.6714285714285714 0.5288461538461539 0.7089285714285715 0.5384615384615384 0.7160714285714286 0.5269230769230769 0.6875 0.5384615384615384 0.6589285714285714
0 0.4596153846153846 0.5267857142857143 0.47692307692307695 0.5267857142857143 0.46826923076923077 0.49642857142857144 0.4596153846153846 0.5267857142857143
0 0.42980769230769234 0.55 0.425 0.5732142857142857 0.4326923076923077 0.5767857142857142 0.45 0.5625 0.42980769230769234 0.55
0 0.44134615384615383 0.6035714285714285 0.4153846153846154 0.6446428571428572 0.4288461538461538 0.6589285714285714 0.4576923076923077 0.6196428571428572 0.44134615384615383 0.6035714285714285
0 0.15384615384615385 0.7160714285714286 0.13557692307692307 0.7107142857142857 0.12788461538461537 0.725 0.12211538461538461 0.7071428571428572 0.11538461538461539 0.7982142857142858 0.13076923076923078 0.8160714285714286 0.14615384615384616 0.7803571428571429 0.15384615384615385 0.7160714285714286
0 0.09038461538461538 0.5267857142857143 0.09615384615384616 0.5446428571428571 0.12596153846153846 0.44642857142857145 0.09038461538461538 0.5267857142857143
0 0.13653846153846153 0.5339285714285714 0.12403846153846154 0.45 0.1076923076923077 0.5053571428571428 0.11923076923076924 0.5410714285714285 0.12403846153846154 0.5107142857142857 0.13653846153846153 0.5339285714285714