0 0.37640979237288136 0.5533675669291339 0.3518903559322034 0.5171153661417324 0.3382529851694915 0.4693974960629921 0.3603361440677966 0.4760235669291339 0.4077508305084746 0.5287772125984253 0.4272991016949153 0.509713562992126 0.4440398411016949 0.5181360590551182 0.4456408326271187 0.4965201692913386 0.4033713411016949 0.44984291338582677 0.39074328389830504 0.4041276023622047 0.4306519194915254 0.37587568110236225 0.433558063559322 0.344453125984252 0.45381981567796614 0.3392012598425197 0.4290045423728813 0.3147582874015748 0.4433090063559322 0.29355465748031495 0.41558758898305087 0.30053424409448815 0.39741988983050847 0.26448817716535433 0.3571922245762712 0.2631826811023622 0.34177983262711864 0.286320157480315 0.32695911440677966 0.2858391850393701 0.3004210466101695 0.24558187007874016 0.27806524364406776 0.2921316653543307 0.24852241737288136 0.2872333149606299 0.2467242033898305 0.31672202362204727 0.26093005508474576 0.2994548031496063 0.29219567584745765 0.3201674960629921 0.3135653559322034 0.3129817834645669 0.3654349533898305 0.3993666732283464 0.35861334745762713 0.4602092244094488 0.30617527118644067 0.4388094251968504 0.29061787923728816 0.3831500275590551 0.2460571122881356 0.38564351968503935 0.24440973516949152 0.32452612992125984 0.23483282203389833 0.32618513779527564 0.2248382690677966 0.3022231338582677 0.1887464809322034 0.304991468503937 0.17222616101694913 0.3300627952755905 0.17143726271186438 0.361554062992126 0.1916004004237288 0.3602386062992126 0.2022098220338983 0.4019487992125984 0.18972676694915255 0.43503036220472446 0.17914054025423728 0.43468681102362206 0.15723141101694915 0.37882128346456695 0.12365131991525423 0.3659126929133858 0.11668471610169492 0.3479583700787402 0.14819978601694916 0.2741285590551181 0.17395479449152543 0.17647416535433072 0.16871098728813558 0.1743341850393701 0.11129590889830508 0.2670215157480315 0.07559857203389832 0.2540442165354331 0.054646536016949146 0.28685093700787406 0.04671700211864407 0.3496273385826772 0.060551597457627115 0.3894723937007874 0.055011953389830504 0.39914163779527556 0.044918788135593225 0.3791160472440945 0.026478447033898303 0.3962458464566929 0.040806101694915255 0.4164088582677165 0.0379985720338983 0.44389500787401576 0.052424838983050843 0.4601216102362205 0.04759867372881356 0.48360264173228346 0.060006311440677966 0.49582412598425196 0.07364368220338983 0.543542 0.05985547457627119 0.5864302283464568 0.06443218855932203 0.6574917047244094 0.05869531991525424 0.6750337677165354 0.020289063559322033 0.6856062086614173 0.014354970338983052 0.7110210866141732 0.03171057627118644 0.7371917755905512 0.09020455508474576 0.7706069291338583 0.09707254449152543 0.7924976614173229 0.0881105 0.8119048622047245 0.10817502754237289 0.8145258149606299 0.1141323156779661 0.8304775787401575 0.16140200211864408 0.8044343464566929 0.16521884957627117 0.7789507559055118 0.1815419470338983 0.7617522480314961 0.210295875 0.7981418661417323 0.22309795762711862 0.794617716535433 0.26093573516949153 0.8490303700787402 0.2876478347457627 0.8400482283464568 0.29136606991525427 0.8185010472440946 0.23851035169491525 0.7714802401574804 0.2368629724576271 0.7103628464566929 0.24865574152542372 0.7048361417322835 0.26923652330508474 0.7291416929133858 0.2662839936440678 0.677830964566929 0.29129648940677966 0.694401122047244 0.30631443220338983 0.6870092755905512 0.3611133665254237 0.7833382519685039 0.36483160169491524 0.7617910708661417 0.34676251694915255 0.7218085984251968 0.34784725 0.6785081062992127 0.319685 0.6185000393700787 0.36584675847457626 0.5943906574803149 0.37640979237288136 0.5533675669291339
0 0.2239797902542373 0.20961447637795277 0.2194262690677966 0.1799196377952756 0.1875921652542373 0.22419203543307087 0.19517363771186438 0.2598945511811024 0.2036426186440678 0.26016938976377957 0.2239797902542373 0.20961447637795277
0 0.4295498283898305 0.20840655511811024 0.43334348305084747 0.14155632677165353 0.41579065254237285 0.12325844881889764 0.40724625 0.16828666141732285 0.4295498283898305 0.20840655511811024
0 0.38366071186440676 0.17934007086614173 0.3745768644067796 0.16131703937007874 0.3626854809322034 0.17078015354330708 0.36935625 0.20054370078740158 0.38095179237288135 0.20288981102362202 0.38366071186440676 0.17934007086614173
0 0.5015186631355932 0.7189516299212598 0.5005847648305084 0.6716460196850393 0.5157999322033898 0.6563813582677166 0.5097440338983051 0.6443660039370078 0.5131432372881356 0.5932614055118111 0.48520140466101697 0.5667471653543307 0.4804970444915254 0.6276584251968504 0.4628687966101695 0.6546636023622048 0.4347302288135593 0.7417337086614173 0.4681589894067797 0.7395368661417323 0.4789424427966102 0.7320076023622047 0.4895518622881356 0.7737177952755905 0.49994086652542374 0.7819341614173229 0.48802629237288137 0.7500306338582677 0.5015186631355932 0.7189516299212598
0 0.428726061440678 0.5373371299212598 0.4183602521186441 0.570487405511811 0.4374154618644068 0.5711057952755905 0.428726061440678 0.5373371299212598
0 0.3873382415254237 0.6246351771653543 0.4067879004237288 0.6095079330708661 0.3849019661016949 0.5950090472440944 0.37896787288135597 0.6204239251968504 0.3873382415254237 0.6246351771653543
0 0.3808356694915254 0.7150351456692914 0.4136790868644068 0.6727653070866142 0.3961262542372881 0.6544674330708661 0.36640939830508473 0.6988085393700787 0.3808356694915254 0.7150351456692914
0 0.07649176483050847 0.7681921102362205 0.05652584957627119 0.7616347480314961 0.04766241949152542 0.7771055433070866 0.041803743644067796 0.7572173700787401 0.031878771186440676 0.8573552952755906 0.048323673728813556 0.8775870157480316 0.06624776059322034 0.8387726181102363 0.07649176483050847 0.7681921102362205
0 0.05323693220338983 0.46999698818897634 0.011849112288135592 0.5572950354330709 0.017707788135593223 0.5771832047244094 0.05323693220338983 0.46999698818897634
0 0.04934466525423729 0.5407836259842519 0.06246577966101695 0.5668168976377953 0.051021074152542374 0.4738646850393701 0.031495995762711865 0.5342949763779528 0.043213347457627116 0.5740713188976377 0.04934466525423729 0.5407836259842519