0 0.9461215948717948 0.833951925 0.971477717948718 0.8310417250000001 0.9744334666666666 0.7524859428571429 0.9485478948717948 0.7428006107142857 0.925218764102564 0.7601177964285715 0.9220241794871795 0.810116375 0.9461215948717948 0.833951925
0 0.9108908512820513 0.6739244607142857 0.9271073307692308 0.7118759071428572 0.9655709743589743 0.7163879249999999 0.9762328102564103 0.7046642321428571 0.9794987564102565 0.6178642071428572 0.9400266076923077 0.6030953285714286 0.9086821102564103 0.6452557642857143 0.9108908512820513 0.6739244607142857
0 0.9215948897435897 0.4345341035714286 0.9163259974358975 0.44513662857142855 0.9252440846153847 0.4507187607142857 0.9215948897435897 0.4345341035714286
0 0.8055317923076923 0.474634825 0.8018825974358975 0.4584501714285715 0.7749042717948719 0.4595827 0.778374223076923 0.4900704964285714 0.8055317923076923 0.474634825
0 0.7770746974358974 0.5937682642857143 0.7814408743589744 0.5527403571428572 0.7650003384615384 0.5326678392857143 0.750858164102564 0.5341124464285715 0.7352755384615384 0.5480410928571429 0.7349618615384615 0.5730715892857143 0.7513575846153846 0.5967198964285714 0.7770746974358974 0.5937682642857143
0 0.856972517948718 0.5706726535714286 0.8610250128205128 0.5546752428571429 0.8508009025641025 0.5508497928571429 0.8454871974358974 0.5650281035714285 0.856972517948718 0.5706726535714286
0 0.8077600230769231 0.809126775 0.8196038307692307 0.7861650392857144 0.7992900461538461 0.7677867928571428 0.7835729846153846 0.7924427892857143 0.8077600230769231 0.809126775
0 0.6716903179487179 0.7038776642857143 0.6936238025641026 0.6954687357142857 0.695153882051282 0.6758331214285714 0.6697056333333333 0.6573300428571429 0.670288176923077 0.6108448357142857 0.6549296076923077 0.6068945607142857 0.6639821307692308 0.6017493357142857 0.6384442615384615 0.5903978249999999 0.5818755717948718 0.59617625 0.6035401897435897 0.6092220321428571 0.5764274307692308 0.6210819178571428 0.5740394461538462 0.6067163607142857 0.5584568205128205 0.6206450071428571 0.5603901948717949 0.5688273321428571 0.5527333153846153 0.5650642964285715 0.5268369589743589 0.5823190678571428 0.530441341025641 0.6020795107142858 0.500716541025641 0.6174527642857143 0.5042313051282051 0.6443647785714285 0.5401725282051282 0.6452385964285714 0.5451277435897436 0.6596665642857142 0.5555310999999999 0.6491888714285714 0.5538217794871795 0.6831276214285714 0.5805312358974359 0.7034498035714286 0.6140844743589743 0.6899580642857143 0.6448016153846154 0.6978586250000001 0.6580858794871796 0.6624128499999999 0.6588989769230769 0.6999898 0.633092241025641 0.710093 0.6471896025641025 0.7122241821428572 0.6520103846153846 0.7373795035714286 0.6789438974358974 0.7398227607142858 0.6716903179487179 0.7038776642857143
0 0.6267991871794872 0.9048796678571429 0.633463723076923 0.8853688892857143 0.6181947743589743 0.8742670392857143 0.610224217948718 0.8955345 0.6267991871794872 0.9048796678571429
0 0.4957360051282051 0.9124238285714286 0.4998781230769231 0.8892748500000001 0.4845643641025641 0.8817487857142857 0.47659380512820515 0.90301625 0.4957360051282051 0.9124238285714286
0 0.46330304615384615 0.8365209392857142 0.4674899743589744 0.8097961714285714 0.45474344615384615 0.8023325250000001 0.4416832358974359 0.819899375 0.46330304615384615 0.8365209392857142
0 0.5872535769230769 0.8842454071428572 0.5738283820512821 0.8284774535714287 0.5315811128205128 0.8185081321428571 0.5028486538461538 0.8571551964285714 0.5024005435897436 0.8929130464285714 0.5225350846153846 0.9255944392857144 0.5145645282051282 0.9468619035714285 0.5259602256410256 0.9596580214285715 0.5391548666666667 0.9313638178571427 0.5700960615384616 0.92138545 0.5872535769230769 0.8842454071428572
0 0.7160691717948718 1 0.7080095230769231 0.98196845 0.6810311974358975 0.9831009785714286 0.6770235128205129 0.9955226071428571 0.6617545666666667 0.9844207571428572 0.607797917948718 0.9866858142857142 0.6031322384615385 1 0.7160691717948718 1
0 0.19186178974358975 0.980150282142857 0.2246019333333333 0.9290815892857144 0.2095122282051282 0.9036766 0.18604866666666667 0.9317211428571428 0.1830333230769231 0.9674165785714286 0.19186178974358975 0.980150282142857
0 0.15758840256410256 1 0.17010754871794873 0.9742560678571428 0.1654212 0.9383733892857143 0.14754021282051283 0.9307849107142857 0.12930073333333333 0.9518027107142857 0.12615095384615385 0.9982254999999999 0.12738124102564102 1 0.15758840256410256 1
0 0.3112144769230769 1 0.3163500564102564 0.9849653250000001 0.30103629743589744 0.9774392642857143 0.2956777794871795 0.9951933571428571 0.30293103846153846 1 0.3112144769230769 1
0 0.28949966923076925 0.8734294178571429 0.2858952846153846 0.8536689749999999 0.27175311282051284 0.8551135857142858 0.27274545384615384 0.8783873928571428 0.28949966923076925 0.8734294178571429
0 0.3038658974358974 0.8541058821428571 0.30796320512820513 0.8345326928571428 0.28503737435897436 0.8196678107142857 0.28981334615384613 0.8483989214285714 0.3038658974358974 0.8541058821428571
0 0.10391612051282051 0.5183837250000001 0.12796872307692306 0.5457950607142857 0.16661161282051282 0.5360039392857143 0.18638116923076922 0.49535052500000004 0.17921721025641024 0.4522538607142857 0.15768702564102563 0.42848072142857146 0.1077380641025641 0.41832415714285714 0.08693135384615384 0.4392795428571429 0.10391612051282051 0.5183837250000001
0 0.08019018461538462 0.6698240607142857 0.11978060769230768 0.6868825321428572 0.10392911282051281 0.7222658928571429 0.11334662307692307 0.7904554714285714 0.12983196923076923 0.8069522035714286 0.16325077435897437 0.8041878214285715 0.18049791282051283 0.7598962107142857 0.17063228974358974 0.7274644821428572 0.18481927435897436 0.7224440892857142 0.18630454102564104 0.7063842642857143 0.14603545641025642 0.6410214857142857 0.15940934102564103 0.5984241392857144 0.1112593205128205 0.5471772535714285 0.07504923076923077 0.5677581464285715 0.06383927435897437 0.6425999678571428 0.08019018461538462 0.6698240607142857
0 0.04023476153846154 1 0.044223641025641025 0.9783492785714285 0.021253 0.9670601821428573 0.008058358974358974 0.9953543857142857 0.010099935897435897 1 0.04023476153846154 1
0 0 0.7781808714285715 0.014530658974358974 0.7862645821428572 0.02885207692307692 0.7705168321428572 0.023896858974358975 0.7560888607142857 0.03173298461538462 0.74554875 0.017904492307692307 0.7219628607142857 0 0.7231886964285715 0 0.7781808714285715
0 0.039165810256410256 0.7671907107142857 0.020478217948717948 0.8239663607142856 0.03435152564102564 0.8439764678571429 0.0523221358974359 0.844413375 0.06682279743589745 0.8143624857142857 0.05200196153846154 0.7675027857142857 0.039165810256410256 0.7671907107142857
0 0 0.9251503035714285 0.02296232307692308 0.9331214285714285 0.06818012564102564 0.9109711 0.031739482051282054 0.8474898357142857 0.012507658974358975 0.845233825 0 0.858987175 0 0.9251503035714285
0 0 0.5400962535714287 0.014965776923076924 0.5466245642857143 0.019152707692307692 0.5198997964285714 0 0.5127336285714286 0 0.5400962535714287
0 0.11831416410256411 0.2916022392857143 0.12497870256410257 0.2720914607142857 0.10962013333333333 0.26814118214285715 0.10687365641025641 0.28238190714285716 0.11831416410256411 0.2916022392857143
0 0.0740309 0.13671999999999998 0.07812820512820512 0.11714680357142856 0.0627696358974359 0.11319652499999999 0.05997834871794872 0.1310130357142857 0.0740309 0.13671999999999998
0 0.07133573333333333 0.24932602499999998 0.07926147948717949 0.23163434285714282 0.07169422307692308 0.22071974285714285 0.04836509230769231 0.23803692857142858 0.054536707692307694 0.2578597857142857 0.07133573333333333 0.24932602499999998
0 0.12780830256410258 0.14875808214285713 0.13717450256410255 0.1185823642857143 0.11933832564102564 0.1074181 0.10871091538461539 0.13577471428571428 0.12780830256410258 0.14875808214285713
0 0.14136793076923077 0.19379868214285714 0.14159198717948718 0.17591975714285712 0.12375580512820512 0.16475549285714286 0.11569562820512821 0.193174525 0.12709132564102565 0.20597064285714284 0.14136793076923077 0.19379868214285714
0 0.0263803 0.1480805607142857 0.01791681794871795 0.2086816607142857 0.026745284615384616 0.2214153642857143 0.05764167179487179 0.21501277857142856 0.06948547948717948 0.19205104642857143 0.06466469743589744 0.16689571785714286 0.0263803 0.1480805607142857
0 0.4240769461538461 0.17563389642857144 0.42704747692307693 0.1435142464285714 0.41173371538461534 0.13598818214285713 0.40060688717948717 0.10173735357142857 0.39272595128205123 0.11585325 0.3865095256410257 0.09960617857142857 0.42636881025641027 0.09520993928571428 0.42650324615384616 0.08448258571428571 0.3493519025641026 0.09333747142857143 0.28913401538461536 0.08293124285714286 0.27220055641025637 0.1021923642857143 0.22351280512820512 0.09385489642857144 0.21806466410256412 0.11876056071428572 0.20410173846153845 0.10590202857142857 0.18532452564102567 0.16982925000000001 0.20401861282051284 0.21499468214285716 0.21419791025641025 0.22239591428571429 0.21316075641025642 0.20269788571428574 0.23009421794871796 0.18343677142857143 0.2350494307692308 0.19786474285714284 0.2657217641025641 0.20934108571428572 0.31458876153846155 0.20337540714285712 0.3250817384615385 0.18574614642857143 0.32994733333333337 0.20732568571428572 0.34530590256410254 0.21127596428571427 0.3993969871794872 0.19828355 0.402143458974359 0.1840428285714286 0.4240769461538461 0.17563389642857144
0 0.3040639666666667 0.428462625 0.31212414871794875 0.40004359285714286 0.3249603 0.4003556678571429 0.3248258641025641 0.411083025 0.3403188692307692 0.4043059464285714 0.3333854641025641 0.4452714392857143 0.34491559743589745 0.4473402 0.349826 0.4653439535714286 0.3678414230769231 0.4622050785714285 0.37279664102564103 0.47663305 0.3831999948717949 0.46615536071428576 0.38806558717948714 0.4877349 0.39977496410256413 0.4755005214285714 0.39490936923076925 0.4539209785714286 0.41932046410256407 0.4527260357142857 0.43260472564102564 0.4172802642857143 0.4348582820512821 0.442373175 0.44814254358974354 0.4069274 0.4502616641025641 0.44274766785714287 0.46841152051282053 0.4288814357142857 0.47921817435897435 0.3862216785714286 0.48390452564102565 0.42210436071428575 0.4856138461538461 0.38816560714285714 0.49336034871794876 0.3847770714285714 0.48871881025641023 0.3453186035714286 0.49529372307692304 0.3329593928571428 0.5000248846153846 0.36526629285714285 0.509301464102564 0.34224214285714283 0.502361564102564 0.2812665464285714 0.47430127435897435 0.2662768392857143 0.4720029102564102 0.2447597107142857 0.4824510743589744 0.23070623214285715 0.47497344102564104 0.2126400607142857 0.4635777435897436 0.19984394285714288 0.453129576923077 0.21389741785714286 0.4507864025641026 0.19595607857142858 0.42133047179487176 0.189874625 0.3824187153846154 0.22112045714285714 0.39773247435897435 0.22864651785714285 0.39115755897435894 0.24100572857142857 0.3835903025641026 0.230091125 0.36935850769230766 0.2386873035714286 0.37296289230769225 0.2584477428571429 0.35368625641025636 0.2597675214285714 0.34805887435897437 0.298976325 0.3351331 0.30581581785714285 0.3399090717948718 0.3345469285714286 0.32702811025641026 0.3378106357142857 0.3306773051282051 0.3539952928571429 0.3191471717948718 0.35192653214285713 0.339281717948718 0.3846079178571429 0.3250499205128205 0.3932041 0.3174826641025641 0.38228949642857146 0.3031164333333333 0.4016130285714286 0.3040639666666667 0.428462625
0 0.5076752666666667 0.2670882392857143 0.5079441333333333 0.2456335285714286 0.4840259641025641 0.20749483928571427 0.4750182538461538 0.209064275 0.48501830512820515 0.23076864642857145 0.4743460846153846 0.2627010535714286 0.4959658923076923 0.27932261785714285 0.5076752666666667 0.2670882392857143
0 0.550914882051282 0.3003313678571429 0.5197496282051283 0.3281886642857143 0.5139878102564103 0.3781248214285714 0.5429956333333333 0.41996413214285716 0.5866385487179487 0.42102519642857145 0.6088857128205128 0.3875857714285714 0.5988408461538461 0.3694571821428571 0.6095578794871795 0.33394899285714286 0.5778932076923077 0.29919883928571434 0.550914882051282 0.3003313678571429
0 0.5718112153846153 0.2722244107142857 0.6034758871794872 0.30697456785714283 0.6266257717948718 0.30396052142857144 0.6568434923076923 0.24925362857142858 0.6572467948717949 0.21707156428571428 0.630761394871795 0.17887045714285715 0.5807228076923077 0.17586546428571428 0.567169676923077 0.23276594285714286 0.5718112153846153 0.2722244107142857
0 0.6828359717948719 0.3267883714285714 0.6895453230769232 0.30370180714285716 0.6716195179487179 0.2996891142857143 0.6687834205128205 0.3210814107142857 0.6828359717948719 0.3267883714285714
0 0.7507490512820513 0.23544076428571425 0.7522343179487179 0.21938093928571428 0.7420102076923077 0.21555549285714287 0.7392189205128206 0.23337200357142857 0.7507490512820513 0.23544076428571425
0 0.7810563948717948 0.17358230357142856 0.7898400538461539 0.18989179285714286 0.791325317948718 0.17383196785714286 0.7810563948717948 0.17358230357142856
0 0.2673226384615385 0.593894025 0.25174001282051284 0.6078226714285714 0.2489039128205128 0.6292149642857143 0.26273240769230766 0.6528008535714286 0.275568558974359 0.6531129321428571 0.2928156974358974 0.6088213178571428 0.2673226384615385 0.593894025
0 0.2480908153846154 0.5916380142857143 0.26502427435897435 0.5723768964285715 0.2629051564102564 0.5365566285714286 0.22971040512820512 0.5214420892857142 0.21399334615384613 0.5460980892857142 0.21367966666666668 0.5711285857142857 0.2301202025641026 0.5912011035714285 0.2480908153846154 0.5916380142857143
0 0.33821274615384617 0.5723678464285715 0.32064543076923074 0.5397488714285714 0.29884638205128206 0.53743045 0.28308451025641024 0.5656622357142856 0.29042771025641023 0.5944557607142856 0.31983883076923075 0.6041130035714286 0.3323164923076923 0.6330313607142858 0.35542156666666663 0.6335931035714286 0.3672653769230769 0.6106313714285715 0.3649670128205128 0.5891142428571429 0.33821274615384617 0.5723678464285715
0 0.23790501794871793 0.48229569642857145 0.24258789230769232 0.4502176785714286 0.22686781025641026 0.44089329642857145 0.20759117948717948 0.442213075 0.19426210256410256 0.48123463214285717 0.20556817948717948 0.5011823214285714 0.2235387923076923 0.5016192321428571 0.23790501794871793 0.48229569642857145
0 0.3005043923076923 0.4051264 0.28766824102564104 0.4048143178571429 0.2957284230769231 0.3763952857142857 0.2753250128205128 0.36516860714285715 0.24924941025641023 0.39672651785714286 0.2603314282051282 0.4345531285714286 0.2833468769230769 0.4422664392857143 0.3005043923076923 0.4051264
0 0.24055537435897437 0.37326546071428574 0.24204064102564102 0.3572056357142857 0.23177171794871793 0.356955975 0.2290700564102564 0.3676209142857143 0.24055537435897437 0.37326546071428574
0 0.08612475128205128 0.503643675 0.09440898717948717 0.4573457142857143 0.07414001025641026 0.4353916821428572 0.030407474358974357 0.4414821857142857 0.037750676923076924 0.4702757142857143 0.03126538205128205 0.4754833535714285 0.02635497948717949 0.45747959642857144 0.022257671794871793 0.47705279285714286 0.041131005128205125 0.5079150821428572 0.06671368461538461 0.5156908071428572 0.08612475128205128 0.503643675
0 0.09145794871794871 0.7952886142857143 0.08992787179487179 0.8149242285714285 0.10132356923076923 0.8277203464285714 0.11042090256410256 0.8189993357142857 0.10357062307692308 0.7508721714285714 0.09735419743589743 0.7346251 0.07812237692307693 0.7323690928571428 0.07727096153846154 0.8003090107142857 0.09145794871794871 0.7952886142857143
0 0.290568641025641 0.6856694928571428 0.29723317692307694 0.6661587107142857 0.2819642307692308 0.6550568642857143 0.2740832923076923 0.6691727571428571 0.290568641025641 0.6856694928571428
0 0.17490234615384617 0.5916470642857143 0.17859635128205126 0.6042559321428572 0.1876936846153846 0.5955349249999999 0.17490234615384617 0.5916470642857143
0 0.16481266666666666 0.5770942571428571 0.15292404871794874 0.6036317785714286 0.16706622051282052 0.6021871714285714 0.16481266666666666 0.5770942571428571
0 0.3783922076923077 0.6448822 0.3824895128205128 0.6253090035714286 0.3696981717948718 0.6214211428571428 0.36690688717948716 0.63923765 0.3783922076923077 0.6448822
0 0.36424353846153845 0.5443857249999999 0.3683408435897436 0.5248125285714286 0.35293746153846156 0.5244380357142857 0.35271340512820515 0.5423169607142857 0.36424353846153845 0.5443857249999999
0 0.30046607948717946 0.5106432678571429 0.3044737641025641 0.4982216428571429 0.2942496538461538 0.49439619642857147 0.288980758974359 0.5049987178571429 0.30046607948717946 0.5106432678571429
0 0.26312921025641023 0.5186777035714286 0.2642559871794872 0.5312241571428571 0.27078608974358975 0.5224407357142857 0.26312921025641023 0.5186777035714286
0 0.4533796205128205 0.6037828285714285 0.4574321153846154 0.5877854178571429 0.44720800512820513 0.5839599714285715 0.4444167205128205 0.6017764821428571 0.4533796205128205 0.6037828285714285
0 0.456491082051282 0.6628769071428572 0.45757304615384614 0.6789991464285715 0.4717600307692308 0.6739787535714287 0.456491082051282 0.6628769071428572
0 0.6910630717948717 0.7973474035714285 0.6797569948717949 0.7773997142857143 0.6553459025641025 0.7785946607142857 0.6511141615384616 0.8088952071428571 0.6910630717948717 0.7973474035714285