0 0.645222036163522 0.07318680306603774 0.6391153985849056 0.06754740094339622 0.6136467327044025 0.08647409198113207 0.597228090408805 0.1117841037735849 0.5607529544025157 0.12745638443396226 0.5402916210691824 0.13126464033018867 0.4914656926100629 0.1562608962264151 0.4808214646226415 0.1661737299528302 0.46248897641509434 0.16799941863207546 0.449375963836478 0.20722059316037736 0.456486983490566 0.22760738207547168 0.46259362028301887 0.2332467841981132 0.4764785762578616 0.22336532665094339 0.48720028459119497 0.20858838325471699 0.5131086721698113 0.19796482665094342 0.5281829913522013 0.1852332016509434 0.5741304331761006 0.17337281485849057 0.5918507995283019 0.16209764858490566 0.6100283286163523 0.17000017806603776 0.6269041328616353 0.1638678620283019 0.6515330990566037 0.1797024787735849 0.6739634567610063 0.15402141745283018 0.6765446029874214 0.1415980908018868 0.6731915133647799 0.12468170283018869 0.6636242869496856 0.11485935731132076 0.6680069182389937 0.1090353396226415 0.67253193081761 0.11222700000000001 0.6700883034591195 0.1040475483490566 0.6509712924528301 0.09527741745283018 0.645222036163522 0.07318680306603774
0 0.6554954551886792 0.28404915448113205 0.6475747547169811 0.2905543372641509 0.645071088836478 0.2981135566037736 0.6558625589622641 0.3268348573113207 0.6605599716981132 0.33117285849056605 0.6604224528301887 0.35177563797169814 0.6542257578616352 0.3697442405660377 0.6552601603773585 0.3766222924528302 0.6581260683962263 0.38223031957547166 0.661616677672956 0.3785439280660377 0.6649048663522013 0.3815805294811321 0.6732953081761006 0.3755091450471698 0.689631608490566 0.32544478655660375 0.6905187688679245 0.293688704009434 0.6852266753144655 0.2907757853773585 0.6815287838050315 0.27156671462264154 0.6745601446540881 0.26019560141509435 0.6687682893081761 0.2647182181603774 0.6642432775157233 0.2615265589622641 0.6554954551886792 0.28404915448113205
0 0.6380890212264151 0.4910664174528302 0.6417694716981133 0.49940092806603775 0.6480310676100629 0.49531211084905663 0.6190320495283019 0.466557616745283 0.6045049520440251 0.4748589327830189 0.6099694465408805 0.47891819339622643 0.6110038498427673 0.4857962441037736 0.6088924449685535 0.49865337264150944 0.6132973781446541 0.5333223726415094 0.6280366194968553 0.5775349775943396 0.642718677672956 0.5595054422169812 0.6534704056603773 0.5368591639150944 0.6459245251572328 0.537787695754717 0.6427012374213836 0.5486308808962265 0.6382236847484276 0.5484444469339623 0.6271300117924529 0.4908172311320755 0.6292588584905661 0.4888346650943396 0.6343485322327044 0.4984705766509434 0.6380890212264151 0.4910664174528302
0 0.5650138097484277 0.524269862028302 0.5797530511006289 0.568482466981132 0.5745907594339623 0.5933291226415095 0.5865367106918239 0.597451133254717 0.5952719536163522 0.5936724339622641 0.6038173553459119 0.5778728325471698 0.6007741855345912 0.5415000058962264 0.5924738026729559 0.5239633832547169 0.5860698246855346 0.5190365235849056 0.5847681014150943 0.5050016780660377 0.5683445966981132 0.5006932323113207 0.5634622051886793 0.5139527853773584 0.5650138097484277 0.524269862028302
0 0.5860252201257862 0.4380504870283019 0.5926316179245282 0.43625435495283016 0.5912998734276729 0.43008884551886795 0.6009871784591195 0.40843385023584905 0.5835467114779874 0.408121912735849 0.5627231360062893 0.3987629233490566 0.5527210503144654 0.41025589976415094 0.5556818789308177 0.4218743773584906 0.5905327916666666 0.43036758608490566 0.5860252201257862 0.4380504870283019
0 0.5183747594339623 0.42394561438679246 0.5261705204402516 0.41929931485849053 0.526622820754717 0.40885855424528306 0.5164134528301887 0.39745606603773587 0.5042950998427672 0.39218771226415094 0.47581814465408806 0.3964907004716981 0.46999627044025155 0.4088826521226415 0.47068587264150946 0.4134680200471698 0.48114512106918245 0.42115274056603774 0.5183747594339623 0.42394561438679246
0 0.5254306022012578 0.4896895306603774 0.5264001045597484 0.48268779599056605 0.520905590408805 0.48649787146226414 0.5212978514150943 0.4917957806603774 0.5254306022012578 0.4896895306603774
0 0.5315972775157233 0.4795902629716981 0.5336312036163522 0.47159724410377357 0.5301231533018868 0.46440907547169813 0.5397029583333334 0.45548752476415094 0.5399053781446541 0.4487645318396226 0.5221975911949686 0.44129580188679246 0.5181597610062892 0.4494125035377359 0.5238915762578616 0.4606285566037736 0.5225472539308176 0.47320694339622643 0.5315972775157233 0.4795902629716981
0 0.5546097389937107 0.4712280153301887 0.5597294323899371 0.4729945919811321 0.5624529591194969 0.46958694103773585 0.561840837264151 0.46013746344339623 0.5541225566037735 0.4599196533018868 0.5546097389937107 0.4712280153301887
0 0.5740666886792453 0.45267237146226413 0.5635474017295597 0.46072632193396224 0.5663358301886793 0.47119845872641514 0.5914471163522013 0.4687229799528302 0.5925415581761007 0.4598623596698113 0.5824271116352202 0.4544703242924528 0.5740666886792453 0.45267237146226413
0 0.7253550966981133 0.21332654127358489 0.7290355471698113 0.22166105188679244 0.7628220369496855 0.23114554363207548 0.7736386650943397 0.22237905188679247 0.7730091022012578 0.20205501415094337 0.7695010534591195 0.19486684316037736 0.7531550290880503 0.18569429009433963 0.7356671022012579 0.18237712617924529 0.7176794150943396 0.18649549999999998 0.7190111588050314 0.19266100943396225 0.7260098176100629 0.19616278773584905 0.7253550966981133 0.21332654127358489
0 0.7388197783018868 0.3136157747641509 0.7454261761006289 0.31181964268867923 0.7494640062893082 0.3037029410377359 0.7470329583333333 0.27677959316037737 0.7359615880503145 0.2596453962264151 0.7279459661949685 0.26014012735849057 0.7168494378930818 0.2804937216981132 0.7178838411949685 0.2873717735849056 0.7301145550314465 0.3095251403301887 0.7388197783018868 0.3136157747641509
0 0.7960341422955974 0.17494886910377358 0.7869715393081761 0.187309445754717 0.7833434103773586 0.2115986179245283 0.7881531847484277 0.2328216320754717 0.8007887389937107 0.24152901061320753 0.8056885715408805 0.23914401886792452 0.8109157641509435 0.22817714976415096 0.8136993309748427 0.20903083018867924 0.8081873765723271 0.20196634433962263 0.8048691674528302 0.2067990778301887 0.8017533789308176 0.2049088183962264 0.7992622916666667 0.19372414150943398 0.802313179245283 0.18173461320754716 0.7960341422955974 0.17494886910377358