0 0 0.8227200258358663 0.04885117491467577 0.7923382021276595 0.0656041228668942 0.7703460775075988 0.10482380375426621 0.7478332462006079 0.1434512414675768 0.7405839164133738 0.16541838310580204 0.7091131276595745 0.1780050529010239 0.699174773556231 0.1951258370307167 0.6687982978723405 0.22838879436860068 0.6409359179331308 0.2320808677474403 0.6202862583586626 0.24702483959044366 0.59013352887538 0.24564614761092152 0.5774573358662614 0.23892836348122867 0.5665222872340425 0.21991076621160408 0.5625152021276596 0.1930533481228669 0.5819688297872341 0.15492550170648464 0.6201682431610942 0.12864179692832764 0.6336010881458967 0.11841928583617749 0.6549219787234043 0.10751669453924916 0.6652834179331307 0.10176584726962457 0.6622974316109422 0.09309565955631399 0.6447069741641338 0.08171886433447098 0.6464725227963526 0.07894980887372015 0.6619597689969605 0.0843767380546075 0.6864415805471125 0.0789196066552901 0.7120421139817629 0.05783156399317406 0.7252390106382979 0.044733630546075084 0.7450669103343465 0.018038169795221843 0.7537726246200608 0 0.7742469270516718 0 0.8227200258358663
0 0.28783258703071674 0.1256870197568389 0.28060353924914677 0.12464151519756839 0.2729256766211604 0.13735431458966565 0.2649492841296928 0.19391713525835866 0.25676015784982936 0.21651947872340427 0.2579329718430034 0.22683210790273556 0.27066307081911267 0.2153885547112462 0.28497087969283275 0.18738784954407295 0.3133504180887372 0.17910521884498481 0.319755957337884 0.17069646504559272 0.31971203839590445 0.15758498632218845 0.28783258703071674 0.1256870197568389
0 0.04969743941979522 0.055072864741641345 0.046595395904436857 0.0014486595744680852 0.030712767064846415 0.0009548647416413374 0.022519535836177475 0.0869380425531915 0.022883939419795222 0.08763796960486323 0.03762889078498293 0.08671858662613982 0.04969743941979522 0.055072864741641345
0 0.07555976194539249 0.1817859726443769 0.06654026791808874 0.16333714589665654 0.05735881484641638 0.15563623252279635 0.01580464590443686 0.15740690121580547 0.013027389078498293 0.18655258662613983 0.014116284982935153 0.1886976367781155 0.07628376109215017 0.20585690425531916 0.07917771416382252 0.19810717933130698 0.07555976194539249 0.1817859726443769
0 0.06836295989761092 0.23469157446808508 0.0545595571672355 0.22120582370820666 0.03652742747440273 0.2159050835866261 0.030533643344709895 0.22904096656534956 0.03815591467576792 0.24405631762917931 0.06742141126279863 0.24909670516717325 0.06836295989761092 0.23469157446808508
0 0.37225406143344714 0.10836510486322187 0.3797329052901024 0.12488565197568388 0.3920327175767918 0.11795768844984802 0.39712201450511947 0.10074150303951368 0.3973025034129693 0.08075087234042552 0.3875034189419795 0.06595926747720365 0.3787337209897611 0.06298548176291793 0.3730267935153584 0.07311097416413374 0.37225406143344714 0.10836510486322187
0 0.3291089965870307 0.022776382978723406 0.3263584718430034 0.02902091185410334 0.3304574854948806 0.08553492097264438 0.33750604522184297 0.10657105623100305 0.35097867235494884 0.10995571884498481 0.35824478071672355 0.09251579027355623 0.3584252696245734 0.07252516109422492 0.35347254436860065 0.05663923860182371 0.3477216970989761 0.05365325227963526 0.33451053754266213 0.024904001519756837 0.3291089965870307 0.022776382978723406
0 0.21960887713310578 0.11779487537993921 0.21305305204778155 0.09611191489361702 0.19978630204778156 0.09509081458966565 0.18781726365187715 0.11211986474164135 0.1735211271331058 0.09928094224924011 0.16879966638225258 0.10811277963525837 0.18283433532423207 0.14631628723404255 0.21413321587030718 0.15263812613981761 0.21286774914675766 0.18853908358662613 0.21714039505119453 0.19346555319148936 0.22200528327645053 0.18312851975683891 0.22372642235494877 0.16506616869300914 0.21960887713310578 0.11779487537993921
0 0.2236543447098976 0.3060704893617021 0.24896425511945394 0.25309167021276596 0.21095444880546077 0.2674316945288754 0.20623298890784983 0.2762635303951368 0.2057656433447099 0.29926455167173255 0.21073689931740613 0.30590775835866263 0.2236543447098976 0.3060704893617021
0 0.5410249343003413 1 0.5410714837883959 0.9969108632218845 0.5296253813993175 0.9632107386018238 0.5205688276450512 0.9632473465045592 0.5143067158703072 0.9701509042553191 0.5118869658703071 0.9864965197568388 0.5170585170648464 1 0.5410249343003413 1
0 0.4929278131399318 1 0.49227712627986353 0.9977529331306991 0.48393771245733785 0.9902635623100304 0.4747377295221843 0.9918053662613981 0.4715501493174062 1 0.4929278131399318 1
0 0.7245811749146758 0.7902516139817628 0.7140464189419795 0.7922287051671731 0.7114832406143344 0.8100795136778116 0.7277825588737201 0.8742822340425531 0.7249139940273037 0.904386151975684 0.712745936006826 0.9506485486322188 0.7125839778156996 0.9613964604863222 0.7160145836177474 0.9661113890577507 0.7378636851535837 0.9584999893617021 0.7468440742320819 0.8914007963525836 0.7292031254266212 0.7960364513677811 0.7245811749146758 0.7902516139817628
0 0.6734315597269624 0.9153415121580547 0.6886946339590444 0.9361294969604863 0.6955743762798635 0.9363166337386019 0.6984683293515358 0.9285669088145897 0.7026277491467577 0.8849162279635258 0.6982926552901024 0.8761209984802432 0.6865665546075085 0.8770281778115501 0.6724021740614334 0.9035236884498481 0.6734315597269624 0.9153415121580547
0 0.496379638225256 0.5972935075987842 0.5020563634812287 0.6372503617021277 0.5098035332764504 0.6600032340425532 0.5169262133105802 0.6440685015197568 0.5112309573378839 0.6133543632218845 0.5112865486348123 0.5856262127659574 0.5231862798634812 0.533131490881459 0.5564101322525598 0.4197210927051671 0.5579555972696245 0.3492128313069909 0.5538888293515358 0.34664992857142857 0.5434975017064846 0.34712182218844984 0.5369924539249147 0.3701472492401216 0.5240379479522184 0.388469952887538 0.515686861774744 0.4218202097264438 0.5017468890784983 0.4414365668693009 0.4954731058020478 0.48917975531914887 0.500881505119454 0.522904282674772 0.4991603660409556 0.5409666337386019 0.4835363139931741 0.5601599103343465 0.48308749914675764 0.5739182142857143 0.496379638225256 0.5972935075987842
0 0.4442054505119454 0.6381290425531915 0.43375167406143345 0.6347321747720365 0.4212459837883959 0.6392965744680851 0.3997901058020478 0.6608778176291793 0.39731476535836174 0.7049515820668693 0.40894821416382254 0.7502579878419453 0.4493660981228669 0.7604119802431611 0.4594266501706485 0.7498390015197569 0.4707526680887372 0.7033650638297873 0.4732094795221843 0.6685340151975684 0.46811332508532427 0.6541532887537994 0.4442054505119454 0.6381290425531915
0 0.3457987687713311 0.27741894224924013 0.3524355733788396 0.2937279468085106 0.3618414325938567 0.2945497082066869 0.3736045938566553 0.275157094224924 0.3727996151877133 0.2564601185410334 0.36482803754266213 0.2405863981762918 0.3564700938566553 0.24233974468085107 0.34780676450511944 0.25634619908814593 0.3457987687713311 0.27741894224924013