0 0.9145347920962199 0.7562993762886598 0.8900145738831615 0.77530675 0.8983267319587628 0.8294551520618557 0.9555702199312716 0.8193055824742268 0.9747217491408934 0.8058143737113402 0.963738883161512 0.757709456185567 0.9145347920962199 0.7562993762886598
0 0.7937932405498281 0.7310591108247423 0.7453659312714777 0.754421381443299 0.7542164982817869 0.857095386597938 0.7784710652920962 0.8552704587628867 0.8282610068728522 0.8354572525773196 0.8190902405498282 0.7368240850515464 0.7937932405498281 0.7310591108247423
0 1 0.5924025283505154 0.99174691580756 0.6047915515463917 0.9822357852233677 0.5865189201030928 0.9755044656357389 0.5884860206185567 0.9718731597938144 0.6066520231958763 0.9791701615120274 0.6597813298969072 0.9911136271477663 0.6957637293814433 1 0.7056232061855671 1 0.5924025283505154
0 0.6128042457044673 0.8852629407216495 0.6269618367697595 0.8863886675257733 0.683135618556701 0.8620783917525774 0.6769830343642611 0.7599317061855669 0.6049415567010309 0.7770372242268042 0.6128042457044673 0.8852629407216495
0 0.4514838470790378 0.8258296572164948 0.46198996735395187 0.9214410824742267 0.527940529209622 0.8982209896907217 0.5205071426116838 0.8122376572164949 0.5046394467353952 0.805032899484536 0.4514838470790378 0.8258296572164948
0 0.32540088316151206 0.8126763634020618 0.2758765910652921 0.8153071211340206 0.2929574862542956 0.9524171134020619 0.3242908505154639 0.9511550515463918 0.36734947250859107 0.9333089458762887 0.3448453350515464 0.7885735103092784 0.32540088316151206 0.8126763634020618
0 0.5398537147766324 1 0.5510772457044674 0.996720131443299 0.5497698762886598 0.9615767963917525 0.4635708058419244 0.9775565876288661 0.4652409587628866 1 0.5398537147766324 1
0 0.6931123350515463 0.955213012886598 0.6928649570446735 0.9329174664948453 0.6184456958762887 0.9454548273195876 0.62032064604811 0.9764850335051546 0.6931123350515463 0.955213012886598
0 0.8335494192439863 0.9141728840206185 0.8322469037800687 0.9027117216494844 0.7578276408934708 0.9152490824742269 0.7579897164948454 0.9362538041237114 0.8335494192439863 0.9141728840206185
0 0.1545634175257732 0.9770711494845361 0.16100181271477665 0.98571568814433 0.2289826786941581 0.9645337860824742 0.21778160652920964 0.8638624278350516 0.14945326288659794 0.8825143634020618 0.1545634175257732 0.9770711494845361
0 0.06874675257731959 1 0.09125628865979381 0.9876769510309279 0.08390473195876288 0.9214060335051546 0.06432389862542956 0.9126548608247423 0.05183983676975945 0.9173418505154639 0.0631924587628866 1 0.06874675257731959 1
0 0.08339359965635738 0.8794512345360825 0.09347041237113402 0.952820275773196 0.11970073711340207 0.9398919304123711 0.11913505154639176 0.8847955206185567 0.11162695189003437 0.8619902757731959 0.08339359965635738 0.8794512345360825
0 0.11074106529209622 0.8109347036082475 0.1252805206185567 0.9040517061855671 0.14312397250859107 0.9001530438144331 0.1461148797250859 0.8900687190721649 0.13085319415807561 0.7853209793814433 0.11074106529209622 0.8109347036082475
0 0.460251410652921 0.5838000438144331 0.44954130584192437 0.6014031804123712 0.4560342542955327 0.6231893324742268 0.46920396735395187 0.6298667706185567 0.48092922336769756 0.6132827293814433 0.48247567353951887 0.5799369278350515 0.460251410652921 0.5838000438144331
0 0.450583735395189 0.6089930824742268 0.46380800171821307 0.628812131443299 0.48092922336769756 0.6132827293814433 0.4858413316151203 0.5789533762886597 0.5660514759450171 0.5002517293814432 0.7228878934707904 0.29126554639175256 0.7355737491408935 0.26255898969072167 0.701085821305842 0.2344805463917526 0.5767544656357388 0.3997580902061856 0.4528796907216495 0.5938488247422681 0.450583735395189 0.6089930824742268