0 0.06908968666666666 0.877820909495549 0.05140117583333333 0.9022875044510387 0.048286505 0.924804237388724 0.05498124333333333 0.9272171765578635 0.1070493725 0.9221597091988132 0.11030948 0.9144699762611276 0.11655125583333333 0.9132106928783382 0.11851065083333334 0.9004350979228486 0.130555785 0.8957270089020771 0.11880363249999999 0.8877976172106825 0.11697724000000001 0.8716260311572701 0.10940566333333335 0.8648340519287834 0.09787377583333333 0.8368536810089021 0.08870850499999999 0.8376133175074184 0.06908968666666666 0.877820909495549
0 0.5674407091666667 0.7185460578635015 0.5668256575 0.7408556172106825 0.5760781899999999 0.7489921810089021 0.5740897083333333 0.7588023783382789 0.5695288883333334 0.7614062448071217 0.5664433050000001 0.7868883798219584 0.5682696983333333 0.803059965875371 0.5745405616666667 0.8047660801186943 0.5758558183333333 0.811334643916914 0.5729904983333334 0.816765796735905 0.5662666725 0.8113874599406528 0.5635322458333334 0.8301629154302671 0.5914519324999999 0.8285908264094957 0.5977518833333334 0.8332623427299704 0.6010556216666667 0.8300207106824925 0.6021839183333334 0.7750226899109791 0.6225320291666667 0.7666586216617209 0.6227232058333333 0.7436422403560831 0.6184699116666666 0.7350913293768546 0.6134000633333333 0.6858006928783383 0.5858460766666667 0.6821488026706232 0.5817527633333333 0.6899075919881306 0.5771483125 0.6880633605341246 0.5765187174999999 0.7088902195845698 0.5674407091666667 0.7185460578635015
0 0.2316606333333333 0.7040848961424333 0.21743794916666667 0.6993280786350149 0.20153220083333334 0.7355181602373887 0.20249630000000002 0.7487934035608309 0.19387125416666667 0.7621214629080119 0.16995551083333335 0.7893300430267063 0.1508499375 0.7968491735905043 0.14013460333333333 0.8096085267062315 0.1334813875 0.8539351735905045 0.12443246666666667 0.8665564109792285 0.13367045500000002 0.8732102744807122 0.13049760999999999 0.8897962077151335 0.13730869833333334 0.9040707462908013 0.13612433499999999 0.9108464836795253 0.1691305225 0.9177562477744807 0.3286968216666667 0.9052730163204747 0.3345001791666667 0.9018242121661721 0.336503205 0.8934967151335311 0.32007388416666666 0.8763095919881305 0.3043323333333333 0.844226409495549 0.29473075249999997 0.8005050430267062 0.2807283325 0.7756972462908012 0.26896163666666667 0.76628515578635 0.2629546683333333 0.7489761587537092 0.25034022250000004 0.7381504258160237 0.2316606333333333 0.7040848961424333
0 0.49798970249999996 0.48168374480712167 0.507930005 0.4749242522255193 0.5180760266666666 0.44663107566765575 0.5244071733333333 0.41197651038575667 0.5239563199999999 0.36601280712166173 0.5204926008333334 0.352944737388724 0.5099539 0.3412050089020771 0.4949270966666667 0.3394826513353116 0.48543975749999996 0.3499143664688427 0.48354064583333334 0.32632928041543025 0.48857318833333335 0.24429736943620178 0.48206962583333335 0.21886805044510385 0.43230994 0.24673472551928782 0.4018158075 0.28339196884273 0.36372101083333336 0.31029183234421365 0.3567332908333333 0.3205163753709199 0.3568787275 0.3353433768545994 0.353194745 0.34232628635014833 0.33153137833333335 0.34412179228486645 0.3270141891666667 0.3511737611275964 0.31594559 0.41293127596439166 0.29963050999999996 0.4498972359050445 0.29979048999999997 0.46620693768545995 0.3170530175 0.4833250014836795 0.34470881000000003 0.4973557952522255 0.3680676766666667 0.4983875741839763 0.37815341583333334 0.5064550801186943 0.38726051166666664 0.49976464391691394 0.3952559625 0.5072634436201781 0.3988526825 0.49138433382789315 0.4296522325 0.48586379080118697 0.4327232725 0.45889895697329375 0.4518579325 0.4543452255192878 0.45753039666666667 0.4375521201780415 0.46169642916666664 0.43720683086053413 0.4657751991666667 0.4279653412462908 0.47869717 0.42763629376854595 0.4757715675 0.4694281290801187 0.48297744333333337 0.481444087537092 0.49798970249999996 0.48168374480712167
0 0.6488892175 0.7333120682492582 0.6527622675 0.7456042566765578 0.6568992124999999 0.7422935682492582 0.6568410375 0.7363627670623146 0.6488892175 0.7333120682492582
0 0.6594860933333334 0.7509825949554896 0.6612979433333334 0.7656714807121662 0.6704341258333333 0.761946443620178 0.6665319891666667 0.746688853115727 0.6594860933333334 0.7509825949554896
0 0.5523308608333334 0.6233445341246291 0.5632352633333333 0.6298602818991098 0.5673285766666667 0.6221014910979228 0.5643032766666667 0.611222943620178 0.5523308608333334 0.6233445341246291
0 0.5864611283333333 0.6598392433234421 0.5892537291666666 0.6469945890207714 0.5780418025 0.651633621661721 0.5751910258333334 0.658547474777448 0.5769447008333333 0.6673055578635014 0.5864611283333333 0.6598392433234421
0 0.6369604333333334 0.7498817581602374 0.6338915016666666 0.7345551083086054 0.6218899991666667 0.7437112982195846 0.6219627175 0.7511247997032641 0.6261578366666667 0.753744909495549 0.6369604333333334 0.7498817581602374
0 0.6306189591666667 0.6984706587537092 0.6465080558333334 0.7030893590504451 0.6585822775 0.7013466691394659 0.6589479775 0.6961226913946588 0.6399463191666667 0.6717292418397627 0.6299042108333333 0.6681098353115728 0.6306189591666667 0.6984706587537092
0 0.5648289575000001 0.6223086661721068 0.5682199575000001 0.627963234421365 0.5698281958333333 0.6218943175074184 0.5668756141666667 0.6184292700296736 0.5648289575000001 0.6223086661721068
0 0.5567877666666666 0.6526532477744806 0.5602078541666666 0.6612732151335312 0.5613340425000001 0.648566678041543 0.5567877666666666 0.6526532477744806
0 0.5450834633333334 0.5645889910979228 0.5468371375 0.5733470756676557 0.5518072891666667 0.5699673293768546 0.5521439016666666 0.5617779495548961 0.5450834633333334 0.5645889910979228
0 0.5558694066666666 0.601534621661721 0.56007907 0.6056374317507419 0.5603865958333334 0.5944826513353115 0.5550216566666667 0.6001209792284866 0.5432549616666666 0.5907088887240356 0.5421287725 0.6034154272997033 0.5483123741666667 0.5962253412462908 0.5488816858333333 0.6117591646884273 0.5526383866666666 0.6121897537091988 0.5558694066666666 0.601534621661721
0 0.5686417241666666 0.6709615385756676 0.5731152816666667 0.6594614688427299 0.5868413725 0.6560979643916914 0.5853370483333333 0.6302542997032641 0.5850440666666666 0.6428917789317508 0.5813600841666667 0.6498746899109792 0.5755276391666666 0.6503580949554897 0.5731007383333333 0.657978768545994 0.569944545 0.6337559198813056 0.56661172 0.634032149851632 0.5660984741666667 0.6667206112759644 0.5686417241666666 0.6709615385756676
0 0.5406659716666666 0.6243113427299704 0.5425359958333333 0.6449310296735905 0.5401236383333333 0.6540344050445104 0.54355827 0.6641370741839763 0.5480463708333334 0.6541197047477745 0.5551213541666666 0.6527913620178042 0.5475497775 0.6459993827893176 0.5465565908333334 0.6297587388724035 0.5477700416666668 0.6259484020771514 0.5499039600000001 0.6309652077151335 0.5483393533333333 0.6414822240356083 0.5529292600000001 0.6418437566765578 0.5548304808333333 0.6231373590504451 0.5460163666666666 0.6171903175074184 0.5406659716666666 0.6243113427299704