0 0.36 0.5218579234972678 0.36 0.505464480874317 0.37272727272727274 0.4918032786885246 0.39090909090909093 0.4972677595628415 0.39454545454545453 0.5191256830601093 0.4109090909090909 0.5163934426229508 0.3927272727272727 0.4890710382513661 0.38545454545454544 0.43989071038251365 0.4127272727272727 0.3989071038251366 0.42727272727272725 0.3989071038251366 0.4527272727272727 0.45901639344262296 0.4618181818181818 0.45081967213114754 0.45454545454545453 0.4453551912568306 0.4618181818181818 0.412568306010929 0.45454545454545453 0.3469945355191257 0.4818181818181818 0.34972677595628415 0.48727272727272725 0.3087431693989071 0.47454545454545455 0.29508196721311475 0.4618181818181818 0.3087431693989071 0.45636363636363636 0.33879781420765026 0.45454545454545453 0.3087431693989071 0.44 0.30327868852459017 0.4254545454545455 0.25956284153005466 0.44 0.23770491803278687 0.43636363636363634 0.21584699453551912 0.44545454545454544 0.1912568306010929 0.4581818181818182 0.19398907103825136 0.4490909090909091 0.21311475409836064 0.4727272727272727 0.22131147540983606 0.4763636363636364 0.16666666666666666 0.45636363636363636 0.12021857923497267 0.4127272727272727 0.1092896174863388 0.4018181818181818 0.060109289617486336 0.3509090909090909 0.06557377049180328 0.2927272727272727 0 0.22727272727272727 0 0.22181818181818183 0.00819672131147541 0.2509090909090909 0.06284153005464481 0.19636363636363635 0.12295081967213115 0.19272727272727272 0.1557377049180328 0.2 0.1885245901639344 0.23272727272727273 0.23770491803278687 0.2509090909090909 0.3360655737704918 0.26545454545454544 0.3469945355191257 0.2690909090909091 0.4180327868852459 0.25272727272727274 0.4426229508196721 0.22727272727272727 0.4371584699453552 0.22181818181818183 0.46174863387978143 0.25636363636363635 0.47540983606557374 0.2818181818181818 0.45901639344262296 0.30363636363636365 0.4918032786885246 0.34 0.4972677595628415 0.3472727272727273 0.5191256830601093
0 0.5163636363636364 0.3469945355191257 0.5254545454545455 0.3333333333333333 0.5309090909090909 0.33060109289617484 0.5309090909090909 0.31420765027322406 0.5345454545454545 0.3087431693989071 0.5309090909090909 0.30327868852459017 0.5309090909090909 0.28688524590163933 0.5490909090909091 0.27595628415300544 0.5490909090909091 0.2540983606557377 0.5363636363636364 0.24043715846994534 0.5163636363636364 0.24316939890710382 0.52 0.2540983606557377 0.52 0.2814207650273224 0.5109090909090909 0.28415300546448086 0.5018181818181818 0.2978142076502732 0.5054545454545455 0.30327868852459017 0.509090909090909 0.3469945355191257
0 0.5454545454545454 0.587431693989071 0.5490909090909091 0.5819672131147541 0.5454545454545454 0.5710382513661202 0.5509090909090909 0.5628415300546448 0.5545454545454546 0.5683060109289617 0.5709090909090909 0.5655737704918032 0.5709090909090909 0.5437158469945356 0.5781818181818181 0.5218579234972678 0.5781818181818181 0.42896174863387976 0.5818181818181818 0.42349726775956287 0.5854545454545454 0.3797814207650273 0.5763636363636364 0.3551912568306011 0.5509090909090909 0.3551912568306011 0.5490909090909091 0.36885245901639346 0.5436363636363636 0.3770491803278688 0.5363636363636364 0.3770491803278688 0.5272727272727272 0.38524590163934425 0.5272727272727272 0.39617486338797814 0.5345454545454545 0.4016393442622951 0.5345454545454545 0.4453551912568306 0.5309090909090909 0.45081967213114754 0.5309090909090909 0.4726775956284153 0.5272727272727272 0.4781420765027322 0.5236363636363637 0.5163934426229508 0.5054545454545455 0.5218579234972678 0.5072727272727273 0.5409836065573771 0.5218181818181818 0.5409836065573771 0.5236363636363637 0.5491803278688525 0.5345454545454545 0.5601092896174863 0.5272727272727272 0.5819672131147541 0.5327272727272727 0.5901639344262295
0 0.5054545454545455 0.6475409836065574 0.5036363636363637 0.6284153005464481 0.49636363636363634 0.6284153005464481 0.4909090909090909 0.6366120218579235 0.4909090909090909 0.6420765027322405 0.49636363636363634 0.6502732240437158
0 0.5890909090909091 0.1448087431693989 0.5872727272727273 0.13114754098360656 0.5745454545454546 0.13387978142076504 0.5745454545454546 0.13934426229508196 0.58 0.14754098360655737
0 0.5781818181818181 0.1830601092896175 0.5818181818181818 0.17759562841530055 0.5763636363636364 0.16939890710382513 0.5672727272727273 0.1721311475409836 0.5690909090909091 0.18579234972677597
0 0.6327272727272727 0.2923497267759563 0.6309090909090909 0.2786885245901639 0.6181818181818182 0.2814207650273224 0.62 0.29508196721311475
0 0.5745454545454546 0.11748633879781421 0.5745454545454546 0.11202185792349727 0.5690909090909091 0.10382513661202186 0.5636363636363636 0.10655737704918032 0.5654545454545454 0.12021857923497267
0 0.5563636363636364 0.11748633879781421 0.5563636363636364 0.10655737704918032 0.5509090909090909 0.10382513661202186 0.5490909090909091 0.11748633879781421
0 0.5636363636363636 0.07923497267759563 0.5636363636363636 0.07377049180327869 0.5581818181818182 0.06557377049180328 0.5527272727272727 0.07377049180327869 0.5581818181818182 0.08196721311475409
0 0.5054545454545455 0.07923497267759563 0.509090909090909 0.05191256830601093 0.5 0.04918032786885246 0.49454545454545457 0.05737704918032787 0.49454545454545457 0.06830601092896176 0.5 0.07103825136612021 0.5036363636363637 0.08196721311475409
0 0.509090909090909 0.17759562841530055 0.5127272727272727 0.16120218579234974 0.5072727272727273 0.15300546448087432 0.5 0.15300546448087432 0.49454545454545457 0.16120218579234974 0.49818181818181817 0.17759562841530055
0 0.4581818181818182 0.07923497267759563 0.4618181818181818 0.06830601092896176 0.4527272727272727 0.06557377049180328 0.4509090909090909 0.07923497267759563
0 0.26545454545454544 0.8825136612021858 0.2690909090909091 0.8715846994535519 0.2636363636363636 0.8633879781420765 0.25636363636363635 0.8633879781420765 0.2509090909090909 0.8715846994535519 0.2509090909090909 0.8770491803278688 0.25636363636363635 0.8852459016393442