0 0.40026484682080926 0.03270688636363636 0.39904090173410406 0.057689310606060605 0.4444098063583815 0.07709425 0.46005844797687867 0.15847112121212123 0.4782698439306359 0.16698548484848486 0.49713054913294796 0.06290605303030303 0.5693425028901734 0.037960628787878786 0.49430381502890175 0.02262298484848485 0.469975063583815 0.021509522727272728 0.40026484682080926 0.03270688636363636
0 0.2472385028901734 0.432887625 0.24499805202312142 0.47519273863636363 0.274067436416185 0.5429742613636364 0.28651498843930634 0.6896897765151515 0.3076020317919075 0.6977422272727273 0.295795950867052 0.5242312537878788 0.32455870809248555 0.45097351136363634 0.3031524971098266 0.4391591212121212 0.29005563294797687 0.4050374053030303 0.26960692196531794 0.40450882196969695 0.2472385028901734 0.432887625
0 0.9788127283236994 0.6419610303030303 0.979904789017341 0.6112313257575758 0.7929451618497109 0.6464752916666666 0.822656014450867 0.6874613560606061 0.8456455231213872 0.8553627613636363 0.8638569161849712 0.863877125 0.8520508352601156 0.6903661553030302 0.8667498150289018 0.6746588825757576 0.8955031647398843 0.7043591401515152 0.9149975028901735 0.6592825795454546 0.9626037225433526 0.6707017348484848 0.9788127283236994 0.6419610303030303
0 0.6916638323699422 0.6036391893939395 0.7558856040462428 0.6047630303030304 0.765792358381503 0.584105715909091 0.8782618179190751 0.56985325 0.8888084739884393 0.5395601477272728 0.8539799595375722 0.5585007689393939 0.5970928699421966 0.5540054128787879 0.5862270462427746 0.5805365795454546 0.6248840115606936 0.6238988598484848 0.6434051647398844 0.7391331590909092 0.6523512803468208 0.7415093712121212 0.6526798583815029 0.6423133068181819 0.674406803468208 0.6407299659090909 0.6916638323699422 0.6036391893939395
0 0.5379903323699422 0.4757952159090909 0.5632312630057803 0.48127384090909087 0.580480450867052 0.5299813939393939 0.5900727427745664 0.4540831477272727 0.5338380115606937 0.46120937878787877 0.483678450867052 0.41969473106060606 0.4395862167630058 0.41533753787878785 0.4414996589595376 0.455068821969697 0.4881389624277457 0.5581601742424243 0.5146299075144509 0.870400875 0.5293273208092486 0.8718532727272728 0.5050736849710983 0.5516267916666666 0.5207348728323699 0.4957263295454545 0.5379903323699422 0.4757952159090909
0 0.9399412225433527 0.42076393560606057 0.9568822196531792 0.3455918863636364 0.9520915606936415 0.323482178030303 0.8332340346820809 0.31397491666666666 0.8073500606936416 0.3524514166666667 0.7875396907514451 0.3594467083333333 0.7875381213872832 0.3766063787878788 0.8198070260115607 0.39620893181818184 0.8300329450867052 0.3793135568181818 0.8450495260115607 0.3845278901515151 0.8737997369942195 0.44854748106060605 0.8856246358381503 0.4161424507575758 0.9178935404624278 0.43574500757575757 0.9293867254335261 0.536855375 0.9472789537572254 0.5416077992424242 0.9399412225433527 0.42076393560606057
0 0.32266251734104046 0.22248589393939391 0.34949458670520234 0.2982532007575758 0.3689701069364162 0.4590926439393939 0.38110947109826593 0.48192854924242423 0.3999607687861272 0.4808071212121212 0.38336403179190753 0.2851864393939394 0.38943763294797684 0.25370522727272726 0.4255475289017341 0.1983333484848485 0.4287454826589595 0.16731404166666666 0.3971149161849711 0.15523535984848486 0.3680423959537572 0.12177316666666667 0.3479128583815029 0.12500652272727272 0.2913542572254335 0.17984981439393938 0.29614961849710986 0.1504805265151515 0.2820921098265896 0.13939233712121213 0.2526925838150289 0.18796653787878786 0.2603557514450867 0.24393367424242424 0.27441326011560696 0.25502186742424243 0.2836801098265896 0.2440003484848485 0.28592212716763005 0.18453556818181818 0.32266251734104046 0.22248589393939391
0 0.8463371734104047 0.27945796590909094 0.8418845028901734 0.05519419696969697 0.8454951040462428 0.03869609090909091 0.6682763208092485 0.030585249999999998 0.6936305867052023 0.059941806818181814 0.7070419161849711 0.14930445833333333 0.7179046069364162 0.1570926212121212 0.7329227543352601 0.14514728787878786 0.7386818901734103 0.05842514015151515 0.7668000404624278 0.04628219318181818 0.7926793092485549 0.0592846856060606 0.807373583815029 0.09505642045454546 0.8249309624277457 0.26764357575757575 0.8463371734104047 0.27945796590909094
0 0.6280913728323699 0.48992155303030305 0.652054063583815 0.4975121022727273 0.6619608179190751 0.4768547878787879 0.6597329132947977 0.38188257196969694 0.6805070635838151 0.31753442045454544 0.6999998352601156 0.28961752651515155 0.7287563208092486 0.2849984507575758 0.7661366156069364 0.31331298484848485 0.7948978063583816 0.2572149053030303 0.7830776098265897 0.23814093560606062 0.7322734393063584 0.25774107954545455 0.5459977572254335 0.2609696212121212 0.46963035260115604 0.3056485378787879 0.4811313786127167 0.32096057575757575 0.5217096242774566 0.31825580303030304 0.5801738265895954 0.388942125 0.6197930028901734 0.39211121590909087 0.6280913728323699 0.48992155303030305
0 0.362549112716763 0.7956859166666667 0.3769148121387283 0.9306537121212121 0.3948070375722544 0.9354061401515152 0.4002485751445087 0.8277623863636363 0.450739852601156 0.7357616363636363 0.4459507630057804 0.6964922613636363 0.4251828843930636 0.6922017462121213 0.3184615867052023 0.7398497234848485 0.20471545086705203 0.739054446969697 0.1820278641618497 0.7636713068181818 0.20182412138728326 0.911113018939394 0.21396662138728323 0.8996295946969698 0.21876825433526012 0.8016216363636364 0.26222528612716767 0.764135625 0.27979834682080923 0.7651261136363636 0.29097863583815026 0.7938358825757577 0.308874 0.7642689734848485 0.3261278901734104 0.7614975265151516 0.362549112716763 0.7956859166666667
0 0 0.4764639356060606 0.028687644508670517 0.4851522727272727 0.09673472832369942 0.5828983484848484 0.11398234971098267 0.6487655681818182 0.12163924566473988 0.7733713674242424 0.1401698092485549 0.7856476704545455 0.1475200809248555 0.7692142007575757 0.1350756647398844 0.588179356060606 0.15809339595375724 0.44720676136363635 0.11975403179190751 0.42476608712121217 0.10760996531791907 0.45340917803030306 0.044345696531791906 0.46357114393939397 0.024219291907514453 0.4324851666666667 0.012716699421965318 0.43433279924242424 0.010796985549132948 0.46324017803030304 0 0.4690010340909091 0 0.4764639356060606
0 0.039196670520231215 0.8666911704545455 0.04781420809248555 0.968263446969697 0.07209606647398845 0.9796159280303031 0.09286708092485549 0.9495871098484849 0.09000710982658959 0.7784523522727274 0.07467293352601156 0.7523164166666667 0.04495894219653179 0.7456496856060606 0.016839225433526013 0.7749522992424243 0.01747442774566474 0.8167955075757576 0.039196670520231215 0.8666911704545455
0 0 0.13957894696969697 0.012106586705202312 0.11793492803030303 0.042141315028901734 0.11120392803030303 0.05715318786127168 0.16789726136363636 0.06386826300578034 0.10962058712121212 0.08399780057803469 0.10638723484848485 0.10444494219653178 0.12407548484848484 0.11945838439306357 0.1636091515151515 0.13317633815028904 0.394011071969697 0.1481929161849711 0.3992254053030303 0.13990709248554914 0.16413773106060606 0.18368799710982658 0.07893465909090909 0.22586521965317918 0.06072023484848486 0 0.09700035227272727 0 0.13957894696969697
0 0.21911408092485551 0.5136692386363636 0.21720220809248555 0.4567782878787879 0.18077784971098265 0.45690923106060605 0.20441667052023121 0.5122168409090909 0.21911408092485551 0.5136692386363636
0 0.2632439450867052 0.1061944318181818 0.27059422254335264 0.08976096212121212 0.2504662485549133 0.07583465151515151 0.24535171965317917 0.10144200757575758 0.2632439450867052 0.1061944318181818
0 0.2808201416184971 0.07286559090909092 0.28497559826589597 0.05313209090909091 0.28107767052023125 0.05185160606060606 0.2645557630057803 0.054505473484848486 0.26292791618497113 0.06811316287878788 0.2808201416184971 0.07286559090909092
0 0.3399305202312139 0.06527745075757575 0.3367341358381503 0.07913708712121212 0.3485558988439306 0.08105139393939394 0.3399305202312139 0.06527745075757575