0 0.06528753642384107 0.7845928656716419 0.05469395529801324 0.8308106791044776 0.07316666556291392 0.8443351417910449 0.12838118377483446 0.855593539800995 0.1363987201986755 0.8034668333333334 0.11274761258278146 0.784474895522388 0.06528753642384107 0.7845928656716419
0 0.2048091738410596 0.7680659975124379 0.19596346026490066 0.8631676293532338 0.24398861754966886 0.8835778034825871 0.2673834950331126 0.8859553606965175 0.2759203559602649 0.7869399651741295 0.22920953145695364 0.7631339278606964 0.2048091738410596 0.7680659975124379
0 0.03827223675496688 0.6360817587064677 0.02987378311258278 0.623228171641791 0.020108379139072846 0.6264710597014925 0.006314190397350993 0.7390699029850747 0.018964490066225165 0.7456496716417911 0.03888307947019867 0.7240267363184079 0.05040321357615894 0.6895502164179105 0.05744157781456954 0.6383828308457712 0.05393898178807947 0.6207326467661691 0.04744625 0.6186610323383085 0.03827223675496688 0.6360817587064677
0 0.40378345198675497 0.9167586019900498 0.41136745198675495 0.8123522189054726 0.3418794503311258 0.7939961542288558 0.3359449437086093 0.892570131840796 0.3901276705298013 0.9174884626865671 0.40378345198675497 0.9167586019900498
0 0.5593859188741722 0.8633951592039801 0.5081143956953642 0.8419491766169155 0.49280912251655623 0.8485114427860697 0.48563921026490064 0.9314303631840796 0.5492521821192052 0.9555423457711443 0.5593859188741722 0.8633951592039801
0 0.6622446754966888 0.8300834378109452 0.6405381870860927 0.9694077587064676 0.6820706142384105 0.9877463233830847 0.7122933824503311 0.9897589502487563 0.7287688526490066 0.8576677686567165 0.6809999271523179 0.8538719751243781 0.6622446754966888 0.8300834378109452
0 0.39681967218543046 1 0.3983419586092715 0.9747941990049752 0.3265604569536424 0.9607933159203981 0.32612621357615895 1 0.39681967218543046 1
0 0.2636072251655629 0.9801310024875621 0.2639003443708609 0.9420723184079602 0.1921188427152318 0.9280714353233831 0.18890817549668873 0.9562970447761194 0.2636072251655629 0.9801310024875621
0 0.14210903311258277 0.9159302039800995 0.05084933609271523 0.8957144850746269 0.04922609437086093 0.9117291865671642 0.1359407301324503 0.9393969129353235 0.1430355844370861 0.9276715024875622 0.14210903311258277 0.9159302039800995
0 0.8467051258278145 1 0.8507111605960264 0.9258254900497512 0.7848046854304636 0.9060686890547264 0.7743446125827814 1 0.8467051258278145 1
0 0.9328540960264902 1 0.9384425529801325 0.9593731268656717 0.9328231523178807 0.9571116293532338 0.9139363543046358 0.9650746293532337 0.9100587433774834 1 0.9328540960264902 1
0 0.9144293708609271 0.9245362462686567 0.8871967350993378 0.9069450422885572 0.8799547566225165 0.9287974353233831 0.8794091225165562 0.9820364328358209 0.9047097235099337 0.9951959676616916 0.9144293708609271 0.9245362462686567
0 0.8880512218543046 0.8576198109452737 0.8686519586092716 0.832354052238806 0.8539312168874172 0.9332116019900498 0.8568161125827815 0.9430342587064676 0.8740271109271524 0.9472539676616915 0.8880512218543046 0.8576198109452737
0 0.529492584437086 0.6249439502487562 0.5309842201986755 0.6572133880597015 0.5422938791390728 0.6735393233830846 0.5549967980132451 0.6674184751243781 0.5612596059602649 0.6465254029850747 0.5509291175496689 0.6292401492537314 0.529492584437086 0.6249439502487562
0 0.29760166887417216 0.33984646268656715 0.44887908940397353 0.5458098009950249 0.5262462201986755 0.623908144278607 0.5309842201986755 0.6572133880597015 0.5474985894039734 0.6726564900497513 0.5602541258278145 0.6538350298507463 0.5580395513245032 0.6391392885572139 0.4385554619205298 0.4484070995024876 0.31863097516556294 0.28551267661691543 0.28536545860927154 0.3117792363184079 0.29760166887417216 0.33984646268656715