0 0.43089769787234045 0 0.4277319085106383 0.05805824358974359 0.46904795531914895 0.062276551282051285 0.4767774744680851 0 0.43089769787234045 0
0 0.5196258361702127 0 0.5135134702127659 0.05401425 0.5359688021276596 0.06687901602564103 0.5268171744680851 0.12698206730769232 0.5507175744680851 0.13520388782051282 0.5627333063829787 0 0.5196258361702127 0
0 0.6701821361702128 0.15045704487179487 0.7046431446808511 0.1601700608974359 0.7167209851063829 0.024543916666666665 0.6792214617021276 0.012786185897435897 0.6699949638297872 0.021177365384615385 0.6674016042553192 0.05312448717948717 0.6753688553191489 0.08656280448717948 0.6701821361702128 0.15045704487179487
0 0.6330903340425532 0.14683521474358974 0.647020959574468 0.014702022435897435 0.6052971893617022 0.0023478173076923077 0.5920336212765958 0.1394221955128205 0.6330903340425532 0.14683521474358974
0 0.3430002489361702 0 0.330389829787234 0.09924582371794873 0.3690750808510638 0.10955532051282052 0.38734188723404256 0 0.3430002489361702 0
0 0.4870625510638298 0.4719680096153846 0.5248214106382979 0.48053102884615384 0.5470133531914894 0.22031111538461537 0.5261514680851064 0.2141340128205128 0.5071825106382979 0.42149205448717947 0.48909980638297873 0.4205543782051282 0.4834679297872341 0.45045678525641025 0.4870625510638298 0.4719680096153846
0 0.6393946723404255 0.4902465192307693 0.6774128659574469 0.4956148237179487 0.700938925531915 0.24527728846153848 0.6631800659574468 0.23671426923076921 0.6508068042553191 0.4417723205128205 0.639986859574468 0.44347583333333335 0.6371341638297873 0.47861766666666666 0.6393946723404255 0.4902465192307693
0 0.5960774531914894 0.4712046506410256 0.6070083489361702 0.45497580769230767 0.6272739914893617 0.23164420512820513 0.585290885106383 0.2224847083333333 0.562431885106383 0.47776343269230775 0.5823673765957447 0.4821940608974359 0.5884069723404256 0.46042755448717954 0.5960774531914894 0.4712046506410256
0 0.3194228489361702 0.18171186217948718 0.2870405829787234 0.4227205384615385 0.3011958148936171 0.4457229615384615 0.33324793191489366 0.432476516025641 0.3491048617021277 0.26345501602564103 0.3632587382978723 0.1943643076923077 0.3194228489361702 0.18171186217948718
0 0.2539181468085106 0 0.24168070425531915 0.08671977884615385 0.28273741489361703 0.09413279807692308 0.2984327340425532 0 0.2539181468085106 0
0 0.2607673744680851 0.32530206410256407 0.27692107234042557 0.17894178846153846 0.23282584680851062 0.1694840544871795 0.19981395744680852 0.43140748076923074 0.2461322574468085 0.42663813461538463 0.2607673744680851 0.32530206410256407