0 0.5482726850220264 0.7010459946428571 0.5727821563876652 0.7115388642857143 0.5926996585903084 0.7000799339285714 0.5989231762114537 0.6809925803571428 0.5883750176211453 0.627996875 0.5668777114537445 0.5972023482142857 0.5597237268722467 0.5552915035714285 0.549906832599119 0.5417780375 0.5589924625550661 0.5158092625 0.5484770748898679 0.4861043482142857 0.5570634096916299 0.46546008035714287 0.5757995022026432 0.45477960892857144 0.5766316629955947 0.4459054267857143 0.5639526563876652 0.43927338214285716 0.5343846916299559 0.4354440125 0.5237520220264318 0.4424501232142857 0.5378280176211454 0.4814650642857143 0.5064784537444934 0.5320950803571429 0.5424855220264317 0.5499984499999999 0.5645148942731277 0.5987592607142856 0.5765937092511013 0.6590722375 0.5496041431718062 0.6868473035714286 0.5482726850220264 0.7010459946428571
0 0.4776960925110132 0.3662265375 0.5084618480176212 0.38092284821428574 0.5412411718061674 0.38596652142857146 0.545783986784141 0.37298213214285714 0.520941654185022 0.36603893392857145 0.5150018480176212 0.3466404267857143 0.4867981079295154 0.35190315714285714 0.4776960925110132 0.3662265375
0 0.4630880308370044 0.30924531250000004 0.45839516740088104 0.33564993214285715 0.4310727356828194 0.36697467321428573 0.4380111343612335 0.37572416428571426 0.45355225330396476 0.3754747857142857 0.46265426872246695 0.36115140535714285 0.4820233237885463 0.32008079464285716 0.47693205947136563 0.3034535017857143 0.4630880308370044 0.30924531250000004
0 0.6349406189427312 0.2259807482142857 0.6457724911894273 0.24049059285714286 0.6609643612334801 0.23214549107142857 0.6509810330396476 0.22040686071428572 0.6349406189427312 0.2259807482142857
0 0.5548558303964758 0.2171391607142857 0.5658213634361233 0.20658337678571428 0.5603972356828194 0.19350575535714287 0.5391155110132159 0.19587258035714283 0.5220437356828194 0.18880469285714285 0.5102460418502203 0.20823465892857143 0.52765068061674 0.211752875 0.5201966013215858 0.19668249464285714 0.5303299757709251 0.19500089107142857 0.52831640969163 0.20465353035714284 0.5394811431718062 0.2156137017857143 0.5548558303964758 0.2171391607142857
0 0.5570685969162995 0.22900247857142858 0.5227586167400882 0.2166415375 0.5160030352422907 0.21776260714285714 0.5106444427312775 0.25126657142857145 0.5415766299559471 0.2641880464285714 0.5570685969162995 0.22900247857142858
0 0.5005628105726873 0.1696555625 0.4904130550660793 0.15969176964285714 0.46136076872246695 0.16218328571428572 0.45530368281938327 0.17949580357142858 0.4362347224669604 0.19372595 0.4404774427312775 0.2075820267857143 0.46007846475770925 0.2113181642857143 0.46986259251101326 0.20154083750000001 0.4847379823788546 0.20839080357142856 0.4978999008810573 0.19805294285714287 0.5005628105726873 0.1696555625
0 0.4332087731277533 0.08415340714285714 0.39976372026431717 0.08620907857142858 0.396069449339207 0.10196468214285714 0.40723418502202646 0.11292485535714285 0.5202483458149779 0.11338988214285714 0.5462720881057269 0.11955462500000001 0.557071191629956 0.11077367678571429 0.5415136894273128 0.09937765892857142 0.45315904185022027 0.09598526785714286 0.4332087731277533 0.08415340714285714
0 0.5988188656387665 0.1265596017857143 0.608286513215859 0.13197734285714285 0.5969881123348018 0.14608279821428571 0.5804156365638766 0.13369040178571429 0.5608309977973569 0.14159965892857143 0.5598324052863436 0.15224867857142857 0.5735263876651983 0.1598771 0.593626704845815 0.15828873035714286 0.5966552488986784 0.14963247142857142 0.6024122400881058 0.15916041964285715 0.6221796938325991 0.16112172142857145 0.6312817092511014 0.14679834285714286 0.6436114691629956 0.1453346625 0.6594690660792951 0.1298902160714286 0.6477886519823789 0.11260915357142857 0.6508171960352422 0.10395289464285715 0.6264577753303965 0.08003979107142857 0.6186380638766519 0.04522829285714285 0.6095196651982379 0.047906275 0.623928526431718 0.08337154285714285 0.6183707356828194 0.09535955 0.5872721145374449 0.08421291071428572 0.5742766277533039 0.09277593749999999 0.5827620660792951 0.12048809285714286 0.5957739383259911 0.12357046428571429 0.5939268017621145 0.1314482642857143 0.5988188656387665 0.1265596017857143
0 0.29706574889867843 0.09393300535714286 0.2913087577092511 0.08440505714285715 0.2624229052863436 0.0851217375 0.2636370792951542 0.10763407321428571 0.2845859427312776 0.10881691785714286 0.29706574889867843 0.09393300535714286
0 0.2280422026431718 0.2626368125 0.2339820088105727 0.28203532142857146 0.2577929823788546 0.2763367446428572 0.2484753832599119 0.2574987696428571 0.2280422026431718 0.2626368125
0 0.28289745594713656 0.46960628749999994 0.2948779669603524 0.46004688392857146 0.31615969383259906 0.45768005714285714 0.3176248127753304 0.4184157375 0.27945412995594715 0.4235852375 0.27273131277533036 0.44799709821428574 0.28289745594713656 0.46960628749999994
0 0.5578653942731278 0.31506630535714286 0.568680883259912 0.3179307535714286 0.5678487224669603 0.3268049357142857 0.5565339383259912 0.32926499464285713 0.5611259074889867 0.35121679642857145 0.567897872246696 0.361741125 0.5913923656387665 0.3712376178571429 0.6177489713656388 0.3738526875 0.6341222511013216 0.3647291285714286 0.6601459889867841 0.3708938678571429 0.6682330308370044 0.3555741107142857 0.6849555550660793 0.354546275 0.6861205792951541 0.34212242142857147 0.6754715242290749 0.3374831375 0.6832257004405285 0.32571305178571425 0.6705466960352423 0.31908100714285714 0.6659547268722467 0.2971292053571429 0.6553056718061674 0.29248992142857144 0.6630598480176212 0.2807198357142857 0.6496987312775331 0.2695417392857143 0.6316283634361234 0.27312286964285715 0.6223271475770925 0.26593029107142857 0.5741895220264318 0.27100655535714285 0.5784322422907489 0.2848626339285714 0.5583319251101322 0.28645100535714285 0.5605446916299559 0.2983143232142857 0.5676331387665198 0.29364358214285713 0.5747379691629956 0.3006182375 0.565802385462555 0.3131667803571429 0.5566676035242291 0.30419936607142856 0.5578653942731278 0.31506630535714286
0 0.7382663634361234 0.4243242839285714 0.7437068744493393 0.4490473035714286 0.7651714162995595 0.4565510375 0.7986000837004406 0.44284996785714287 0.8026272224669604 0.42354469285714286 0.7868869030837004 0.40227811607142855 0.7449891806167401 0.399912425 0.7382663634361234 0.4243242839285714
0 0.7620118017621145 0.3720441232142857 0.7795828744493393 0.37378750357142854 0.7902155440528634 0.3667813910714286 0.788818550660793 0.33439849464285715 0.7513135969162996 0.33246864821428573 0.7506806365638766 0.3628587857142857 0.7620118017621145 0.3720441232142857
0 0.6928821718061674 0.8255619535714285 0.7246137511013216 0.8063184553571429 0.725579577092511 0.7723786446428571 0.7361958634361233 0.7537271375 0.7284089207048459 0.7422064303571428 0.7162455947136563 0.741895275 0.7117027775330397 0.7548796625 0.6990401563876653 0.7598930142857143 0.6844976299559472 0.7494933767857143 0.6498711696035243 0.7523275035714286 0.6457267533039648 0.8083438053571429 0.6793382378854625 0.8045132982142857 0.6852780440528635 0.8239118071428571 0.6928821718061674 0.8255619535714285
0 0.48036760572687226 0.7041609553571428 0.4649929207048458 0.7026355000000001 0.4471053678414097 0.7160871892857142 0.44560748237885467 0.7320607142857143 0.45407653524229075 0.7481274732142857 0.47807032378854625 0.7522994553571428 0.4855244052863436 0.7673698375 0.5007326585903084 0.7706701303571428 0.5242599185022027 0.8034574142857143 0.548420140969163 0.8058545625 0.5627634669603524 0.7947382428571429 0.5977391762114537 0.7999998392857143 0.6064755572687225 0.7659353392857143 0.626742308370044 0.7625721339285714 0.627375268722467 0.7321819964285715 0.608439975770925 0.7213465125 0.6072421828193832 0.7104795714285714 0.5827490969162995 0.7116320982142857 0.5847954339207048 0.7252702517857142 0.56789009030837 0.7164275285714286 0.5562424449339207 0.7224372607142857 0.5526818370044053 0.7131272339285714 0.5494868634361234 0.7235583303571428 0.5070898436123348 0.7265171464285715 0.49001807048458146 0.7194492589285715 0.48036760572687226 0.7041609553571428
0 0.4306174052863436 0.6436929732142858 0.4264074537444934 0.6531276892857143 0.46442809030837007 0.6613784214285714 0.46677451982378854 0.6481761125000001 0.4306174052863436 0.6436929732142858
0 0.33186205506607924 0.6921134446428572 0.33038055066079297 0.7197323660714285 0.36247776211453747 0.7202299875 0.3626114273127753 0.6951643589285714 0.33186205506607924 0.6921134446428572
0 0.3424429823788546 0.7683999428571429 0.3426257973568282 0.7782705035714286 0.3547891255506608 0.7785816607142858 0.35342490088105727 0.7694895571428572 0.3424429823788546 0.7683999428571429
0 0.36412310572687223 0.8090650303571428 0.33894790969162997 0.8056715035714286 0.32340679074889866 0.8059208821428572 0.3230903105726872 0.8211159517857143 0.3636401938325991 0.8260349357142858 0.36412310572687223 0.8090650303571428
0 0.2602764933920705 0.8408582089285714 0.25854663876651984 0.8120249839285715 0.22949435462555068 0.8145165 0.23157345594713657 0.8514454482142858 0.24255537665198237 0.8525350607142856 0.2602764933920705 0.8408582089285714
0 0.5506984449339207 0.8642994678571428 0.5597840748898678 0.8383306928571429 0.5552084911894273 0.8280242857142858 0.5367888788546256 0.8235096910714286 0.44775211894273126 0.8155712482142857 0.43390809030837 0.8213630571428571 0.4256218502202643 0.8151668589285714 0.40370716519823785 0.847923825 0.4052705881057269 0.8785318839285714 0.4522431894273128 0.8858794714285715 0.4917453303964757 0.8665112839285715 0.5378693876651982 0.8710876571428571 0.5506984449339207 0.8642994678571428
0 0.8666120704845816 0.8759391839285714 0.8363619955947137 0.8675637607142858 0.8095060947136563 0.8702732 0.8097052929515418 0.8917891571428571 0.8588742797356829 0.8993546678571429 0.8666120704845816 0.8759391839285714
0 0.8141083920704846 1 0.8123656123348018 0.9816205785714286 0.7936131343612335 0.9806556553571427 0.7806176475770925 0.9892186803571428 0.7776485660792952 1 0.8141083920704846 1
0 0.6964238017621145 0.9414553839285714 0.7128134647577093 0.9439772214285714 0.7148270308370044 0.9343245839285714 0.7062079295154186 0.9316780571428572 0.6964238017621145 0.9414553839285714
0 0.5834260220264317 0.9526357517857141 0.6003149823788546 0.9498330803571429 0.6028278458149781 0.9348559339285714 0.5732598788546255 0.9310265624999999 0.5619450969162996 0.9334866232142858 0.5663542488986784 0.9455678625 0.5834260220264317 0.9526357517857141
0 0.42814850440528635 0.9300639107142856 0.4342219757709251 0.9243967892857142 0.43385634361233477 0.9046556696428572 0.4186480903083701 0.9013553767857143 0.38976223788546255 0.9020720571428571 0.40162546696035245 0.9292236785714286 0.42814850440528635 0.9300639107142856
0 0.3629227202643172 0.916426892857143 0.3764338876651982 0.9141847553571428 0.38284022246696037 0.9049679625 0.3777489603524229 0.8883406696428572 0.3459846101321586 0.884293375 0.3384132511013216 0.9059340196428571 0.3629227202643172 0.916426892857143
0 0.23707950220264318 0.9227500517857143 0.2358817114537445 0.9118831125 0.20631374669603525 0.9080537392857142 0.20177093171806168 0.9210381285714285 0.22897608149779736 0.9264244125000001 0.23707950220264318 0.9227500517857143
0 0.8889605176211454 0.791276125 0.8879783083700441 0.8135705392857142 0.9173798414096916 0.8191747464285715 0.9208912973568282 0.7935485839285714 0.8889605176211454 0.791276125
0 0.847780268722467 0.6985184785714286 0.8503586674008811 0.7301229178571429 0.8618234977973569 0.7142426232142857 0.8587621872246697 0.6996080892857143 0.847780268722467 0.6985184785714286
0 0.677627359030837 0.6690966696428572 0.6635841299559472 0.6533725232142857 0.6521029162995595 0.6576074178571428 0.6526349779735683 0.6755737035714287 0.6729181123348017 0.6838558946428571 0.677627359030837 0.6690966696428572
0 0.45766130837004404 0.41439649285714286 0.46476614096916297 0.4213711482142857 0.47726233039647575 0.4181326303571428 0.47150533920704846 0.40860468214285717 0.45766130837004404 0.41439649285714286
0 0.4515714537444934 0.4084182160714286 0.4434516475770925 0.40044718035714283 0.4101730264317181 0.4007280160714286 0.4135835881057269 0.423458275 0.4482100462555066 0.42062414642857143 0.4515714537444934 0.4084182160714286
0 0.06963865859030836 0.8998670553571428 0.08246771365638766 0.8930788660714286 0.08143635242290749 0.8804370910714286 0.06266749339207049 0.8678267696428572 0.044763559471365635 0.8696330624999999 0.04767482158590309 0.8976878285714285 0.06963865859030836 0.8998670553571428
0 0.7947471629955947 0.10569400357142858 0.7797053414096916 0.100618875 0.7729497577092511 0.10173994285714286 0.7733153876651983 0.12148106249999999 0.7898714823788546 0.12222806428571428 0.7947471629955947 0.10569400357142858
0 0.5846773325991189 0.040963076785714286 0.5828301960352423 0.048840878571428575 0.5904343237885463 0.05049102321428571 0.5944778414096916 0.042831144642857144 0.5846773325991189 0.040963076785714286
0 0.44288940969162993 0.24096130178571432 0.44679926651982377 0.2583670535714286 0.46588460572687224 0.25578230357142856 0.462823295154185 0.24114776785714287 0.44288940969162993 0.24096130178571432