0 0.039060497354497355 0.6269893814814815 0.02898159788359788 0.6110010518518518 0.01035878835978836 0.6125848925925926 0.013153648148148149 0.648143937037037 0.035802227513227515 0.6451648592592593 0.039060497354497355 0.6269893814814815
0 0.1921628783068783 0.5702751777777778 0.19532701058201057 0.5947479333333333 0.21268995767195767 0.5911655555555555 0.21078568783068785 0.5686913333333333 0.1921628783068783 0.5702751777777778
0 0.14360744708994708 0.5944088 0.1487989417989418 0.6376603518518519 0.17433652116402115 0.6275920814814815 0.17040488624338626 0.5863390740740742 0.14360744708994708 0.5944088
0 0.10119928835978836 0.5932777481481482 0.10473269312169312 0.606664225925926 0.11681000529100528 0.6024785333333333 0.11201673809523809 0.5870935111111112 0.10119928835978836 0.5932777481481482
0 0.10126447619047618 0.5116766925925925 0.10744070105820107 0.5253648259259259 0.11699828835978836 0.5171820518518518 0.11220501851851852 0.5017970333333334 0.10126447619047618 0.5116766925925925
0 0.05302041534391534 0.4468184111111111 0.058950457671957675 0.46789739999999996 0.07920240476190477 0.45722581481481483 0.06648068253968255 0.4409358333333333 0.05302041534391534 0.4468184111111111
0 0.13034274867724868 0.35548821851851853 0.13553424338624337 0.3987397703703704 0.16924645238095237 0.38218560740740737 0.16242582275132275 0.3480217962962963 0.13034274867724868 0.35548821851851853
0 0.19733270634920635 0.41506723333333334 0.20326274603174604 0.43614621851851854 0.21534006084656085 0.43196052592592593 0.2133126984126984 0.4131817333333333 0.19733270634920635 0.41506723333333334
0 0.22437633068783067 0.3996066481481481 0.23294918783068785 0.42098728888888887 0.24803858994708997 0.4060169703703704 0.24336841269841272 0.3869365222222222 0.22437633068783067 0.3996066481481481
0 0.13964686507936508 0.5142029814814815 0.1352518201058201 0.5266844888888889 0.1599277619047619 0.5424842074074073 0.1620492619047619 0.5186147629629629 0.13964686507936508 0.5142029814814815
0 0.1818088439153439 0.5227248851851851 0.177290708994709 0.538901825925926 0.21819282275132276 0.5454251962962963 0.2306394074074074 0.5301532222222222 0.1818088439153439 0.5227248851851851
0 0.09028060582010582 0.12463736296296296 0.07669725132275132 0.13421537037037037 0.0857624708994709 0.1408143037037037 0.09028060582010582 0.12463736296296296
0 0.2648223201058201 0.3003578518518519 0.2731489920634921 0.3291293518518518 0.30434147883597884 0.30857810740740743 0.28670339947089946 0.2805985296296296 0.2648223201058201 0.3003578518518519
0 0.33045827513227516 0.40058656666666664 0.31822892063492064 0.3695148740740741 0.29834625132275133 0.3691001740740741 0.2884193888888889 0.3883692296296296 0.3019086058201058 0.42143946666666665 0.33045827513227516 0.40058656666666664
0 0.4791366587301587 0.31740106296296294 0.46718243650793656 0.3178913296296296 0.4636490317460317 0.30450485185185183 0.47458957142857144 0.2946251888888889 0.4361782328042328 0.2531460888888889 0.40584738624338623 0.24782934444444443 0.38270643915343916 0.2655901259259259 0.37115044444444445 0.2939469222222222 0.3753282566137566 0.32780907777777774 0.4173960925925926 0.3789792259259259 0.45009462433862435 0.35303567037037037 0.46570534126984126 0.36223645555555556 0.4681961190476191 0.32728072222222226 0.4791366587301587 0.31740106296296294
0 0.37676911375661376 0.40401781851851853 0.42406468253968255 0.37788565185185186 0.4032914206349206 0.3643861259259259 0.3307334074074074 0.43214852592592595 0.2710202037037037 0.5125054814814815 0.2765809735449735 0.5446707518518519 0.3158539497354497 0.560281862962963 0.34163771164021167 0.5428227333333333 0.34286862433862436 0.5058684592592593 0.3155498650793651 0.48976708888888887 0.30949673280423284 0.472383525925926 0.37676911375661376 0.40401781851851853
0 0.2530128544973545 0.4956121888888889 0.2564231666666667 0.5126940925925926 0.2712663862433863 0.5051146259259259 0.263707208994709 0.4931233814814815 0.2530128544973545 0.4956121888888889
0 0.23730799470899472 0.5290596444444444 0.23291294973544974 0.5415411592592593 0.27381506349206347 0.5480645222222222 0.2702816560846561 0.5346780444444444 0.23730799470899472 0.5290596444444444
0 0.471229873015873 0.5149555888888888 0.4923724074074074 0.5173688296296296 0.5421587486772487 0.45628093703703704 0.5951092248677249 0.4196657925925926 0.4650246984126984 0.4623146444444445 0.4393350767195767 0.43712552962962964 0.4073750925925926 0.44089652222222225 0.3837417857142857 0.4734390148148148 0.38275705555555556 0.5030024333333333 0.42003162433862434 0.538787562962963 0.4488274761904762 0.5105438074074073 0.4564807936507937 0.47988681481481477 0.471229873015873 0.5149555888888888
0 0.33265934126984126 0.6530822407407407 0.29378458994708995 0.6653376629629629 0.2614842830687831 0.7191477555555555 0.26504664285714286 0.7714870444444445 0.2969124841269841 0.8103642925925926 0.3474952751322751 0.8050094592592593 0.3772758544973545 0.7472022851851852 0.3737135 0.6948629925925927 0.3599781005291005 0.6691836148148148 0.33265934126984126 0.6530822407407407
0 0.26246172486772484 0.8490910185185184 0.2706653095238095 0.8815579407407408 0.29632597883597883 0.8677942444444445 0.2867394417989418 0.8370242037037037 0.26246172486772484 0.8490910185185184
0 0.49371912433862436 0.6362258148148148 0.4774929470899471 0.6455021629629629 0.4583488227513227 0.6229149037037037 0.43858924603174604 0.6188047777777778 0.4207339338624339 0.6371688666666667 0.42189965608465607 0.6818156481481482 0.45149195767195766 0.709304962962963 0.47576967195767195 0.6972381481481481 0.4966660238095238 0.7070422444444445 0.509358791005291 0.6843794148148148 0.5074545211640212 0.6619051962962963 0.49371912433862436 0.6362258148148148
0 0.3911416322751323 0.6096795555555556 0.3866234973544974 0.6258565 0.4165850740740741 0.642259525925926 0.4214724814814815 0.6149963037037037 0.3911416322751323 0.6096795555555556
0 0.3485016693121693 0.9739055333333334 0.33793040211640213 0.9726989148148149 0.33857480952380953 0.9931745925925927 0.3485016693121693 0.9739055333333334
0 0.5416228571428572 0.7511231888888888 0.5450331746031746 0.7682050962962963 0.5544676693121693 0.7637177481481481 0.5524403095238095 0.7449389592592592 0.5416228571428572 0.7511231888888888
0 0.5116902380952382 0.7736729777777778 0.5107055079365079 0.8032363925925926 0.49171342592592593 0.8159065185185185 0.49752037301587304 0.8406809333333334 0.5123635952380953 0.8331014703703704 0.5159911428571429 0.8038397037037037 0.5268085899470899 0.7976554703703703 0.5225076851851852 0.7674887407407407 0.5116902380952382 0.7736729777777778
0 0.6589567142857142 0.6532315444444444 0.6862465211640212 0.6303801037037037 0.6748788042328042 0.5734404185185186 0.6641844470899471 0.5759292259259259 0.6633228095238095 0.6017972185185185 0.6732786216931217 0.621480974074074 0.6501376746031746 0.6392417555555555 0.6345269576719577 0.6300409703703704 0.6078815582010582 0.6733680851851852 0.6112918730158731 0.6904499925925927 0.6458946746031746 0.6869806555555555 0.6589567142857142 0.6532315444444444
0 0.5731556693121693 0.6805328518518517 0.5568064021164022 0.6935046333333333 0.5596302116402116 0.7680164851851852 0.575885335978836 0.7976929481481482 0.607352955026455 0.8087036666666666 0.6362718968253968 0.7767644851851853 0.6231809074074074 0.7715607814814816 0.6220151825396825 0.7269140000000001 0.608279783068783 0.7012346185185185 0.5731556693121693 0.6805328518518517
0 0.8573924894179894 0.4700053259259259 0.8013068333333333 0.5211005185185185 0.8204509576719577 0.5436877814814816 0.8321300476190476 0.5116355555555556 0.8476176719576719 0.5245317703703704 0.8742920211640213 0.5201574666666667 0.9145207777777777 0.46725234074074073 0.9122472354497354 0.4558644037037037 0.8573924894179894 0.4700053259259259
0 0.7322243253968255 0.5243437666666666 0.7313626851851851 0.5502117592592592 0.7176562380952382 0.5634851925925926 0.7178082777777778 0.5987425814814814 0.7326515 0.5911631148148148 0.7267214603174603 0.5700841222222222 0.7550249444444445 0.5566220814814814 0.7508471322751323 0.522759925925926 0.7322243253968255 0.5243437666666666
0 0.7064188994708994 0.3433434 0.7119796666666667 0.37550866666666666 0.7319854285714286 0.37222793703703705 0.7361053386243386 0.3281844666666667 0.7064188994708994 0.3433434
0 0.6799907301587301 0.3403268481481482 0.6625988333333334 0.3049564185185185 0.6544242037037037 0.3114423074074074 0.6639166005291005 0.3848605851851852 0.6791290925925926 0.36619484074074077 0.6799907301587301 0.3403268481481482
0 0.8306746164021164 0.7544401777777777 0.8012343571428571 0.7622082555555556 0.8289223888888889 0.7672233444444445 0.8306746164021164 0.7544401777777777
0 0.865400507936508 0.7472754111111112 0.8358371587301586 0.7587389148148148 0.8661680052910052 0.764055662962963 0.865400507936508 0.7472754111111112
0 0.8862679074074075 0.7181266925925925 0.8709323227513228 0.7404878666666667 0.9115882566137565 0.7544020925925926 0.9645387301587302 0.7177869518518519 0.8862679074074075 0.7181266925925925
0 0.6976431878306878 0.7262726037037037 0.6772681507936508 0.7406396111111111 0.6740098809523809 0.7588150925925926 0.701205544973545 0.7786118925925926 0.7069835423280423 0.7644334962962963 0.7864852777777778 0.7271394814814816 0.7395589841269841 0.742185362962963 0.6976431878306878 0.7262726037037037
0 0.24226768253968253 0.9376682259259259 0.25837076719576724 0.9320873037037036 0.26817453703703703 0.9165136740740741 0.26073844973544974 0.9008269962962963 0.23292732804232805 0.8995073333333333 0.22287737566137567 0.9224718185185184 0.24226768253968253 0.9376682259259259