0 0.31386558267716536 0.5378622947368421 0.3059895708661417 0.5371270105263157 0.2882112559055118 0.5223287578947369 0.2822927913385827 0.5191485210526317 0.2764430590551181 0.5317409157894737 0.2765117874015748 0.5475135421052632 0.2804727086614173 0.5531387263157894 0.28063308267716536 0.5899415210526315 0.2826135393700787 0.5927541157894737 0.2904437362204725 0.5829743157894737 0.31800979133858265 0.5855478157894737 0.32779753149606294 0.5733230736842105 0.32772879921259845 0.5575504421052632 0.31386558267716536 0.5378622947368421
0 0.12525361811023622 0.6148511894736842 0.16870916141732284 0.6504405157894737 0.19627521653543306 0.6530140157894737 0.253227405511811 0.6241708157894736 0.24919775590551183 0.6027730052631579 0.2530212086614173 0.5768529368421053 0.2450306377952756 0.5498299368421052 0.2053756377952756 0.4830629947368421 0.09709188582677165 0.4755815842105263 0.07737893700787402 0.46848582105263153 0.06561074015748031 0.47789797894736846 0.03806759448818898 0.4805820157894736 0.03221786220472441 0.4931744105263158 0.03230950393700788 0.5142045789473684 0.0541632874015748 0.5609157263157895 0.10151101968503937 0.5863576157894737 0.10356020866141732 0.6049428368421053 0.10950158661417324 0.6133806105263158 0.12525361811023622 0.6148511894736842
0 0.2852125866141732 0.737520352631579 0.2872159566929134 0.7455904894736842 0.29902998031496064 0.7466934210526316 0.3009646181102362 0.7389909263157894 0.2969807913385827 0.7281082 0.2811600275590551 0.710865 0.27328401181102363 0.7101297105263158 0.2733298346456693 0.7206448000000001 0.2852125866141732 0.737520352631579
0 0.23876851574803148 0.4677865684210526 0.2525171771653543 0.461187 0.2524484448818898 0.44541437368421055 0.2445495157480315 0.43942154736842104 0.2346930433070866 0.43587366842105263 0.22490530314960627 0.4480984157894737 0.23086958661417323 0.46179373684210523 0.23876851574803148 0.4677865684210526
0 0.2246761968503937 0.3955229894736842 0.23457848818897636 0.40958595789473684 0.24639251181102362 0.4106888894736842 0.2561802519685039 0.39846414210526315 0.2561573464566929 0.3932065947368421 0.24823550787401574 0.38195622631578946 0.23050301968503936 0.3776730578947368 0.22859129133858266 0.3906330947368421 0.2246761968503937 0.3955229894736842
0 0.22007377952755905 0.24268662105263158 0.2299760748031496 0.2567495842105263 0.24179009448818897 0.2578525105263158 0.24766274015748033 0.25051766315789475 0.24759400787401575 0.23474503684210526 0.2436330905511811 0.22911985263157894 0.22590060236220474 0.2248366842105263 0.2200279566929134 0.23217153157894738 0.22007377952755905 0.24268662105263158
0 0.23115466141732285 0.07554819473684211 0.2410569527559055 0.08961115789473684 0.248932968503937 0.09034644736842107 0.2548056181102362 0.0830115947368421 0.2547139724409449 0.06198142631578948 0.25075305511811025 0.05635624210526316 0.23695857086614175 0.05244072105263158 0.2310859251968504 0.05977556842105263 0.23115466141732285 0.07554819473684211
0 0.06953597637795275 0.023672026315789473 0.0696276220472441 0.04470219473684211 0.061820338582677166 0.05973953684210526 0.06384661811023622 0.07306721578947369 0.07959864960629921 0.07453778421052631 0.09721658267716535 0.052533236842105265 0.09712494094488189 0.03150307368421053 0.08920310236220473 0.020252705263157894 0.07540862204724409 0.01633717894736842 0.06953597637795275 0.023672026315789473
0 0.006940248031496063 0.11242550000000001 0.008920704724409449 0.11523808947368422 0.02467273622047244 0.11670866315789473 0.03054538188976378 0.10937381578947368 0.02257772834645669 0.08760835789473684 0.006825696850393701 0.08613778947368421 0.006940248031496063 0.11242550000000001
0 0.09790390157480315 0.21025951052631578 0.09394298425196851 0.20463432631578946 0.07819095669291339 0.20316375789473687 0.07825968897637794 0.2189363842105263 0.08420106299212599 0.22737415789473683 0.09797263779527558 0.22603213684210527 0.09790390157480315 0.21025951052631578
0 0.020014358267716536 0.4026932631578947 0.019968535433070866 0.39217817368421054 0.008108692913385826 0.38056016315789476 0.008227830708661418 0.40789938421052635 0.010203704724409448 0.4096604631578947 0.020014358267716536 0.4026932631578947
0 0.00786584251968504 0.3248302105263158 0.009837133858267717 0.3255397842105263 0.01174886220472441 0.31257975263157894 0.007787944881889763 0.3069545684210526 0.00786584251968504 0.3248302105263158
0 0.11254607874015748 0.4087041 0.11841872440944881 0.40136925263157897 0.11834999212598425 0.38559662631578945 0.11438907480314961 0.3799714421052632 0.1084706062992126 0.3767912052631579 0.10259796062992127 0.38412605789473686 0.10266669291338583 0.3998986842105263 0.11254607874015748 0.4087041
0 0.15800499606299212 0.45236356842105263 0.15404407874015746 0.4467383842105263 0.14812561023622048 0.4435581473684211 0.14225296456692912 0.4508929947368421 0.1442792440944882 0.4642206736842105 0.15805081496062995 0.46287865263157896 0.15800499606299212 0.45236356842105263
0 0.20312025196850392 0.4171599 0.20899289763779527 0.40982504736842107 0.20698952362204726 0.4017549105263158 0.2010710590551181 0.3985746789473684 0.19909059842519686 0.3957620789473684 0.1932179527559055 0.4030969315789474 0.19524423622047243 0.4164246105263158 0.20312025196850392 0.4171599
0 0.3451634488188976 0.49348556315789477 0.3549741023622047 0.48651835263157894 0.3549053700787402 0.4707457263157895 0.34700644488188975 0.46475289999999997 0.3410879763779528 0.46157266315789475 0.33521533070866144 0.4689075105263158 0.335284062992126 0.48468013684210526 0.3451634488188976 0.49348556315789477
0 0.30660815748031495 0.6790806578947369 0.30469642913385825 0.6920406894736842 0.31455290157480315 0.6955885684210527 0.32042554724409444 0.6882537210526315 0.3204026377952756 0.6829961736842105 0.30660815748031495 0.6790806578947369
0 0.29347808661417324 0.8276338631578948 0.29941946456692914 0.8360716421052632 0.30729547637795274 0.8368069210526315 0.3112563937007874 0.8424321105263158 0.3210441338582677 0.8302073578947368 0.3170603110236221 0.8193246368421053 0.2993278188976378 0.8150414684210526 0.29345517322834647 0.8223763210526315 0.29347808661417324 0.8276338631578948
0 0.3957746377952756 0.8161624105263158 0.3917908070866142 0.8052796842105263 0.3799767834645669 0.8041767526315791 0.38002261023622047 0.8146918421052631 0.3859639842519685 0.8231296210526317 0.38990199212598425 0.8234972631578947 0.3957746377952756 0.8161624105263158
0 0.546712062992126 0.6752191736842105 0.5506729803149606 0.6808443631578948 0.5565456259842521 0.6735095105263158 0.5564998031496063 0.6629944263157895 0.5427053228346457 0.6590789 0.5368326771653543 0.666413752631579 0.5368555905511811 0.6716712947368422 0.546712062992126 0.6752191736842105
0 0.2494726811023622 0.6658635105263158 0.24157375590551183 0.6598706842105263 0.23565529133858268 0.6566904473684211 0.23174019291338582 0.6615803526315789 0.21205015354330708 0.6597421315789473 0.20617751181102362 0.6670769789473684 0.20620042125984253 0.6723345210526316 0.21214179921259843 0.6807723 0.23183183464566928 0.6826105157894737 0.23574693307086617 0.6777206210526316 0.24362294881889765 0.6784559052631579 0.24949559448818898 0.6711210578947369 0.2494726811023622 0.6658635105263158
0 0.18678531102362206 0.7335868157894737 0.1828243937007874 0.7279616315789474 0.17690592913385828 0.724781394736842 0.17103328346456692 0.7321162473684211 0.1730595590551181 0.7454439210526316 0.18683113385826772 0.7441019 0.18678531102362206 0.7335868157894737
0 0.12161344881889764 0.6828315894736842 0.12352517716535434 0.6698715578947368 0.10973069291338583 0.6659560368421052 0.10781896456692913 0.6789160684210527 0.12161344881889764 0.6828315894736842
0 0.590419625984252 0.7686414684210526 0.5884849881889764 0.7763439631578948 0.5944263661417323 0.7847817421052632 0.6023023779527559 0.7855170315789474 0.6042141062992126 0.7725569894736842 0.590419625984252 0.7686414684210526
0 0.6574115748031496 0.7854064894736843 0.6771016141732283 0.7872447052631579 0.6829742559055118 0.7799098578947369 0.6789904291338583 0.7690271315789473 0.6573199330708661 0.7643763210526316 0.6514472874015749 0.7717111684210527 0.6514701968503938 0.7769687105263158 0.6574115748031496 0.7854064894736843
0 0.650278842519685 0.5035765052631579 0.656220216535433 0.5120142842105263 0.671972248031496 0.5134848578947369 0.6778448937007875 0.5061500105263158 0.6777990748031496 0.4956349263157895 0.673838157480315 0.49000974210526316 0.6600436732283465 0.48609421578947365 0.6502559330708662 0.49831896842105267 0.650278842519685 0.5035765052631579
0 0.5038852440944882 0.3322474368421052 0.5137875393700788 0.34631040526315787 0.5177255472440945 0.34667804736842106 0.5235981929133858 0.3393431947368421 0.5235523740157481 0.3288281157894737 0.5195914566929133 0.32320292631578945 0.5097349803149607 0.31965504736842104 0.5038623346456693 0.3269899 0.5038852440944882 0.3322474368421052
0 0.5412619527559055 0.3278537368421052 0.5353893070866143 0.33518858421052633 0.5374155826771654 0.34851626315789475 0.5472491496062992 0.3468065947368421 0.5471804173228346 0.33103396842105265 0.5412619527559055 0.3278537368421052
0 0.5901090196850394 0.24569982631578946 0.5861480984251969 0.24007464210526316 0.5802296338582678 0.2368944 0.5743569881889764 0.24422925263157894 0.5764061771653544 0.2628144684210526 0.590177748031496 0.261472452631579 0.5901090196850394 0.24569982631578946
0 0.9304272283464567 0.6558601894736842 0.948159720472441 0.660143352631579 0.9579474645669291 0.6479186052631579 0.9539636338582677 0.6370358789473685 0.9441071614173229 0.6334880052631578 0.9362540551181102 0.638010252631579 0.9303814094488189 0.6453451052631579 0.9304272283464567 0.6558601894736842
0 0.9673915433070867 0.5568307263157894 0.9732871023622047 0.5547534157894737 0.977179283464567 0.5446059736842105 0.9732183661417323 0.5389807894736842 0.9672999015748032 0.5358005578947368 0.9614272559055118 0.543135405263158 0.9614501653543307 0.5483929421052631 0.9673915433070867 0.5568307263157894
0 0.8696057677165354 0.7001083736842105 0.8715404015748032 0.6924058789473685 0.8616839291338583 0.688858 0.8597492913385827 0.6965604947368421 0.8696057677165354 0.7001083736842105
0 0.8164999409448819 0.708289047368421 0.8224413188976377 0.7167268210526316 0.8303173307086614 0.7174621105263158 0.8361899803149606 0.7101272631578948 0.8341866062992126 0.7020571315789473 0.8282681417322835 0.6988768894736842 0.8223496771653542 0.6956966578947369 0.8164770275590552 0.7030315052631579 0.8164999409448819 0.708289047368421
0 0.6125681496062992 1 0.6130752795275591 0.9993665999999999 0.6130294606299213 0.9888515157894737 0.6051305354330709 0.9828586894736843 0.6031500748031496 0.980046094736842 0.5972774291338583 0.9873809421052633 0.5973232480314961 0.9978960315789474 0.5988047362204725 1 0.6125681496062992 1