0 0 0.9325980392156863 0.017973856209150325 0.9325980392156863 0.06045751633986928 0.9203431372549019 0.059640522875817 0.8308823529411765 0.03839869281045752 0.821078431372549 0 0.8296568627450981 0 0.9325980392156863
0 0.19607843137254902 0.8615196078431373 0.1707516339869281 0.8504901960784313 0.125 0.8651960784313726 0.12091503267973856 0.9129901960784313 0.14052287581699346 0.9203431372549019 0.19526143790849673 0.9142156862745098 0.19607843137254902 0.8615196078431373
0 0.3284313725490196 0.8026960784313726 0.28022875816993464 0.7941176470588235 0.25735294117647056 0.8063725490196079 0.26143790849673204 0.9007352941176471 0.3104575163398693 0.9056372549019608 0.3333333333333333 0.9007352941176471 0.3284313725490196 0.8026960784313726
0 0.09803921568627451 0.7781862745098039 0.09803921568627451 0.7267156862745098 0.0923202614379085 0.7107843137254902 0.0857843137254902 0.7107843137254902 0.07924836601307189 0.7303921568627451 0.06944444444444445 0.7205882352941176 0.06045751633986928 0.7267156862745098 0.06209150326797386 0.8394607843137255 0.07516339869281045 0.8419117647058824 0.0915032679738562 0.8149509803921569 0.09803921568627451 0.7781862745098039
0 0.4624183006535948 0.7855392156862745 0.3929738562091503 0.7892156862745098 0.40032679738562094 0.8860294117647058 0.45588235294117646 0.8933823529411765 0.46895424836601307 0.8884803921568627 0.4624183006535948 0.7855392156862745
0 0.559640522875817 0.7843137254901961 0.545751633986928 0.7953431372549019 0.5498366013071896 0.8774509803921569 0.6143790849673203 0.8811274509803921 0.6119281045751634 0.7892156862745098 0.559640522875817 0.7843137254901961
0 0.7745098039215687 0.7316176470588235 0.7279411764705882 0.7426470588235294 0.7066993464052288 0.7254901960784313 0.704248366013072 0.866421568627451 0.7467320261437909 0.8713235294117647 0.7761437908496732 0.8639705882352942 0.7745098039215687 0.7316176470588235
0 0.7761437908496732 1 0.7753267973856209 0.9215686274509803 0.7091503267973857 0.9301470588235294 0.7099673202614379 1 0.7761437908496732 1
0 0.6241830065359477 1 0.6200980392156863 0.9338235294117647 0.5375816993464052 0.9424019607843137 0.5433006535947712 1 0.6241830065359477 1
0 0.47549019607843135 1 0.4714052287581699 0.946078431372549 0.40032679738562094 0.9546568627450981 0.40604575163398693 1 0.47549019607843135 1
0 0.3431372549019608 1 0.3374183006535948 0.9558823529411765 0.26633986928104575 0.9644607843137255 0.26715686274509803 1 0.3431372549019608 1
0 0.2107843137254902 1 0.21895424836601307 0.9791666666666666 0.21650326797385622 0.9681372549019608 0.12581699346405228 0.9767156862745098 0.12663398692810457 1 0.2107843137254902 1
0 0.7075163398692811 1 0.7066993464052288 0.928921568627451 0.6437908496732027 0.9350490196078431 0.6495098039215687 1 0.7075163398692811 1
0 0.9084967320261438 1 0.9060457516339869 0.9142156862745098 0.8415032679738562 0.9203431372549019 0.8455882352941176 1 0.9084967320261438 1
0 0.8415032679738562 1 0.8374183006535948 0.9166666666666666 0.7761437908496732 0.9252450980392157 0.7785947712418301 1 0.8415032679738562 1
0 0.9011437908496732 0.7598039215686274 0.8349673202614379 0.7610294117647058 0.8374183006535948 0.8578431372549019 0.9035947712418301 0.8590686274509803 0.9084967320261438 0.8492647058823529 0.9011437908496732 0.7598039215686274
0 1 0.7659313725490197 0.9844771241830066 0.7647058823529411 0.9673202614379085 0.7781862745098039 0.9689542483660131 0.8419117647058824 1 0.8492647058823529 1 0.7659313725490197
0 0.9338235294117647 0.7303921568627451 0.9297385620915033 0.7536764705882353 0.9362745098039216 0.8051470588235294 0.9624183006535948 0.8100490196078431 0.9624183006535948 0.7389705882352942 0.9338235294117647 0.7303921568627451
0 0.9060457516339869 0.6642156862745098 0.9052287581699346 0.7659313725490197 0.9093137254901961 0.7745098039215687 0.9264705882352942 0.7732843137254902 0.9281045751633987 0.6825980392156863 0.9060457516339869 0.6642156862745098
0 1 0.9080882352941176 0.9419934640522876 0.9117647058823529 0.9428104575163399 1 1 1 1 0.9080882352941176
0 0.5849673202614379 0.5796568627450981 0.5727124183006536 0.5661764705882353 0.5514705882352942 0.5686274509803921 0.5571895424836601 0.5992647058823529 0.5702614379084967 0.6115196078431373 0.5816993464052288 0.6017156862745098 0.5849673202614379 0.5796568627450981
0 0.5808823529411765 0.5735294117647058 0.440359477124183 0.4264705882352941 0.30310457516339867 0.30637254901960786 0.27450980392156865 0.34191176470588236 0.2900326797385621 0.36519607843137253 0.4632352941176471 0.5171568627450981 0.548202614379085 0.5686274509803921 0.5571895424836601 0.5992647058823529 0.5751633986928104 0.6090686274509803 0.5849673202614379 0.5870098039215687 0.5808823529411765 0.5735294117647058