0 0.5976370320855615 0.3589159962686567 0.5726969197860963 0.39325867537313436 0.5388786149732621 0.39015542537313436 0.5188886042780748 0.4284972910447761 0.3964068556149733 0.4385278246268657 0.3406196898395722 0.40859394776119407 0.39590325401069515 0.4774761604477612 0.4351900748663102 0.49407939552238805 0.46281704545454544 0.4800713731343284 0.4629266524064171 0.5013511828358209 0.4873631604278075 0.5059568395522388 0.4966353502673797 0.4831746231343284 0.5076671818181818 0.48300527611940297 0.5246859385026738 0.5058367089552238 0.5181954064171123 0.5217842611940298 0.49364928877005343 0.4958987947761194 0.48283667379679146 0.5386277611940299 0.42139139572192513 0.5495325335820895 0.42850994919786095 0.5643655858208956 0.4205737834224599 0.573090567164179 0.39118717112299467 0.5644857164179105 0.37809650000000006 0.5751010149253731 0.4723380668449198 0.5967470298507462 0.5224375026737968 0.5706212985074627 0.5591470695187166 0.5881696902985075 0.5680104518716578 0.5771664888059702 0.6128605882352941 0.5801003880597015 0.6384435294117647 0.624987447761194 0.6568931096256685 0.6065923246268656 0.69772035828877 0.6032488171641791 0.6885577754010694 0.6473108432835821 0.7069125588235293 0.6560850410447762 0.6812496310160427 0.6868164328358208 0.6841408930481283 0.7012615746268657 0.7309402620320856 0.6724697164179104 0.7533179304812834 0.687521328358209 0.7508354732620321 0.6612971679104478 0.7837117513368984 0.6182295111940298 0.810207101604278 0.6123892164179104 0.8262986390374332 0.6374988731343283 0.8429885802139038 0.5964908768656716 0.8646434331550802 0.6079312014925373 0.8720611844919787 0.5897054253731343 0.9144288609625669 0.5664151679104478 0.9234818395721925 0.501073328358209 0.955022090909091 0.4720629104477612 0.9403761818181818 0.4541758246268657 0.9332428235294118 0.3908936492537313 0.9521012112299465 0.36071951119402984 0.949209949197861 0.34627436194029854 0.9158952459893048 0.30422277985074625 0.9281534946524065 0.2687163880597015 0.9161796390374332 0.22271482462686568 0.9278098663101605 0.15642782835820895 0.8982484705882353 0.2506107425373134 0.8662846042780747 0.2429510485074627 0.8425857192513369 0.29040580597014926 0.8231941096256684 0.2626300223880597 0.8043357219251336 0.2928041604477612 0.7834036844919786 0.2849751194029851 0.7421676310160428 0.30009764925373134 0.6859568475935829 0.2334936604477612 0.6795759197860962 0.27072102238805973 0.6880453048128342 0.31994596268656716 0.6084348395721926 0.2677379067164179 0.6107128930481284 0.2998515746268656 0.5850499652406417 0.33058296268656717 0.5468947647058824 0.30581200000000003 0.5020446310160428 0.3028780932835821 0.5082359625668449 0.31998936567164177 0.5976370320855615 0.3589159962686567
0 0.7483797139037432 0.04779395895522388 0.7332302032085561 0.06885521268656716 0.754271844919786 0.09796405597014925 0.7483797139037432 0.04779395895522388
0 0.7599447647058823 0.10557453731343285 0.7412759705882352 0.08141003731343283 0.695403820855615 0.10792367164179105 0.7031503903743316 0.15353732835820896 0.7456276737967915 0.15152688432835823 0.7599447647058823 0.10557453731343285
0 0.7257472727272728 0.21114855970149254 0.7070784786096257 0.18698405970149254 0.6757426310160428 0.21010497014925372 0.7041072272727272 0.24815736194029853 0.7188479331550802 0.23887513059701493 0.7257472727272728 0.21114855970149254
0 0.8276109919786097 0.20867929104477612 0.8420524973262032 0.23245588432835823 0.8632837352941176 0.20722609701492536 0.8546099438502675 0.16389066417910447 0.8276109919786097 0.20867929104477612
0 0.23204622459893046 0.38445115298507465 0.2740199064171123 0.42138904104477615 0.28525613903743313 0.4153301865671642 0.23204622459893046 0.38445115298507465
0 0.16535164438502675 0.4244155634328358 0.1823704010695187 0.4472469962686567 0.19690670588235293 0.4438542723880597 0.16535164438502675 0.4244155634328358
0 0.1337017860962567 0.43214617164179103 0.12411558823529412 0.4395380895522388 0.15535663903743316 0.4435864962686567 0.1337017860962567 0.43214617164179103
0 0.07885664973262033 0.4483832014925373 0.06226150534759359 0.4622218805970149 0.08082068983957219 0.46510656716417914 0.07885664973262033 0.4483832014925373
0 0.05120005614973262 0.36549297014925375 0.03975942245989305 0.3774413283582089 0.05718698663101604 0.38849375 0.05120005614973262 0.36549297014925375
0 0.05833341711229946 0.42877514552238805 0.0673064064171123 0.43905175373134325 0.07709700534759358 0.42577032835820894 0.06977405347593583 0.41682678731343287 0.05833341711229946 0.42877514552238805
0 0.033502911764705885 0.48439763432835825 0.041344278074866306 0.5028419701492538 0.05515776203208556 0.4958379589552238 0.049375237967914445 0.4669476679104478 0.033502911764705885 0.48439763432835825
0 0.15948913101604278 0.4711437201492537 0.15516704545454546 0.497925130597015 0.16610407754010695 0.5249251044776119 0.1750770668449198 0.5352017089552239 0.24353128877005348 0.5178501753731344 0.25310267914438506 0.4620091305970149 0.24691134491978609 0.4448978582089552 0.22927937700534762 0.43973494776119404 0.15948913101604278 0.4711437201492537
0 0.36200495989304815 0.5499913582089552 0.35314158021390374 0.5609945634328358 0.36582344117647064 0.5621582798507463 0.36200495989304815 0.5499913582089552
0 0.351790743315508 0.526602671641791 0.34880468181818186 0.539326843283582 0.36406380213903744 0.5395454067164179 0.351790743315508 0.526602671641791
0 0.3414817299465241 0.530383302238806 0.3257041978609626 0.5206639477611941 0.3157091951871658 0.5398348843283582 0.3279822513368984 0.5527776194029851 0.3434457754010695 0.5471066679104477 0.3414817299465241 0.530383302238806
0 0.43272242513368986 0.5163043656716418 0.39560405080213906 0.5105349850746268 0.38158616310160426 0.5234285074626865 0.38262298663101607 0.542430093283582 0.42654590374331547 0.5476422201492537 0.43272242513368986 0.5163043656716418
0 0.5389822754010696 0.7292993246268658 0.5350689973262032 0.7443017201492537 0.553109770053476 0.7376856119402986 0.5987627112299465 0.6686123582089551 0.5724569518716577 0.6201140149253731 0.5758518181818182 0.5956108246268658 0.5488380561497326 0.5919503208955224 0.5498748823529412 0.6109519104477611 0.5259567860962567 0.6158470447761194 0.5237883368983958 0.6050131902985075 0.5130705160427808 0.6205728358208956 0.504506334224599 0.5985172164179104 0.47966101871657757 0.6056905746268657 0.48142066042780746 0.6283034440298507 0.45677974866310156 0.6295872947761194 0.4630806871657754 0.6679783805970149 0.44720835828877004 0.6854283395522388 0.48391792780748666 0.7029767350746269 0.49248210962566846 0.7250323582089552 0.5274320347593583 0.7199678731343284 0.5389822754010696 0.7292993246268658
0 0.6574559491978609 0.7614405037313433 0.6831188770053476 0.7307091156716418 0.6777451577540107 0.6900398097014925 0.6903174144385027 0.6699237201492537 0.6815488315508021 0.653757604477612 0.6875209518716577 0.6283092574626865 0.6576159251336898 0.6102036119402985 0.6373119064171123 0.6331551791044776 0.6207019545454545 0.5985447276119403 0.5958566363636364 0.6057180858208955 0.5876212754010695 0.6475018917910448 0.5777210668449198 0.6395035074626866 0.5851536256684492 0.6697268619402985 0.5777358743315508 0.6879526343283582 0.6050784572192514 0.7554525671641791 0.6368379197860963 0.7690017686567164 0.6442556711229946 0.7507759925373134 0.6574559491978609 0.7614405037313433
0 0.6096345614973262 0.8196799029850746 0.600756371657754 0.7822339813432836 0.5620975695187166 0.7964113470149254 0.5453928208556149 0.7889702164179104 0.5349890080213904 0.8199201679104478 0.5501533288770053 0.8473080447761193 0.6096345614973262 0.8196799029850746
0 0.4210389037433155 0.07093076119402984 0.398880449197861 0.0984387723880597 0.40486737433155084 0.12143955223880597 0.49343602139037435 0.1354750895522388 0.5135356363636364 0.11841302985074627 0.5018757887700535 0.08780177238805971 0.48733948930481286 0.09119449626865671 0.4752708315508022 0.07236225746268657 0.4333119625668449 0.08387349253731344 0.4210389037433155 0.07093076119402984
0 0.3306602459893048 0.20679905223880596 0.34725538770053477 0.19296037686567163 0.3427140935828877 0.17718216791044775 0.328382192513369 0.1746853843283582 0.3086913823529412 0.17996842537313432 0.3029236684491979 0.19952726492537312 0.3306602459893048 0.20679905223880596
0 0.1784926871657754 0.24128356343283583 0.16962930213903743 0.25228676492537316 0.18561123529411766 0.2561166119402985 0.1784926871657754 0.24128356343283583
0 0.20561605614973263 0.2662238731343284 0.2031484064171123 0.28844884328358206 0.21438463903743316 0.2823899888059701 0.20561605614973263 0.2662238731343284
0 0.24119400000000002 0.29193999626865674 0.23305343315508023 0.3065544850746269 0.252335435828877 0.31305046268656717 0.24119400000000002 0.29193999626865674
0 0.3503747299465241 0.6162783544776119 0.329442692513369 0.608449317164179 0.33170593582887703 0.5921138582089552 0.3163372139037433 0.5706154888059701 0.32644182352941176 0.5727243619402985 0.33736404812834225 0.5512752089552239 0.3291138743315508 0.5446098843283581 0.3287050668449198 0.5563889067164178 0.31003627540106954 0.5322244029850747 0.2915866951871658 0.550619526119403 0.278590820855615 0.5340655037313433 0.2658141604278075 0.5600711082089552 0.25890001069518714 0.5393485485074627 0.2413776497326203 0.5554654477611941 0.24923382620320858 0.6223589141791045 0.28388455347593583 0.6503532574626866 0.3192432860962567 0.6335097574626866 0.32923829144385025 0.6143388246268657 0.3427525775401069 0.6403936380597015 0.3503747299465241 0.6162783544776119