0 0.5165310176211454 0.45739809107142854 0.47585639427312776 0.4097777285714286 0.48262996696035243 0.37001478392857146 0.47072611233480177 0.3639301125 0.44196087224669606 0.37009409464285714 0.430554563876652 0.37767848214285715 0.4330353986784141 0.38639919642857146 0.45370164537444935 0.39547225 0.46610305506607924 0.4152259821428571 0.4611469140969163 0.4454842267857143 0.4750368215859031 0.4704703892857143 0.4677643149779736 0.4846393553571428 0.4684304801762115 0.5267146053571429 0.4527286651982379 0.5589328178571429 0.4520735616740088 0.6122569142857143 0.46182966740088105 0.6306584964285715 0.48381856607929513 0.6404076249999999 0.5063008656387665 0.6280510571428571 0.5023315308370044 0.6140979142857143 0.47025620925110134 0.5887594142857142 0.471075781938326 0.5280667553571429 0.48396506167400877 0.47801512142857144 0.5165310176211454 0.45739809107142854
0 0.4864251585903083 0.3078620607142857 0.5143625286343613 0.2908412285714285 0.502623140969163 0.2773879928571429 0.4735262026431718 0.27443926785714284 0.4712139845814978 0.29412474285714285 0.44773934801762116 0.30299302678571427 0.4546843039647577 0.3154861071428572 0.4864251585903083 0.3078620607142857
0 0.5284141409691631 0.2846089875 0.5401535308370045 0.298062225 0.555693640969163 0.2970624142857143 0.5609828634361234 0.28784179464285714 0.5279152092511014 0.25901500892857143 0.5183235726872247 0.2332448607142857 0.5034440925110132 0.22862025000000002 0.501462191629956 0.24549351607142858 0.5284141409691631 0.2846089875
0 0.3234032555066079 0.1798174160714286 0.33150224449339205 0.16458038035714287 0.3144736321585903 0.1603477625 0.30670495814977977 0.17277258750000002 0.3234032555066079 0.1798174160714286
0 0.4358175176211454 0.14188441607142857 0.45251443171806166 0.1370043267857143 0.43713740528634365 0.11871065535714287 0.4214328281938326 0.12707903035714288 0.3997756299559471 0.12644261071428572 0.3968013920704846 0.13982759107142856 0.4096975837004405 0.1494005482142857 0.4247415286343612 0.14665659464285713 0.4338328524229075 0.13490784464285716 0.43002936784140966 0.12551105535714285 0.44044472466960355 0.12636329999999998 0.4358175176211454 0.14188441607142857
0 0.4601241674008811 0.1796477392857143 0.44854786123348017 0.14690101964285715 0.4416042885462555 0.14633285714285713 0.4096989647577093 0.16132546785714286 0.43169062995594715 0.19492443035714285 0.4601241674008811 0.1796477392857143
0 0.5019417709251102 0.10413863928571429 0.4926818303964758 0.08748119821428572 0.463254577092511 0.08734468392857143 0.45498973568281936 0.09802536607142857 0.4629284074889868 0.1259316517857143 0.47797373348017624 0.1351126142857143 0.49152917621145376 0.12713623214285716 0.5031027180616741 0.13603311607142857 0.5219487643171806 0.13076103035714287 0.5236003502202643 0.11669997678571427 0.5019417709251102 0.10413863928571429
0 0.5062289801762114 0.007955307142857143 0.4885411167400881 0.02127202857142857 0.40108722026431715 0.031719339285714285 0.3876976255506608 0.044252074999999995 0.40009764977973566 0.052080891071428576 0.424894936123348 0.04388868392857143 0.5374778149779735 0.034361875 0.546569140969163 0.022613124999999998 0.5399545044052864 0.007307832142857143 0.5062289801762114 0.007955307142857143
0 0.3926620594713656 0.08554334107142858 0.3896850594713656 0.07507848214285714 0.3686884933920705 0.06881764285714286 0.35447241629955945 0.08241844642857143 0.3405838920704846 0.06935720357142858 0.34901457929515417 0.06323287678571429 0.3548013502202643 0.06768131785714286 0.3514940330396476 0.06002867142857143 0.36389267621145377 0.05593256785714285 0.367195845814978 0.027810458928571428 0.35264668722466963 0.0203736375 0.32371698237885466 0.03390618571428571 0.31594554405286346 0.022481173214285714 0.3194197643171806 0.0062530357142857144 0.313255140969163 0.0073774374999999994 0.31280407488986783 0.019384880357142857 0.29296845814977973 0.04501851607142857 0.29759842951541854 0.053347235714285714 0.28916912114537446 0.07139648214285714 0.30785208370044054 0.08541788214285714 0.3204165748898678 0.08587813035714285 0.33215596475770925 0.09933136964285713 0.3514981806167401 0.09580342678571428 0.3554647511013216 0.08590673392857143 0.360094718061674 0.09423545178571428 0.3804292665198238 0.09419579642857143 0.3926620594713656 0.08554334107142858
0 0.6464687577092512 0 0.6437763766519824 0.0067175625000000004 0.658987552863436 0.020454880357142855 0.6796524185022027 0.0176030125 0.6773107907488987 0 0.6464687577092512 0
0 0.7416677488986784 0.1879211875 0.7439799691629956 0.1682357107142857 0.7226530881057268 0.16478708214285714 0.7168690814977974 0.18418847678571426 0.7416677488986784 0.1879211875
0 0.6836563149779736 0.32967911250000004 0.6924228502202644 0.36844224642857143 0.7140800484581498 0.3690786660714286 0.7278027246696035 0.37758355535714283 0.7339170462555066 0.3553699482142857 0.7226724405286343 0.33173593749999997 0.6836563149779736 0.32967911250000004
0 0.4288877709251101 0.2605654357142857 0.41714976431718065 0.2590371178571429 0.4146689295154185 0.2503164035714286 0.4249184383259912 0.24661229285714284 0.42409057268722467 0.2357554446428571 0.41665221365638766 0.24536805714285714 0.4054089911894273 0.23365896428571428 0.4111943788546255 0.22618248571428573 0.41913028414096914 0.23023893571428572 0.4191289030837005 0.21831401607142856 0.3987943546255507 0.21835367142857143 0.40044594052863436 0.20429261785714284 0.35151062114537446 0.20312769107142858 0.34357609911894277 0.2109961625 0.3248945198237886 0.20889968035714288 0.31365406167400883 0.22104042321428571 0.32357463215859034 0.23207344107142858 0.3138212929515418 0.2375216964285714 0.3133278920704846 0.25962738928571427 0.30192158149779735 0.2672117785714286 0.31184215418502204 0.2782447982142857 0.3020888149779736 0.28369305 0.3055619823788546 0.29590205 0.3224247422907489 0.2955783125 0.3333376497797357 0.31009961785714285 0.35813493612334807 0.30190741071428573 0.3761558810572687 0.3096283125 0.40194549779735683 0.30492439107142855 0.4236013149779736 0.29363589285714287 0.42839437004405284 0.2826711303571428 0.4288877709251101 0.2605654357142857
0 0.26457362775330395 0.39419291785714283 0.26539734801762116 0.36927501428571424 0.2541527422907489 0.34564100178571433 0.212823013215859 0.3513447357142857 0.20108776872246695 0.3736662517857143 0.20869473788546256 0.3924598285714286 0.2445707797356828 0.40334528035714284 0.26457362775330395 0.39419291785714283
0 0.19826694052863436 0.2842833232142857 0.20289967400881057 0.31646187857142855 0.21480353303964758 0.3225465517857143 0.2319966123348018 0.31941060357142853 0.24158410352422907 0.3094059964285714 0.2352983986784141 0.279363575 0.19826694052863436 0.2842833232142857
0 0.39257500881057267 0.7607073285714285 0.3948872290748899 0.7410218517857143 0.4291089185022026 0.7421185214285714 0.41455422907488987 0.6869820267857142 0.37950605286343614 0.6869534267857142 0.3669429449339207 0.6984180946428571 0.35338611894273125 0.6944695589285714 0.34644116519823787 0.6819764785714286 0.33437283920704847 0.6832603714285714 0.32875330176211454 0.6952932000000001 0.34280767621145375 0.7129107982142857 0.3500857136563877 0.7464415035714286 0.3853011211453744 0.7629513785714286 0.39257500881057267 0.7607073285714285
0 0.5520974801762114 0.6499695267857143 0.5092792488986785 0.6504408321428572 0.5041531123348018 0.6403679696428571 0.5023356762114537 0.6498726696428572 0.4896053348017621 0.6448560660714285 0.47439692511013215 0.6549685839285714 0.4738993744493392 0.6412995232142856 0.44926655726872244 0.6421231642857143 0.4500944251101322 0.6529800160714286 0.43323304405286345 0.6652286714285714 0.4395187466960353 0.6952710928571428 0.4603494603524229 0.6969755785714286 0.4753975528634361 0.7300063803571428 0.5092875440528635 0.7219903410714286 0.5256555220264317 0.7318473821428572 0.5492960044052864 0.7275354535714286 0.5666507863436123 0.6931811035714286 0.581198563876652 0.6886930071428572 0.5858257687224669 0.6731718910714286 0.6089700859030837 0.6671158196428572 0.6144237731277533 0.6505266357142857 0.6099582731277533 0.6348293517857143 0.5896223414096916 0.6229440875 0.5745783986784141 0.6256880410714286 0.5678020572687225 0.6416011517857143 0.5520974801762114 0.6499695267857143
0 0.618878218061674 0.5708245750000001 0.6129255969162996 0.5618197803571429 0.5777129537444934 0.5691597410714285 0.5825087731277533 0.5820448160714286 0.618878218061674 0.5708245750000001
0 0.72700527092511 0.6290749071428572 0.7203892511013216 0.6018446982142857 0.6903013656387665 0.6073326071428572 0.695098563876652 0.6321425982142858 0.72700527092511 0.6290749071428572
0 0.7256895330396476 0.688023425 0.7240351828193833 0.6782346428571429 0.7132895088105727 0.6801946089285714 0.7136212070484582 0.6893073178571428 0.7256895330396476 0.688023425
0 0.7531376475770925 0.7288830392857143 0.7499947973568282 0.7138618285714285 0.7344546850220265 0.7148616410714286 0.709987718061674 0.7202416374999999 0.7136267356828194 0.7370069910714285 0.7531376475770925 0.7288830392857143
0 0.8500187136563877 0.7515744428571428 0.8452201321585903 0.7148395321428571 0.8157928788546255 0.7147030196428572 0.8194332775330397 0.7433932910714286 0.8392730418502203 0.7535344107142857 0.8500187136563877 0.7515744428571428
0 0.6364292621145375 0.8033747821428572 0.68189140969163 0.7923307089285714 0.6777548436123347 0.7618962928571429 0.6498119427312775 0.7312174535714285 0.6427039030837005 0.7380178571428572 0.6278244273127753 0.7333932464285714 0.5405363788546256 0.7483969089285714 0.5230129845814978 0.7543450678571428 0.520369063876652 0.7649178357142857 0.5342589713656387 0.7899039982142858 0.5483119669603523 0.7955966767857142 0.5934437995594715 0.7873648142857144 0.6364292621145375 0.8033747821428572
0 0.2811572246696035 0.8379033696428572 0.27735235462555063 0.8165816625 0.25007423788546257 0.8160531553571428 0.22147484801762116 0.8267734910714286 0.2335459383259912 0.8493394357142857 0.2811572246696035 0.8379033696428572
0 0.2952198942731277 0.927070475 0.29737179295154187 0.950528319642857 0.3264687290748899 0.9534770428571429 0.3339070859030837 0.9438644303571428 0.328284781938326 0.9320474232142857 0.3137356233480176 0.9246106035714285 0.2952198942731277 0.927070475
0 0.3874640792951542 0.8818085660714285 0.4033345066079295 0.8779965446428571 0.3917609669603524 0.8690996607142857 0.3836605947136564 0.8724117767857142 0.3874640792951542 0.8818085660714285
0 0.5241822268722467 0.8577890535714285 0.4954169889867841 0.8639530375 0.5007089757709251 0.8785822535714285 0.5180679030837004 0.8800026607142857 0.5337724823788547 0.8716342839285715 0.5359202356828193 0.8593173714285715 0.5241822268722467 0.8577890535714285
0 0.6728014691629955 0.816004375 0.658253691629956 0.8204924732142856 0.6615623920704846 0.8400700357142856 0.6686718127753304 0.8451945517857142 0.6949575991189427 0.842234775 0.7017325550660793 0.8143967464285714 0.6728014691629955 0.816004375
0 0.7111541960352423 0.7998357857142858 0.709172295154185 0.8167090517857143 0.7172740484581498 0.8253218517857143 0.731161191629956 0.8264581785714286 0.7536434911894274 0.8141016107142858 0.7420685704845815 0.7932798089285714 0.7111541960352423 0.7998357857142858
0 0.8926793898678413 0.818096294642857 0.885734436123348 0.8056032142857144 0.8569692004405286 0.8117671964285714 0.8577970660792952 0.8226240464285715 0.8665594537444935 0.8256124267857143 0.8926793898678413 0.818096294642857
0 0.18856889647577094 0.7667283053571428 0.18344137885462555 0.7447305232142858 0.15203083920704846 0.7495423571428571 0.16029982599118944 0.7746364303571429 0.18856889647577094 0.7667283053571428
0 0.21054673568281937 0.6810780857142857 0.20723665198237887 0.6495756035714285 0.19649097797356826 0.6515355714285714 0.19616204185022026 0.6662726999999999 0.21054673568281937 0.6810780857142857
0 0.39751732378854626 0.6111999 0.3947047885462555 0.5933664803571429 0.38247061453744496 0.5900940178571429 0.37139600440528636 0.6067911142857143 0.3788371255506608 0.6210283375 0.39751732378854626 0.6111999
0 0.5375137599118943 0.34440975 0.5432991475770925 0.33693327142857143 0.5284196696035243 0.3323086625 0.524453101321586 0.34220535535714286 0.5375137599118943 0.34440975
0 0.5889285286343613 0.3423704714285714 0.5880992797356828 0.3195887017857143 0.5548699251101321 0.3219803196428571 0.5482580506607929 0.33052486249999996 0.5538803546255506 0.3423418696428571 0.5889285286343613 0.3423704714285714
0 0.7245617621145374 0.9423269875000001 0.7210885947136564 0.9301179875000001 0.6825686343612335 0.9298053053571428 0.6709978590308371 0.9447582607142857 0.6981128920704847 0.96458025 0.7245617621145374 0.9423269875000001
0 0.17410540748898676 0.07220257857142857 0.17079670484581497 0.0526250125 0.1638531343612335 0.052056851785714287 0.1498015242290749 0.05828909107142857 0.15773881057268724 0.07427045714285714 0.17410540748898676 0.07220257857142857
0 0.5250957621145375 0.18155699642857143 0.5257550154185022 0.16400765535714285 0.5059166343612335 0.16579145535714285 0.5055877004405286 0.1805285857142857 0.5250957621145375 0.18155699642857143