0 0.5958767033333333 0.5817018452380952 0.5965754666666667 0.5278778749999999 0.5828210666666667 0.5085599404761905 0.5663031033333333 0.5033886964285714 0.5595052733333333 0.45922727380952383 0.5495944933333333 0.4561245238095238 0.5374601866666666 0.4823493988095238 0.5331718533333334 0.4719997321428572 0.5367295066666667 0.4250755357142857 0.52583399 0.41265738095238097 0.50852194 0.44026363690476195 0.5011206666666667 0.4709726428571428 0.4738025133333333 0.4744296904761905 0.4577292566666667 0.46339291071428573 0.44130662 0.479268125 0.4437208 0.4920334226190476 0.43809835 0.4992803273809524 0.41783209 0.4989403571428571 0.41087552000000005 0.5237838392857143 0.4128449966666667 0.5424146607142857 0.4053484 0.5520772083333333 0.4059837533333333 0.5883046011904762 0.39419882333333334 0.5876174880952382 0.39143526666666667 0.6017641726190476 0.39670833 0.6214292440476191 0.39350006333333337 0.6414414523809524 0.41805465333333336 0.6521310892857143 0.39181656 0.6859500119047619 0.38495531666666666 0.7318399523809523 0.40808046666666664 0.7390797023809524 0.42262895666666667 0.7256201369047619 0.4291408133333333 0.7066421726190476 0.4507411933333334 0.6893855773809524 0.47342163666666665 0.7024908511904762 0.49807155333333336 0.7342269523809524 0.5112859233333333 0.7383639523809523 0.5192272266666667 0.7228358809523809 0.53815937 0.7407724285714286 0.56592223 0.7314498571428572 0.5715446733333334 0.7242029464285714 0.57580109 0.6234547857142857 0.5903495799999999 0.6099952142857143 0.5883801066666666 0.5913643928571428 0.5958767033333333 0.5817018452380952
0 0.5839649600000001 0.7611174583333333 0.57405418 0.7580147083333333 0.5684317333333333 0.7652616130952381 0.5685270566666667 0.7863080773809524 0.5836155766666667 0.7880294404761905 0.5882532866666667 0.771467119047619 0.5839649600000001 0.7611174583333333
0 0.6267529266666667 0.8435676130952381 0.6277376633333334 0.8528830178571428 0.63952259 0.8535701309523809 0.6352342633333333 0.8432204702380952 0.6267529266666667 0.8435676130952381
0 0.32536341333333335 0.5810791726190476 0.33581422333333333 0.5993628571428571 0.34429555333333334 0.5990157202380952 0.34804385666666665 0.5941844464285714 0.34607438333333335 0.5755536250000001 0.34178605 0.5652039642857143 0.33231998 0.5562356845238096 0.32669753333333335 0.5634826011904762 0.32536341333333335 0.5810791726190476
0 0.28714974666666665 0.5721180535714285 0.2815272966666667 0.5793649702380952 0.2810825933333333 0.5852304940476191 0.28537092000000003 0.5955801547619048 0.29385225666666664 0.5952330119047619 0.29375693333333336 0.5741865595238095 0.28714974666666665 0.5721180535714285
0 0.12527371666666667 0.5214397976190476 0.12813259666666668 0.5283395773809524 0.13661393333333335 0.5279924345238095 0.14366582333333333 0.5241954166666667 0.13982220333333334 0.5079802321428571 0.11482290666666667 0.5031561130952381 0.1143782 0.5090216428571429 0.11866652666666667 0.5193712976190477 0.12527371666666667 0.5214397976190476
0 0.14671536000000002 0.5731881071428572 0.14725539 0.5883690416666667 0.15904031666666665 0.5890561547619048 0.15850029 0.5738752202380952 0.14671536000000002 0.5731881071428572
0 0.37085111666666665 0.427187 0.37183585333333335 0.4365024107142857 0.3803171866666667 0.4361552797619047 0.37602885666666663 0.42580561309523807 0.37085111666666665 0.427187
0 0.5545815866666666 0.4126502202380952 0.5583298866666666 0.4078189464285714 0.5596640033333333 0.390222375 0.5553756766666667 0.3798727142857143 0.5520720833333334 0.3788384642857143 0.5464496333333333 0.38608537499999995 0.5446708066666667 0.40954746428571426 0.5545815866666666 0.4126502202380952
0 0.5016611166666667 0.7984005833333333 0.5049647066666666 0.7994348273809523 0.50871301 0.7946035535714285 0.50772827 0.7852881428571428 0.50255053 0.7866695357142858 0.5016611166666667 0.7984005833333333
0 0.3750122066666667 0.30539238095238097 0.36653087 0.3057395178571428 0.3660861633333333 0.31160504166666664 0.37323338 0.3288544761904762 0.37841112 0.3274730892857143 0.37930053666666663 0.3157420476190476 0.3750122066666667 0.30539238095238097
0 0.44724653666666664 0.3340114047619048 0.44394294333333334 0.3329771607142857 0.44117938 0.34712384523809525 0.44359356 0.35988914285714285 0.4502007466666667 0.3619576428571428 0.4515348633333333 0.3443610714285714 0.44724653666666664 0.3340114047619048
0 0.43708169999999996 0.3788671011904762 0.44556303333333336 0.3785199642857143 0.44600774 0.3726544404761905 0.44171941000000003 0.3623047797619048 0.43654166666666666 0.3636861666666667 0.43708169999999996 0.3788671011904762
0 0.4958790966666667 0.25015839285714286 0.4878424666666667 0.24464 0.48507890333333337 0.25878669047619046 0.48936723666666665 0.2691363511904762 0.4912413833333333 0.26672070833333333 0.49498968 0.26188943452380953 0.4958790966666667 0.25015839285714286
0 0.5783420899999999 0.4561173630952381 0.5882528666666667 0.4592201130952381 0.5895869866666666 0.4416235416666667 0.5852986566666667 0.431273880952381 0.5819950666666667 0.430239630952381 0.5783420899999999 0.4561173630952381
0 0.5978142633333333 0.4892348452380952 0.5950506999999999 0.5033815357142858 0.6016578833333334 0.5054500297619048 0.6025473 0.49371898809523806 0.5978142633333333 0.4892348452380952
0 0.37078770333333333 0.5172383571428572 0.37132773666666663 0.5324192976190476 0.3831126633333333 0.5331064107142857 0.37926904 0.5168912261904762 0.37078770333333333 0.5172383571428572
0 0.38651158 0.555187119047619 0.37990439666666664 0.553118619047619 0.37714083333333337 0.5672653035714286 0.3814291633333333 0.5776149642857143 0.38660690333333336 0.5762335833333333 0.39079991000000003 0.5655367857142858 0.38651158 0.555187119047619
0 0.39461162 0.47065414285714285 0.3955963533333333 0.4799695595238095 0.40881072333333335 0.4841065535714286 0.41452849666666663 0.4979061071428571 0.41970624 0.49652471428571426 0.4068412533333333 0.46547573214285715 0.39461162 0.47065414285714285
0 0.44353015 0.44994049999999997 0.4354935233333333 0.444422119047619 0.4331746666666667 0.45270327380952385 0.44032188 0.4699527142857143 0.4421960333333333 0.46753707738095235 0.44594433 0.4627058035714286 0.44353015 0.44994049999999997
0 0.55372367 0.2232320892857143 0.55559782 0.22081644642857143 0.5550577866666667 0.2056355119047619 0.5465764533333334 0.20598265476190475 0.54756119 0.2152980595238095 0.55372367 0.2232320892857143
0 0.6055964133333334 0.23046467857142858 0.6059457966666667 0.2035526964285714 0.6021974966666667 0.20838397023809524 0.5955903100000001 0.2063154702380952 0.5899678633333334 0.21356238095238098 0.5895231566666667 0.21942790476190477 0.5971150766666666 0.23081181547619045 0.6055964133333334 0.23046467857142858
0 0.42640832666666667 0.2073926785714286 0.4292672133333334 0.21429245238095238 0.43587439999999994 0.2163609523809524 0.43819325666666664 0.20807979166666668 0.4306013333333333 0.19669588095238094 0.42685303333333335 0.20152715476190475 0.40836559666666666 0.1777250773809524 0.40140903 0.20256856547619048 0.40944566 0.20808695238095237 0.41230454666666666 0.21498672619047618 0.41417869333333335 0.21257108928571428 0.42266002999999996 0.21222395238095237 0.42640832666666667 0.2073926785714286
0 0.5711952933333333 0.7511149285714286 0.5796766266666666 0.7507677916666667 0.5791365966666667 0.7355868571428571 0.5758330066666666 0.7345526071428571 0.5702105566666666 0.7417995178571429 0.5711952933333333 0.7511149285714286
0 0.33565548666666667 0.668367761904762 0.33619551666666664 0.6835486904761905 0.34798044333333333 0.6842358095238096 0.34744041666666664 0.669054869047619 0.33565548666666667 0.668367761904762
0 0.25770338666666665 0.6259491845238095 0.26199171666666665 0.6362988452380952 0.26716945999999997 0.6349174583333334 0.27279190666666664 0.6276705476190476 0.28127324000000004 0.6273234107142857 0.2732366133333333 0.6218050238095238 0.26751884 0.6080054702380953 0.25859279999999996 0.6142181369047619 0.25770338666666665 0.6259491845238095
0 0.30455712 0.5655582619047619 0.29794993666666664 0.5634897619047619 0.2782237066666667 0.5783307202380952 0.2810825933333333 0.5852304940476191 0.27688958666666663 0.5959272916666667 0.27787432333333334 0.6052427023809523 0.30287362 0.6100668154761905 0.29715584666666667 0.5962672678571428 0.29804526 0.5845362142857142 0.3050971533333333 0.5807391964285714 0.30455712 0.5655582619047619