0 0.600456042918455 0.49580526829268295 0.6137666287553648 0.4682143211382114 0.5525432360515021 0.3990885975609756 0.553542126609442 0.33407767073170735 0.530315152360515 0.3081377845528455 0.5275649892703862 0.27745107317073175 0.5147538433476395 0.2725365569105691 0.5024848369098712 0.30223003658536585 0.5042558497854077 0.3267510243902439 0.4858622081545064 0.33570292276422764 0.46073936266094423 0.2933684146341463 0.45080324678111583 0.3110142357723577 0.4503038025751073 0.34351970731707315 0.4184122811158798 0.3922520975609756 0.3850619012875537 0.39614758536585365 0.3765846416309013 0.4586303130081301 0.3575240021459228 0.4411005731707317 0.34108866523605147 0.4623839105691057 0.3480675901287554 0.49741757723577235 0.37718921244635195 0.4891751300813008 0.3538176459227468 0.5425382601626016 0.3441312489270386 0.5439313495934959 0.34811028755364803 0.5645310487804879 0.34142377896995707 0.5803581097560975 0.35594350643776823 0.6138568008130081 0.3534233261802575 0.638094012195122 0.37217181545064376 0.6759396666666667 0.35659076824034336 0.7115150894308944 0.35602889699570817 0.7480837398373984 0.37796456223175967 0.7881738170731707 0.3950044678111588 0.7974352967479675 0.4168350107296137 0.7744750975609755 0.43368762446351933 0.7959261260162602 0.48139017596566525 0.7665422317073171 0.500575678111588 0.7759456016260163 0.5159694313304721 0.7525597276422764 0.5414668583690987 0.7705151382113822 0.5504665214592275 0.8138170650406503 0.5650684141630902 0.772075918699187 0.5978766566523606 0.733572430894309 0.6105005107296138 0.7506765 0.6267485557939914 0.7415827113821138 0.6292063025751072 0.7214086869918699 0.6106451072961373 0.6713734837398374 0.6428914763948498 0.6694386422764228 0.646035957081545 0.6045695975609756 0.600456042918455 0.49580526829268295
0 0.6204168948497855 0.8042073292682926 0.6260618197424892 0.7862777276422764 0.6122715236051502 0.775197487804878 0.6107929291845493 0.801537231707317 0.6204168948497855 0.8042073292682926
0 0.5979193519313305 0.8006858943089431 0.5863995128755365 0.7816211829268292 0.5806921545064379 0.8036139634146341 0.5870040815450643 0.8121659999999999 0.5979193519313305 0.8006858943089431
0 0.6754499935622318 0.6471878861788618 0.6725125386266095 0.6286907276422764 0.6563893540772532 0.6296581463414634 0.6603059635193134 0.654321024390244 0.6754499935622318 0.6471878861788618
0 0.6432628326180256 0.4355927764227642 0.6489701888412017 0.4135999918699187 0.6351174613733905 0.4065829349593496 0.6336388669527897 0.43292267886178865 0.6432628326180256 0.4355927764227642
0 0.3136756266094421 0.4992105325203252 0.3192581244635193 0.4853441138211382 0.2990934699570815 0.46977502032520324 0.29976046995708155 0.49625665853658535 0.3136756266094421 0.4992105325203252
0 0.32034240128755365 0.5545601178861789 0.31096815879828327 0.5356372926829268 0.3011568991416309 0.5451567479674797 0.31384318240343345 0.5581976300813009 0.32034240128755365 0.5545601178861789
0 0.32815588412017166 0.6750625203252033 0.3295096201716738 0.6568491422764228 0.3135737274678112 0.6456270162601625 0.31417829613733905 0.6761718333333333 0.32815588412017166 0.6750625203252033
0 0.43225172317596566 0.8893793373983739 0.4380215107296137 0.8633233699186992 0.4200024527896996 0.8478961707317073 0.4183365643776824 0.8864254674796748 0.43225172317596566 0.8893793373983739
0 0.5379904892703863 0.926876743902439 0.5466977339055794 0.9193179308943089 0.5394690858369099 0.900537 0.5379904892703863 0.926876743902439
0 0.5456758862660944 0.8460387479674797 0.556466296137339 0.8426850121951219 0.5513832446351932 0.8240459634146341 0.5456758862660944 0.8460387479674797
0 0.729300143776824 0.7768356869918699 0.7379449570815451 0.7733400650406504 0.7349450686695279 0.7589060894308943 0.729300143776824 0.7768356869918699
0 0.6990942446351931 0.7158621382113822 0.7005104098712447 0.6935855731707317 0.6823040600858369 0.6903479227642276 0.682971060085837 0.716829556910569 0.6990942446351931 0.7158621382113822
0 0.741559474248927 0.11874190650406503 0.7413294871244636 0.06381798780487805 0.7101871330472103 0.06379218292682927 0.7114587017167382 0.12081863414634146 0.741559474248927 0.11874190650406503
0 0.7972201051502146 0.13055739837398375 0.7921370536480687 0.11191834959349593 0.7780346030042918 0.1211540243902439 0.786179974248927 0.15016386585365854 0.7972201051502146 0.13055739837398375
0 0.7894328068669528 0.35781187804878045 0.7842873261802575 0.34323601219512195 0.7743512060085838 0.36088183333333335 0.7806631309012876 0.36943386991869914 0.7894328068669528 0.35781187804878045
0 0.44015420815450645 0.025598186991869918 0.4372791802575107 0.0030378495934959347 0.42961351931330477 0.01269919512195122 0.43365498927038626 0.029235703252032518 0.44015420815450645 0.025598186991869918
0 0.5993882725321888 0.14594584959349594 0.5985964120171673 0.12759058130081302 0.5888475858369099 0.13304684959349594 0.5929514871244634 0.1455201788617886 0.5993882725321888 0.14594584959349594
0 0.2028111137339056 0.3759606097560976 0.20012337768240343 0.3412107195121951 0.1882289549356223 0.34652510569105693 0.18987510729613735 0.3791724593495935 0.2028111137339056 0.3759606097560976
0 0.26641331330472107 0.7096189146341463 0.27726615236051505 0.7022019959349594 0.2677046158798283 0.6954687195121951 0.26641331330472107 0.7096189146341463
0 0.3146382703862661 0.7860196707317073 0.32022076609442063 0.7721532520325204 0.3126799635193133 0.7736882276422764 0.3146382703862661 0.7860196707317073