0 0.4365697927350427 0.4878811349206349 0.4086720512820513 0.4594435277777778 0.39055660470085474 0.41635022619047624 0.41322768376068375 0.4162009246031746 0.4655387243589743 0.4540181984126984 0.4832559935897436 0.4292086031746032 0.5007630705128205 0.4324605238095238 0.5003224594017094 0.41057651984126986 0.45372113034188033 0.37721126587301584 0.43680219658119657 0.33579369047619045 0.47397895940170937 0.2957034722222222 0.4739162991452991 0.26371533333333336 0.4936486431623932 0.2523613333333333 0.4665694636752137 0.23570358333333333 0.4788498803418803 0.21036859126984125 0.4518333611111111 0.2256989841269841 0.43029613675213674 0.19553588095238095 0.3900128846153846 0.2064640238095238 0.3768088098290598 0.2340499087301587 0.36196761111111114 0.23807606746031745 0.3316768461538461 0.206287 0.3137493824786325 0.25915811111111114 0.28379413247863244 0.2632838055555556 0.2847804508547009 0.29302105158730163 0.2973337200854701 0.2716126825396825 0.3305005576923077 0.28261830555555556 0.35115656196581196 0.2690134087301588 0.4110872884615384 0.3387690555555556 0.41001609615384615 0.40106960317460316 0.355647547008547 0.3958156309523809 0.3348662222222222 0.34544425 0.29061548076923077 0.36144934523809524 0.28320598504273503 0.30144945634920634 0.2738016431623932 0.3060010119047619 0.26156366452991453 0.28531711111111113 0.22579360683760683 0.2990215436507937 0.21166587393162392 0.3288583253968254 0.2138487051282051 0.36027129365079363 0.23385390384615387 0.3528439166666667 0.2483798141025641 0.3909100317460317 0.23903813034188034 0.4274497222222222 0.22843727564102564 0.43032555158730157 0.2012954358974359 0.3816796666666667 0.16655413675213676 0.3791024484126984 0.1579056923076923 0.36344573015873016 0.18240386324786326 0.2807876111111111 0.19890439743589744 0.17629525000000001 0.1934675405982906 0.17576985317460317 0.1448915876068376 0.28496306746031747 0.10803011324786324 0.28296101587301586 0.09020774786324785 0.3218013690476191 0.08821289743589744 0.3863528095238095 0.10578263675213674 0.42159286507936505 0.10116434401709401 0.43284733333333336 0.08919921794871796 0.41609005158730156 0.0724056047008547 0.438648753968254 0.08861107478632478 0.4542557063492063 0.08840088034188034 0.48231722222222223 0.10433349358974359 0.4939975515873016 0.10173027564102564 0.5187076111111111 0.11526986324786324 0.5270364801587302 0.13338530982905983 0.5701297817460318 0.12366567735042736 0.6167736111111112 0.1349375641025641 0.6857273015873016 0.13086497863247865 0.7048350119047619 0.09352045726495727 0.7269678531746032 0.08999358333333334 0.7539288095238095 0.1097885876068376 0.7745629404761905 0.17133621367521368 0.7898712857142857 0.18025750854700853 0.809454623015873 0.17314109401709402 0.8313883888888889 0.19341914743589744 0.8278876309523809 0.20087107905982907 0.841868623015873 0.2456048653846154 0.801728634920635 0.24701157051282052 0.7753428452380952 0.2616850128205128 0.7533593095238095 0.29382309615384616 0.7806465873015873 0.30627126709401714 0.7732689722222221 0.3491779636752137 0.8156378055555555 0.3749979700854701 0.7986316825396826 0.37667752991452996 0.7761725198412698 0.31947534188034193 0.7456830873015873 0.3120658482905983 0.6856832023809524 0.32331751068376063 0.6766298611111111 0.34615634615384616 0.6944379325396826 0.33836890170940176 0.6445421865079365 0.36490237179487184 0.6533466904761904 0.3791978611111111 0.6414672896825396 0.44299098076923077 0.7201767380952381 0.44467054059829064 0.6977175714285714 0.4228604594017094 0.6636278452380953 0.41985906623931624 0.620435007936508 0.38608385897435893 0.5695880000000001 0.4298939871794872 0.5316989047619047 0.4365697927350427 0.4878811349206349
0 0.2519713376068376 0.19390425396825398 0.24462450427350427 0.16589250396825395 0.21701984188034187 0.2193885515873016 0.22795621367521368 0.2524274841269841 0.23643689743589744 0.25012682142857146 0.2519713376068376 0.19390425396825398
0 0.45708223504273504 0.13025997222222221 0.4545638888888889 0.0629322380952381 0.4353145918803419 0.050151349206349206 0.431031811965812 0.0973205753968254 0.45708223504273504 0.13025997222222221
0 0.40852849145299147 0.11542725793650795 0.3977598782051282 0.10034570634920635 0.3867810705128205 0.11332566666666666 0.3962480747863248 0.14076225 0.40804544444444446 0.13956215476190476 0.40852849145299147 0.11542725793650795
0 0.5770872478632479 0.6137875317460317 0.571692829059829 0.5672432380952381 0.5854426132478633 0.5475105952380952 0.5782635363247863 0.5374562261904762 0.5768366047008547 0.48583498015873017 0.5464407435897436 0.4680766746031746 0.5474897222222223 0.5298020555555556 0.5324383311965812 0.5618897261904763 0.5125598846153846 0.656628742063492 0.5457252905982907 0.6442990119047619 0.5557804401709402 0.6335699444444445 0.5703063482905982 0.6716360595238096 0.5814529123931623 0.6766134722222222 0.5665490534188034 0.648651496031746 0.5770872478632479 0.6137875317460317
0 0.48728614316239316 0.45611978571428574 0.48006463247863246 0.4920843134920635 0.4991461730769231 0.4869078253968254 0.48728614316239316 0.45611978571428574
0 0.45420219017094016 0.5551093333333333 0.47219231623931623 0.5342263571428572 0.44897552777777777 0.5265224206349206 0.44544865384615384 0.5534833690476191 0.45420219017094016 0.5551093333333333
0 0.4562374893162393 0.6465719563492064 0.4850386623931624 0.5947516388888888 0.46578936752136757 0.581970746031746 0.44030487606837604 0.634891626984127 0.4562374893162393 0.6465719563492064
0 0.15741867307692306 0.7916465476190476 0.13686776495726496 0.7912206865079364 0.12947849786324786 0.8092278373015872 0.12175371367521368 0.7913202222222223 0.12129089102564101 0.8934621507936509 0.1396165299145299 0.9084939365079365 0.1538493611111111 0.8646263928571428 0.15741867307692306 0.7916465476190476
0 0.10607571367521368 0.5035265198412698 0.07299176282051283 0.6025160634920634 0.080716547008547 0.6204236746031746 0.10607571367521368 0.5035265198412698
0 0.10886691452991454 0.574780873015873 0.12442157905982905 0.5965653373015872 0.10422839743589743 0.5080283055555556 0.09043617948717948 0.5737798492063492 0.10588574572649573 0.6095950714285714 0.10886691452991454 0.574780873015873