0 0.88125 0.269 0.885 0.237 0.876875 0.22 0.850625 0.214 0.8325 0.233 0.82625 0.265 0.82875 0.279 0.841875 0.296 0.85625 0.297 0.865625 0.294 0.88125 0.269
0 0.85125 0.471 0.85 0.427 0.844375 0.412 0.838125 0.414 0.83375 0.427 0.82625 0.525 0.8275 0.543 0.83875 0.549 0.84625 0.531 0.85125 0.471
0 0.851875 0.74 0.835625 0.74 0.82375 0.755 0.830625 0.774 0.85 0.781 0.86125 0.769 0.851875 0.74
0 0.7125 0.545 0.701875 0.526 0.7025 0.583 0.7175 0.647 0.725625 0.662 0.730625 0.656 0.74625 0.667 0.71375 0.567 0.7125 0.545
0 0.94875 0.629 0.960625 0.626 0.9625 0.609 0.975 0.595 0.98 0.573 0.976875 0.56 0.9375 0.625 0.93 0.653 0.93875 0.653 0.94625 0.647 0.94875 0.629
0 0.625 0.119 0.575625 0.076 0.548125 0.076 0.541875 0.088 0.530625 0.086 0.530625 0.118 0.544375 0.12 0.545625 0.11 0.548125 0.122 0.561875 0.122 0.590625 0.152 0.596875 0.174 0.61 0.177 0.61125 0.201 0.62625 0.223 0.6375 0.253 0.6375 0.271 0.64125 0.271 0.64125 0.211 0.625 0.119
0 0.52375 0.103 0.51875 0.037 0.511875 0.028 0.499375 0.028 0.48625 0.045 0.483125 0.074 0.449375 0.09 0.425625 0.086 0.4075 0.109 0.404375 0.122 0.3925 0.131 0.39 0.151 0.393125 0.172 0.408125 0.15 0.471875 0.14 0.485 0.201 0.4875 0.237 0.4975 0.271 0.50625 0.271 0.52 0.207 0.52375 0.103
0 0.55625 0.691 0.54875 0.647 0.544375 0.64 0.535625 0.648 0.506875 0.62 0.493125 0.62 0.486875 0.634 0.466875 0.632 0.46 0.681 0.455625 0.686 0.449375 0.676 0.4425 0.679 0.468125 0.708 0.505 0.725 0.534375 0.712 0.55625 0.691
0 0.44875 0.447 0.444375 0.436 0.403125 0.434 0.400625 0.44 0.398125 0.432 0.388125 0.432 0.37625 0.439 0.385 0.499 0.41 0.501 0.43875 0.477 0.44875 0.447
0 0.635625 0.44 0.608125 0.436 0.5775 0.461 0.57625 0.487 0.586875 0.512 0.61875 0.517 0.6325 0.503 0.635625 0.44
0 0.38375 0.229 0.385 0.183 0.380625 0.158 0.3725 0.227 0.3775 0.267 0.3775 0.245 0.38375 0.229
0 0.633125 0.364 0.61875 0.373 0.620625 0.39 0.635 0.393 0.6375 0.371 0.633125 0.364
0 0.63625 0.277 0.64125 0.271 0.630625 0.246 0.62375 0.259 0.62375 0.303 0.6325 0.319 0.64 0.295 0.63625 0.277
0 0.6415175000000001 0.831 0.5902675 0.847 0.5602675 0.843 0.5252675 0.871 0.5296425 0.88 0.5265175 0.895 0.4990175 0.911 0.4715175 0.895 0.4677675 0.881 0.4427675 0.857 0.4365175 0.843 0.4002675 0.815 0.3790175 0.821 0.3771425 0.828 0.3827675 0.827 0.3833925 0.834 0.3777675 0.831 0.3740175 0.843 0.3302675 0.845 0.3146425 0.856 0.28392875 0.854286 0.28571375 0.922858 0.3196425 0.898572 0.34821375000000004 0.9252859999999999 0.39821375000000003 0.9567140000000001 0.50267875 0.9952859999999999 0.6383925 1 0.6446425000000001 0.992 0.6415175000000001 0.831
0 0.18875 0.081 0.19 0.043 0.184375 0.034 0.165625 0.048 0.154375 0.034 0.129375 0.03 0.1125 0.093 0.10875 0.163 0.12375 0.201 0.14 0.225 0.14 0.245 0.15 0.247 0.1775 0.181 0.18875 0.081
0 0.06059375 0.539658 0.04687875 0.48829 0.04250375 0.47729000000000005 0.04125375 0.41129000000000004 0.038072499999999995 0.38951600000000003 0.0273475 0.356054 0.02500375 0.34129000000000004 0.02500375 0.23129 0.03250375 0.22729 0.03250375 0.20329 0.02062875 0.20429 0.012503750000000001 0.28329000000000004 0.01875375 0.39529000000000003 0.04625375 0.55529 0.06500375 0.59329 0.06625375 0.55729 0.06059375 0.539658