0 0.177967725308642 0.434687125 0.16748298148148147 0.4479815643939394 0.18226268209876542 0.4743899128787879 0.20766124691358026 0.4778581098484848 0.2193873827160494 0.4624322272727273 0.20101763271604936 0.4327725037878788 0.177967725308642 0.434687125
0 0.13698787654320987 0.8110505151515152 0.09779991666666667 0.8406739431818181 0.15575998148148149 0.8117730946969697 0.13698787654320987 0.8110505151515152
0 0.03909438888888889 0.8011805303030304 0.07127692592592594 0.7873514848484848 0.037322759259259264 0.7891577007575759 0.03909438888888889 0.8011805303030304
0 0.5231486820987654 0.7082362803030303 0.4955698919753087 0.774419534090909 0.5242902654320988 0.800430534090909 0.5247097808641975 0.8138333787878788 0.5133860061728395 0.8003221212121212 0.5077326975308641 0.8147364848484848 0.5109203858024691 0.8469250037878788 0.537409061728395 0.8155674772727273 0.5915108456790124 0.8027066856060606 0.589984061728395 0.781789571969697 0.6301280154320987 0.7269861325757576 0.6635285462962963 0.7214227840909091 0.6938755092592592 0.6740252083333333 0.7385998179012345 0.6819731174242424 0.7608106944444445 0.6532527954545455 0.7616154104938272 0.5953785113636363 0.747255225308642 0.5823730075757576 0.7834067716049382 0.553255340909091 0.7833896172839506 0.5109153484848485 0.7362994938271605 0.45524462499999996 0.6895119259259259 0.46496245454545454 0.6385978302469136 0.5100117651515151 0.6299081111111111 0.5249318901515152 0.6525556604938272 0.5519544090909091 0.6057852469135803 0.6040122310606061 0.5877008950617284 0.5974010681818183 0.5832718179012345 0.5673439962121213 0.5442008179012345 0.5449817196969696 0.49120630555555556 0.5653567803030303 0.45589379012345677 0.6212801477272727 0.42235913580246914 0.6364892045454545 0.42955638580246913 0.685331946969697 0.44280930555555553 0.6908231818181818 0.4317709259259259 0.7003604848484849 0.4379950277777778 0.7320432462121212 0.45082842901234566 0.7241316287878787 0.45923275308641975 0.6861629393939395 0.4813266666666666 0.7094283257575758 0.5231486820987654 0.7082362803030303
0 0.4152305154320987 0.7570064318181817 0.41633778395061727 0.7645206969696969 0.4217228549382716 0.7693977613636364 0.440494962962963 0.7701203446969697 0.45153333950617286 0.7605830378787879 0.4577402839506173 0.7499258068181818 0.4549721080246914 0.7311401401515152 0.4459969907407408 0.7230117007575758 0.42474210802469137 0.7265520113636363 0.4211520617283951 0.7233006363636364 0.41687426234567904 0.7259378446969698 0.4125964598765432 0.7285750492424243 0.4063895154320987 0.7392322803030302 0.407496787037037 0.7467465454545454 0.4152305154320987 0.7570064318181817
0 0.4274931265432098 0.7029976893939394 0.43715599691358026 0.7052375454545455 0.4350755771604938 0.6805632992424242 0.42665409567901236 0.6761919962121212 0.4139548117283951 0.6744578977272727 0.40677471913580243 0.6679551477272727 0.4024969197530864 0.6705923522727273 0.40056777469135807 0.678612375 0.3906366666666667 0.695663946969697 0.3947803456790124 0.7026724545454546 0.40679187654320986 0.7102951363636364 0.4250103487654321 0.7072605833333333 0.4274931265432098 0.7029976893939394
0 0.43131709876543206 0.6022776553030303 0.4349071419753086 0.6055290265151516 0.43738991975308644 0.6012661363636363 0.44097996913580245 0.6045175113636364 0.4500892037037037 0.6030002348484849 0.45367925 0.6062516098484848 0.460993462962963 0.603108643939394 0.4586448055555556 0.597725821969697 0.4525719814814815 0.5987373409090909 0.44235547530864194 0.5927403484848485 0.43324624074074075 0.5942576287878788 0.4296561944444445 0.5910062500000001 0.4193055679012346 0.5946549734848485 0.41985920370370367 0.5984121098484848 0.4252442716049383 0.6032891704545454 0.43131709876543206 0.6022776553030303
0 0.4090890617283951 0.5886579848484849 0.40370399074074076 0.5837809166666668 0.3970775339506173 0.581035303030303 0.39279973148148145 0.5836725075757575 0.39390700308641974 0.5911867765151515 0.4028821172839506 0.5993152159090909 0.4101963333333334 0.5961722500000001 0.4090890617283951 0.5886579848484849
0 0.36045499999999997 0.4697301515151515 0.35797222222222225 0.47399304545454546 0.36874236111111114 0.4837471666666667 0.36984963271604937 0.49126143560606056 0.3788247469135802 0.49938987500000004 0.3818611604938272 0.49888411742424243 0.38558532407407403 0.4924897765151515 0.3844780555555556 0.4849755075757576 0.3647328024691358 0.467092946969697 0.36045499999999997 0.4697301515151515
0 0.45513740432098765 0.4578087575757576 0.46411252160493827 0.46593719696969693 0.473221762345679 0.46441992045454544 0.4794287037037037 0.45376268939393943 0.477767799382716 0.4424912840909091 0.4687926820987654 0.43436284848484846 0.4554056450617284 0.4385173295454545 0.4529228703703703 0.44278022348484847 0.45513740432098765 0.4578087575757576
0 0.558107175925926 0.4599043863636364 0.5592144475308642 0.46741865530303034 0.5753696543209876 0.48204984090909087 0.5784060679012346 0.4815440833333334 0.5785401851851852 0.4718983712121212 0.5623849783950616 0.4572671818181818 0.558107175925926 0.4599043863636364
0 0.5851494907407407 0.4323039962121212 0.5845958580246913 0.42854685984848484 0.5792107870370371 0.4236697954545455 0.5718965709876543 0.42681276136363633 0.5775670401234568 0.45473838636363634 0.5812912037037037 0.44834404924242427 0.5801839351851852 0.4408297803030303 0.5851494907407407 0.4323039962121212
0 0.5509099259259259 0.41106164393939393 0.5459443734567901 0.41958743181818187 0.547605274691358 0.4308588333333333 0.5535439783950618 0.43949302651515154 0.5578217808641975 0.43685582196969697 0.556714512345679 0.4293415568181818 0.5591972901234568 0.42507866287878787 0.5575363858024691 0.4138072613636363 0.5521513179012346 0.40893019696969696 0.5509099259259259 0.41106164393939393
0 0.6569332654320987 0.4549915037878788 0.6563796327160494 0.4512343712121212 0.6509945617283951 0.4463573068181818 0.6467167592592592 0.44899451136363633 0.6447876172839506 0.45701454166666666 0.6501726882716049 0.4618916022727273 0.6532091018518519 0.4613858446969697 0.6569332654320987 0.4549915037878788
0 0.6271227808641975 0.4638062272727273 0.6242204876543209 0.4546662727272727 0.6169062746913581 0.45780923863636364 0.6198085679012345 0.46694919318181816 0.6271227808641975 0.4638062272727273
0 0.6141724166666667 0.5237035492424242 0.6165210740740741 0.5290863712121212 0.6202452376543209 0.5226920303030304 0.6141724166666667 0.5237035492424242
0 0.5987221172839506 0.5455237727272727 0.6016244104938272 0.5546637310606061 0.6059022098765432 0.5520265227272727 0.6047949413580247 0.5445122537878788 0.6111360030864197 0.5242093106060606 0.6082337129629629 0.5150693522727272 0.6009194999999999 0.5182123181818182 0.6025804012345679 0.5294837196969697 0.5987221172839506 0.5455237727272727
0 0.5807718858024692 0.529266893939394 0.5860228333333334 0.5437896742424242 0.5938906820987654 0.5444038446969697 0.5940248024691358 0.5347581287878788 0.5886397314814814 0.5298810681818181 0.5820132716049383 0.5271354507575757 0.5807718858024692 0.529266893939394
0 0.7256634753086421 0.4358447840909091 0.7231806944444444 0.44010767803030304 0.7284316481481481 0.45463045454545453 0.7393359074074074 0.45473886742424247 0.7430600709876544 0.4483445265151515 0.7408455339506173 0.4333159886363636 0.7256634753086421 0.4358447840909091
0 0.7507937993827161 0.45860440909090905 0.7597689166666667 0.4667328484848485 0.7688781512345679 0.465215571969697 0.7726023209876542 0.45882123106060607 0.7703877808641975 0.4437926931818182 0.7614126635802468 0.4356642575757576 0.754098450617284 0.43880722348484846 0.7491328981481481 0.4473330113636364 0.7507937993827161 0.45860440909090905
0 0.7319873796296297 0.3732018446969697 0.737372450617284 0.3780789090909091 0.7495180987654321 0.376055875 0.7526886296296297 0.36590440151515147 0.7479913148148148 0.3551387575757576 0.7395698302469136 0.35076745454545455 0.7352920308641976 0.35340465909090907 0.7303264753086419 0.36193044696969695 0.7319873796296297 0.3732018446969697
0 0.7623515000000001 0.3681442575757576 0.7677365679012346 0.37302131818181816 0.7738093950617284 0.372009803030303 0.7775335586419753 0.3656154621212121 0.7764262932098766 0.35810119696969694 0.7710412222222222 0.3532241325757576 0.7637270092592593 0.3563670984848485 0.7612442314814816 0.36062999242424243 0.7623515000000001 0.3681442575757576
0 0.7618321790123457 0.44906710984848486 0.7581080154320987 0.455461446969697 0.7545179660493827 0.452210071969697 0.7543838456790124 0.4618557840909091 0.7621175740740741 0.47211566666666666 0.759634799382716 0.47637856060606065 0.7686099166666667 0.48450699999999997 0.7716463240740741 0.4840012424242425 0.7861234753086419 0.4450210340909091 0.7618321790123457 0.44906710984848486
0 0.8009203333333335 0.5137693750000001 0.8046445 0.5073750340909091 0.7992594290123457 0.5024979734848485 0.7889088055555555 0.5061467007575757 0.78394325 0.514672481060606 0.7862919074074074 0.520055303030303 0.7887746851851851 0.5157924128787879 0.8009203333333335 0.5137693750000001
0 0.8662289259259258 0.5664055492424243 0.8716139969135803 0.5712826098484849 0.8837596450617283 0.5692595757575757 0.8894129537037038 0.5548452083333334 0.8883056882716049 0.5473309431818182 0.8793305709876542 0.5392025037878787 0.8659435308641975 0.5433569848484848 0.8634607530864197 0.5476198787878789 0.8662289259259258 0.5664055492424243
0 0.8516005030864198 0.5726914772727273 0.8430449012345679 0.5779658863636364 0.8422230277777778 0.5935001818181818 0.8517517808641976 0.6053857537878788 0.8638974290123457 0.6033627196969696 0.8695507345679012 0.5889483560606061 0.8684434660493826 0.5814340833333332 0.859468348765432 0.5733056477272727 0.8528418919753086 0.5705600303030303 0.8516005030864198 0.5726914772727273
0 0.8885739228395061 0.5280395151515151 0.8927176080246914 0.5350480227272727 0.9036218672839506 0.5351564318181818 0.9098288086419754 0.5244992007575758 0.9081679043209876 0.5132277992424242 0.9027828333333334 0.5083507386363637 0.8893957993827161 0.5125052159090909 0.8869130216049383 0.5167681098484849 0.8885739228395061 0.5280395151515151
0 0.953714086419753 0.5056414128787878 0.9490167685185185 0.4948757727272727 0.9400416512345678 0.4867473333333333 0.9327274382716049 0.4898902992424243 0.9349419783950618 0.5049188371212121 0.9439170956790124 0.5130472727272727 0.9499899197530864 0.5120357537878788 0.953714086419753 0.5056414128787878
0 0.9440340586419753 0.46106156818181815 0.9415512808641975 0.46532446212121215 0.9426585493827161 0.4728387272727273 0.9505263981481481 0.4734528977272727 0.9542505617283951 0.4670585606060606 0.9452754444444444 0.4589301212121212 0.9440340586419753 0.46106156818181815
0 0.8646023395061729 0.6398141287878788 0.8592172685185185 0.6349370681818183 0.8549394660493826 0.6375742727272726 0.8578417623456791 0.6467142272727272 0.8608781697530865 0.6462084696969698 0.8646023395061729 0.6398141287878788
0 0.7966940061728395 0.6434265568181818 0.794211225308642 0.647689446969697 0.7995962962962964 0.6525665113636363 0.8056691234567901 0.6515549924242424 0.8093932870370371 0.6451606553030304 0.8040082160493828 0.6402835909090908 0.7966940061728395 0.6434265568181818
0 0.8027496728395062 0.6000750454545455 0.7973646018518519 0.5951979848484849 0.7930867993827161 0.5978351893939393 0.7947477037037037 0.6091065909090909 0.8026155493827161 0.6097207613636364 0.8027496728395062 0.6000750454545455
0 0.6896491820987655 0.8036823863636363 0.6890955462962962 0.7999252537878787 0.6837104783950617 0.7950481893939394 0.6733598518518518 0.7986969128787879 0.6714307067901235 0.8067169393939394 0.6768157777777778 0.811594 0.6859250123456789 0.8100767272727273 0.6896491820987655 0.8036823863636363
0 0.628652700617284 0.8330889924242424 0.6243748981481482 0.835726196969697 0.6156851790123457 0.8506463219696969 0.6178997160493828 0.865674856060606 0.6238384197530864 0.874309053030303 0.6390204814814815 0.8717802575757576 0.6477102037037037 0.8568601363636363 0.6419056172839506 0.8385802234848485 0.6329305 0.8304517878787879 0.628652700617284 0.8330889924242424
0 0.5919475185185186 0.8584495265151515 0.5902866141975308 0.847178125 0.5849015432098765 0.8423010643939394 0.5745509166666667 0.8459497840909092 0.5720681419753086 0.850212678030303 0.5755240679012346 0.8631097651515152 0.5851869413580247 0.865349625 0.5919475185185186 0.8584495265151515
0 0.276294787037037 0.9014027310606061 0.2793311975308642 0.9008969734848485 0.28001895061728393 0.8950083939393939 0.2862258950617284 0.8843511628787879 0.2905036975308642 0.8817139545454545 0.2881550401234568 0.8763311363636364 0.26869517592592596 0.8814971363636364 0.26676603395061727 0.8895171628787878 0.276294787037037 0.9014027310606061
0 0.343563700617284 0.6823332159090909 0.33942001851851855 0.6753247045454546 0.3321058055555556 0.6784676704545455 0.32714025308641975 0.6869934545454546 0.3304620586419753 0.7095362575757577 0.3444027314814815 0.709138909090909 0.3506096759259259 0.6984816818181818 0.3495024074074074 0.690967409090909 0.35198518209876545 0.686704518939394 0.3466001111111111 0.6818274545454545 0.343563700617284 0.6823332159090909
0 0.5095417438271604 0.5103365189393939 0.5066394475308642 0.5011965643939393 0.49932523765432096 0.5043395265151515 0.5022275277777778 0.5134794848484848 0.5095417438271604 0.5103365189393939
0 0.7678083333333333 0.8907469356060607 0.7643524074074074 0.8778498446969697 0.7540017839506173 0.8814985681818182 0.7574577098765433 0.8943956553030303 0.7678083333333333 0.8907469356060607
0 0.8950522407407406 0.8464564962121213 0.8972667808641974 0.8614850340909092 0.9014104629629629 0.8684935454545455 0.9067955308641976 0.873370606060606 0.9164584043209877 0.8756104621212121 0.9226653487654322 0.8649532348484849 0.9190753024691358 0.8617018560606061 0.9179680308641975 0.8541875871212121 0.9023664567901235 0.843313534090909 0.8950522407407406 0.8464564962121213
0 0.8697534845679014 0.7486626060606061 0.8693339691358024 0.7352597537878788 0.8602247314814814 0.7367770340909091 0.8618856358024691 0.7480484356060606 0.8697534845679014 0.7486626060606061
0 0.8786942870370371 0.6721110568181818 0.8781406512345679 0.668353928030303 0.8727555802469136 0.6634768636363636 0.8684777808641975 0.6661140681818182 0.8665486388888889 0.6741340946969696 0.8719337067901235 0.6790111553030304 0.8749701203703704 0.6785053977272728 0.8786942870370371 0.6721110568181818
0 0.9612138888888888 0.619872715909091 0.9558288179012345 0.6149956477272727 0.9485146049382717 0.6181386174242424 0.9514168981481481 0.6272785719696969 0.9574897222222223 0.6262670492424242 0.9612138888888888 0.619872715909091
0 0.8299947283950617 0.7321889053030303 0.8301288518518518 0.7225431931818183 0.8259851697530864 0.7155346818181818 0.8168759351851852 0.7170519583333334 0.8149467901234567 0.7250719886363637 0.8203318611111112 0.7299490492424242 0.8264046851851852 0.728937534090909 0.8299947283950617 0.7321889053030303