0 0.8580912179487179 0.7707776071428571 0.8667586346153846 0.7496044722222223 0.928056094017094 0.7230402738095238 0.9475737478632479 0.6988237817460317 0.9437123269230769 0.672574742063492 0.9061258141025641 0.6573470079365079 0.9018176217948719 0.6390324563492064 0.912214670940171 0.5681763571428572 0.901919688034188 0.5234279841269841 0.919477908119658 0.47711447222222225 0.9329002863247863 0.46632140079365075 0.9299898568376068 0.44214836904761906 0.9457609935897436 0.4275728253968254 0.9451993205128205 0.3996173253968254 0.9611938418803418 0.38107453571428573 0.9441334273504274 0.3616513214285714 0.9323896474358975 0.3805636666666667 0.9276346837606838 0.37018360714285714 0.9447461324786325 0.3318045873015873 0.9419441858974359 0.2677743174603175 0.9236519444444444 0.2322973373015873 0.8868504893162392 0.2410578611111111 0.8369521068376068 0.14103974206349207 0.8315269893162393 0.14256142063492064 0.8493214294871796 0.243775123015873 0.8748322905982906 0.3217396865079365 0.8663882606837606 0.3389455714285714 0.8317121773504275 0.347890869047619 0.8052057051282051 0.4013997658730159 0.7945788525641027 0.400475876984127 0.7847880897435897 0.3657380079365079 0.7988231752136752 0.3250982023809524 0.8189025021367522 0.3288372103174603 0.8206895854700854 0.2970992420634921 0.8062013119658119 0.2699263095238095 0.7702933995726496 0.26281784523809526 0.7583262350427351 0.28569743650793655 0.7488737606837607 0.2828823134920635 0.7422232307692308 0.34409746428571425 0.6978138354700855 0.3362498888888889 0.6776834764957265 0.39031311507936506 0.6234322841880341 0.40552990873015876 0.6215813333333333 0.34357565079365077 0.6805810683760684 0.26299168650793653 0.701388 0.27277395238095237 0.7343854871794872 0.25570938492063494 0.7471951602564103 0.2747630436507936 0.7478078653846154 0.24491630952380952 0.7178292948717949 0.24629667063492064 0.6992562158119658 0.19684194444444444 0.6693925427350428 0.23411229761904762 0.6545149487179487 0.23281885714285716 0.6409776688034188 0.20772193650793652 0.6005956282051282 0.2042111626984127 0.5794568247863248 0.23825338492063491 0.5522737820512821 0.2279167857142857 0.5648600705128205 0.25093769047619047 0.5380153098290599 0.2725238373015873 0.5578712521367521 0.2802300952380953 0.5582095405982906 0.31215283730158727 0.5958535021367521 0.3453255714285714 0.5794696623931623 0.38974784523809525 0.5333306346153847 0.43158323809523813 0.5331646987179487 0.45349548015873015 0.5506144358974359 0.4470392103174603 0.5686258418803419 0.46853843650793653 0.6204133739316239 0.421214119047619 0.6430648418803419 0.41720340873015876 0.6255066239316239 0.46351692460317456 0.5979917072649572 0.4970048095238095 0.6052103290598291 0.5394923928571428 0.6494537884615385 0.5692522063492064 0.6163478183760684 0.6261740119047619 0.613890579059829 0.6698137222222222 0.592528391025641 0.7078231865079365 0.5944878269230769 0.7299202063492063 0.6572340811965812 0.6396952896825397 0.6716649038461538 0.6489232261904762 0.6980628888888888 0.6352715714285714 0.6909081388888889 0.6864762142857143 0.7135021581196581 0.6645205119047619 0.7248566153846153 0.6714876587301587 0.7182060854700855 0.7327028055555556 0.6614402051282051 0.7736143134920634 0.6633996431623931 0.7957113293650793 0.6894083098290598 0.8079391666666667 0.7317433653846154 0.7577997261904762 0.7442722051282051 0.7628756349206349 0.776037858974359 0.7297573055555556 0.7909729059829059 0.7489957420634921 0.792708952991453 0.775060007936508 0.8379034081196581 0.8068958373015873 0.845173061965812 0.7915811825396825 0.8654757735042735 0.7913529444444445 0.8580912179487179 0.7707776071428571
0 0.7787310128205128 0.16986472619047618 0.7949553354700856 0.2231019246031746 0.8034568183760683 0.2238410357142857 0.8139687692307692 0.18887493253968254 0.7857198311965812 0.14057232539682538 0.7787310128205128 0.16986472619047618
0 0.5986297777777777 0.1063669126984127 0.5937599123931624 0.06009686507936508 0.57468902991453 0.07637886111111111 0.5730168482905983 0.1440068253968254 0.5986297777777777 0.1063669126984127
0 0.6213386944444445 0.12030120238095238 0.6221237521367521 0.14428945634920634 0.633924982905983 0.14332211507936507 0.6430391709401709 0.11421448412698414 0.6319080961538461 0.10328009523809524 0.6213386944444445 0.12030120238095238
0 0.4570535170940171 0.5724584682539683 0.45000725 0.5838058730158731 0.4639912991452992 0.6009683015873015 0.45918530555555553 0.6483904722222222 0.4701504444444444 0.6812371071428571 0.4556111388888889 0.7118664126984127 0.4666847606837607 0.7048558095238094 0.48071984615384616 0.664216 0.4908999273504273 0.673074376984127 0.5241884337606838 0.6792893373015874 0.5031415106837607 0.5884253095238094 0.48770224572649573 0.5591763650793651 0.4879766645299145 0.49740688492063495 0.4578321581196581 0.5206994880952381 0.4570535170940171 0.5724584682539683
0 0.535462423076923 0.507515246031746 0.5545907564102565 0.509178246031746 0.5469253653846154 0.47462515476190476 0.535462423076923 0.507515246031746
0 0.5899434145299146 0.5640784365079364 0.5860819935897437 0.5378293928571428 0.5629837542735043 0.5497745952380952 0.581218547008547 0.5673065753968254 0.5899434145299146 0.5640784365079364
0 0.5961025576923077 0.6443472460317461 0.5699789893162392 0.5962294206349206 0.5509081047008547 0.6125114206349207 0.5803314230769231 0.6589227896825397 0.5961025576923077 0.6443472460317461
0 0.916312311965812 0.741952619047619 0.9088192756410257 0.7612345158730158 0.9012113333333334 0.7446264206349207 0.8806852371794871 0.7488219047619048 0.8851657799145299 0.8209714444444445 0.899934888888889 0.862122123015873 0.9180547799145299 0.8437641150793651 0.916312311965812 0.741952619047619
0 0.9551688504273504 0.5639374166666667 0.9626618910256409 0.5446555158730159 0.9283687072649573 0.45197409920634923 0.9551688504273504 0.5639374166666667
0 0.9264731431623932 0.5235693055555556 0.9298877927350426 0.5577528373015873 0.9448738675213675 0.5191890436507935 0.9302706923076923 0.456126119047619 0.9112062286324787 0.5481553492063491 0.9264731431623932 0.5235693055555556