0 0.16515182006633497 0.29093775663716814 0.1697933864013267 0.2955770221238938 0.18977770978441127 0.3034146297935103 0.19147615091210615 0.29877997787610616 0.16515182006633497 0.29093775663716814
0 0.21795170066334993 0.6418548864306785 0.22433535737976784 0.5685545707964602 0.2194977014925373 0.5705792492625369 0.21800670812603648 0.577531994100295 0.21236854892205637 0.6473559365781711 0.21795170066334993 0.6418548864306785
0 0.23582090547263682 0.5404578672566371 0.238914688225539 0.5071396814159292 0.23637510033167497 0.4935199159292035 0.2234989966832504 0.5001746283185841 0.2220534344941957 0.5430555324483776 0.23582090547263682 0.5404578672566371
0 0.19646981343283584 0.5818624601769912 0.19987805306799336 0.581575197640118 0.2035439593698176 0.5694086637168142 0.21392412354892207 0.47582925368731566 0.20839118988391375 0.4671329365781711 0.2032229328358209 0.47727017699115043 0.20047589718076286 0.4613323156342182 0.19714059121061359 0.465386290560472 0.19240994527363184 0.49812379793510325 0.1973934718076285 0.5036325412979351 0.20168171973466004 0.498420290560472 0.19646981343283584 0.5818624601769912
0 0.1578139991708126 0.6339880486725664 0.1600666351575456 0.5824154469026549 0.17962949253731345 0.5265093008849557 0.18434878109452738 0.48478975368731564 0.19099667412935326 0.45871772861356935 0.19117004809286897 0.4340897064896755 0.1849759112769486 0.44161851327433627 0.1713106616915423 0.5250545309734513 0.14984191542288558 0.5832772315634218 0.14977555140961857 0.6386180855457227 0.1578139991708126 0.6339880486725664
0 0.20024873714759536 0.2816915324483776 0.1956687479270315 0.27183693805309733 0.20582053233830847 0.2672084410029499 0.21228369320066337 0.25678239970501476 0.22773167661691543 0.18146048230088496 0.24852307296849085 0.18060638938053097 0.27440979353233835 0.16584834365781712 0.29067142122719736 0.1409422890855457 0.26657222222222227 0.11368891002949852 0.25745767578772805 0.1299078790560472 0.25774284577114426 0.08586716076696164 0.2615319063018242 0.06326997050147493 0.24727660613598676 0.057464734513274336 0.2450676194029851 0.03573240560471976 0.23796373383084576 0.02465328908554572 0.17214585074626867 0.01783448820058997 0.16972167164179106 0.023218610619469025 0.163791771973466 0.07797570943952803 0.16820974543946932 0.12144036578171091 0.1600983631840796 0.12230369026548674 0.1540889577114428 0.11418651474926254 0.14966619651741295 0.1208473820058997 0.14112555638474295 0.26745108849557525 0.1425161111111111 0.28889307817109144 0.17830830597014927 0.29036784808259586 0.20024873714759536 0.2816915324483776
0 0.25251892288557215 0.8067437787610618 0.24912204145936984 0.8160130796460178 0.2516616301824212 0.8296328466076697 0.26783417661691544 0.8421035648967552 0.28304242205638475 0.8467505235988201 0.28555929436152566 0.8424062109144543 0.26215537313432835 0.8258738274336284 0.25251892288557215 0.8067437787610618
0 0.2889675348258706 0.8421189498525073 0.29621026616915425 0.8551626548672567 0.30595851326699836 0.8548800073746313 0.3096973548922056 0.8464801843657817 0.2941860107794361 0.8177843421828908 0.2892252006633499 0.8302396769911505 0.2889675348258706 0.8421189498525073
0 0.010052651741293533 0.8778440368731564 0.011263262852404643 0.8648064852507374 0.007232679933665008 0.85813946460177 0.0036283515754560527 0.8650906710914454 0.00405460447761194 0.8787088997050148 0.010052651741293533 0.8778440368731564
0 0.11324799668325043 0.9181934262536873 0.11508094941956881 0.9121101592920354 0.09890840298507463 0.8996394410029499 0.08896406633499171 0.9065860309734514 0.0856060464344942 0.8926759247787611 0.08815042288557214 0.8561701696165193 0.083850815920398 0.8524003790560472 0.07162466998341625 0.909412889380531 0.10253800995024875 0.9203793982300885 0.10574759784411278 0.917028994100295 0.11324799668325043 0.9181934262536873
0 0.9270371293532338 0.4482432994100295 0.9235673126036484 0.45374589085545725 0.9199241218905472 0.48387650294985246 0.9268655381426203 0.5821044100294985 0.9176959859038143 0.6626462713864307 0.9157123747927032 0.7113216415929203 0.9047260140961857 0.756803284660767 0.9117726567164178 0.7765109321533924 0.9355412537313433 0.8118768731563423 0.9494480240464346 0.7577050693215338 0.9602723698175787 0.7458334882005899 0.9700935505804311 0.7493175530973452 0.975099792703151 0.7727903746312684 0.974921631840796 0.8475439218289085 0.9758378905472637 0.8467807197640118 0.9902001376451078 0.6921079587020649 0.9897909212271973 0.691962790560472 0.9861250149253731 0.7041293244837757 0.9810069767827528 0.700069197640118 0.9838090190713101 0.6516841666666666 0.985372947761194 0.6484981342182891 0.9889270572139304 0.6557442949852508 0.9928765182421228 0.6479976533923304 0.9936476915422886 0.589062383480826 0.981604820066335 0.579826314159292 0.968279747097844 0.5548987227138643 0.9719115796019901 0.5157860707964601 0.9865477014925373 0.4992813775811209 0.9685422014925373 0.4928939262536873 0.962532795190713 0.48477674926253683 0.9617532255389718 0.46130700442477873 0.9566238291873963 0.4482648377581121 0.9448076791044777 0.48447410324483775 0.9270371293532338 0.4482432994100295
0 0.23654012023217247 0.3005512418879056 0.23259383084577112 0.3066329705014749 0.22638833582089554 0.3051797374631269 0.22449380597014926 0.3164783333333333 0.21782319734660033 0.32458628023598823 0.22601887313432834 0.33647170501474927 0.22198350414593698 0.3799302079646018 0.22858774792703151 0.4271631150442478 0.24181716998341626 0.43035991740412977 0.2481733217247098 0.3892210471976401 0.24618314096185737 0.37878885250737465 0.2431897968490879 0.38371230383480825 0.23915921393034828 0.37704528171091445 0.24241022636815918 0.36024255752212386 0.24035846766169155 0.3550256932153393 0.24497731757877284 0.3417008790560472 0.2429142014925373 0.3275019734513274 0.24521226865671641 0.31185752802359884 0.23654012023217247 0.3005512418879056