0 0.9869471503164556 1 0.9932124699367089 0.6816494185393258 0.9237581914556962 0.6266491769662922 0.841592625 0.5329296235955057 0.7931166977848101 0.4992919803370786 0.7091687484177216 0.3350558174157303 0.6730239335443038 0.27891357022471913 0.6873131613924051 0.2777258033707865 0.6866152721518988 0.2326455252808989 0.6938703449367088 0.22643908707865168 0.7191200031645569 0.23212271629213485 0.7203701851265822 0.24914021629213484 0.7965609920886076 0.2437408820224719 0.9453276202531645 0.29581370505617977 0.8934224810126582 0.23506683988764046 0.791725957278481 0.16725204775280897 0.6832061503164557 0.12397441853932584 0.5907127689873417 0.11205096348314607 0.5042142357594936 0.11768451404494383 0.47720728955696207 0.16102082584269664 0.47278395253164557 0.18442460112359552 0.43105598892405067 0.21061795786516851 0.4008307041139241 0.25640087921348315 0.37408985759493674 0.32648674719101123 0.3715141787974684 0.37681991011235955 0.3999721329113924 0.4208378735955056 0.44048505379746833 0.45638262078651687 0.48530081012658227 0.5149170955056179 0.5056953433544303 0.5256737752808989 0.5210590205696203 0.5907032837078652 0.5650563829113924 0.6505509803370786 0.6102587436708861 0.6894415112359551 0.6765183860759494 0.7054133904494382 0.7250495443037974 0.7362447584269664 0.877114835443038 0.9026012443820225 0.9511762927215189 1 0.9869471503164556 1
0 0.8428378006329115 0.3488486853932584 0.8508459920886076 0.3849162471910112 0.8658983829113924 0.3852215365168539 0.8561981787974684 0.3545866966292135 0.8428378006329115 0.3488486853932584
0 0.8879648417721518 0.4721073820224719 0.8796805047468355 0.4500712106741573 0.8725358908227848 0.450665095505618 0.8853891613924051 0.5224405449438202 0.8953655126582278 0.5390439943820224 0.8996783908227848 0.5212527780898877 0.8879648417721518 0.4721073820224719
0 0.7978563591772152 0.2987330449438202 0.8065172547468354 0.34190621629213486 0.8305066867088607 0.3713532893258427 0.8301301265822785 0.3502162893258427 0.8148668655063291 0.32035516853932583 0.8295878797468355 0.33749812359550563 0.8353718560126583 0.3254992949438202 0.8222876234177215 0.30572989606741574 0.7978563591772152 0.2987330449438202
0 0.8315610458860758 0.519132452247191 0.8431741803797468 0.5331094578651685 0.8330522325949368 0.44336295505617973 0.8218809303797469 0.40693572752808993 0.8115732056962025 0.40716994101123594 0.8315610458860758 0.519132452247191
0 0.9933987199367088 0.6721857724719101 0.9939441091772152 0.6444737808988764 0.9821753306962026 0.5981346657303371 0.9712701297468355 0.5884569915730338 0.9727864129746836 0.6322240449438202 0.9277246439873417 0.46537813202247186 0.8853188829113924 0.36492932865168537 0.869724243670886 0.3519058735955056 0.869392868670886 0.3687435365168539 0.9357780205696202 0.5394203567415731 0.9606209857594937 0.6463098146067416 0.9738156756329114 0.6604666573033707 0.9774206202531646 0.6383761067415731 0.9933987199367088 0.6721857724719101
0 0.6868914177215191 0.21861413764044943 0.6817049193037975 0.24052485674157306 0.6906971882911392 0.2668603623595506 0.6880210965189874 0.28202513764044945 0.6962602468354431 0.26608664325842696 0.7089126914556962 0.2675253202247191 0.7275147990506329 0.2485463342696629 0.7223935727848101 0.22686983146067416 0.6868914177215191 0.21861413764044943
0 0.8761810142405063 0.26545076966292136 0.8875732310126582 0.29065288764044944 0.9241598797468353 0.3243449129213483 0.8895966202531645 0.26838249999999997 0.8761810142405063 0.26545076966292136
0 0.8004320379746835 0.2483998820224719 0.7876691344936709 0.25257376123595504 0.7999349762658228 0.27365638483146065 0.8004219936708861 0.2891808258426966 0.808495457278481 0.2816611657303371 0.8557764351265824 0.2954750308988764 0.8585077579113924 0.2775039803370786 0.8696891044303797 0.2731502640449438 0.8004320379746835 0.2483998820224719
0 0.8933923465189874 0.3574096685393258 0.8985135727848101 0.37908616853932586 0.9163976993670887 0.39658879213483145 0.9004817325949368 0.3596220617977528 0.8933923465189874 0.3574096685393258
0 0.5869927594936709 1 0.5753389810126582 0.9737580308988764 0.5732252231012659 0.9200790870786517 0.5630380015822785 0.8739198033707866 0.5305985443037975 0.8308553932584269 0.5402937420886076 0.6603917949438203 0.5409012626582279 0.6295227415730337 0.5348511867088608 0.6147720168539326 0.5306387231012658 0.6677316207865168 0.5219677816455697 0.665339393258427 0.5177101329113925 0.6803243342696629 0.5038777879746835 0.8193793764044943 0.5133118924050633 0.8232646601123595 0.5219476930379747 0.7469012780898877 0.522635536392405 0.8327624971910113 0.503867743670886 0.8601603174157304 0.4540311756329114 0.8151177303370787 0.42811876740506327 0.8431094325842696 0.3889112547468354 0.821775904494382 0.3728195553797468 0.8340089494382024 0.346410085443038 0.8872571488764045 0.34335743196202534 0.8812849269662921 0.3223001487341772 0.9042035758426966 0.29066903955696205 0.9006068876404495 0.30463667088607593 1 0.5869927594936709 1
0 0.41610901740506334 0.4465794943820225 0.41069155696202536 0.5204962640449439 0.4184436914556962 0.4890333286516854 0.4208536835443038 0.4471189971910112 0.41610901740506334 0.4465794943820225