0 0.9541763601286174 1 0.9793675546623793 0.7962605914285715 0.9267565 0.7334580428571428 0.8538149533762058 0.6143417485714285 0.8085592379421223 0.56563164 0.7410617154340836 0.3757290742857143 0.710504805466238 0.308476 0.7249839758842445 0.31177673714285714 0.7289079308681672 0.2666626228571429 0.7368343408360128 0.2627581428571429 0.7616211672025723 0.27634118571428573 0.7611313327974277 0.2936810714285714 0.8382391077170418 0.31221081142857143 0.982371924437299 0.4107492714285714 0.9364520273311897 0.3339652657142857 0.8412286784565917 0.23451899142857144 0.7366320610932475 0.1573681142857143 0.6449213344051448 0.11647136571428571 0.557432692926045 0.09494055428571428 0.5258508344051447 0.12962474000000002 0.519005231511254 0.15154445714285714 0.4743910594855305 0.16453698 0.4393245080385852 0.20064788285714286 0.4052655530546624 0.26205526 0.3975134935691318 0.31137352 0.42159085530546625 0.3641401457142857 0.45864995819935694 0.4122509228571429 0.4976736816720257 0.48460714000000005 0.5170617636655949 0.5017189714285715 0.5258267090032154 0.5713021714285714 0.5638934067524115 0.6447094228571429 0.6053210160771705 0.69762368 0.670257655948553 0.7343206942857143 0.7158567813504824 0.7802533828571429 0.8515786430868167 0.9936411971428573 0.8549855884244372 1 0.9541763601286174 1
0 0.8739524919614147 0.4314075285714286 0.8782983585209002 0.4698397457142858 0.8933911446945338 0.47486686857142857 0.886787811897106 0.44131414857142853 0.8739524919614147 0.4314075285714286
0 0.9066483762057878 0.56831982 0.9005854485530546 0.54377472 0.8933458633440514 0.5421243514285714 0.8988963167202573 0.61763808 0.9072167090032155 0.6373036885714285 0.9133754871382637 0.6209388171428571 0.9066483762057878 0.56831982
0 0.8338985305466238 0.36738358285714284 0.8381711864951769 0.4130970314285714 0.8592536897106109 0.44995049142857146 0.861043961414791 0.42878214285714283 0.8487716848874597 0.3942544028571428 0.8618039951768489 0.41594606571428566 0.8688465900321544 0.4058113914285714 0.8577283295819936 0.38201766 0.8338985305466238 0.36738358285714284
0 0.8451511479099679 0.5974535657142857 0.8553855916398714 0.6150171028571428 0.8544232781350483 0.5224631514285714 0.8469361318327974 0.48268023142857147 0.8365552652733118 0.47967916000000005 0.8451511479099679 0.5974535657142857
0 0.9883775080385852 0.7233905742857143 0.9784132652733118 0.7103308457142857 0.9754463360128617 0.7543939257142857 0.9472880225080387 0.5740939057142856 0.914986120578778 0.4607517 0.9006533697749197 0.44288849714285716 0.8985928971061095 0.45955303428571426 0.9477831446945337 0.6503590085714286 0.961777770096463 0.7646046171428572 0.9735828536977492 0.7828435057142857 0.9794714324758842 0.7619748257142858 0.9824679581993568 0.7711853885714286 0.9883775080385852 0.7233905742857143
0 0.7306249919614147 0.25277550857142855 0.723165773311897 0.27296883714285713 0.7294989051446945 0.30201774857142855 0.7252541768488746 0.3162805457142857 0.7351678488745981 0.3029927657142857 0.7477329694533762 0.30839557714285715 0.7683709180064309 0.29533144 0.765449270096463 0.27213704 0.7306249919614147 0.25277550857142855
0 0.9160110691318327 0.35881444285714287 0.9248718633440515 0.3874876685714286 0.9581760723472668 0.43252135999999997 0.9291898006430868 0.36594363714285716 0.9160110691318327 0.35881444285714287
0 0.8416505900321544 0.31806532285714284 0.8283986479099679 0.31821736 0.838559881028939 0.3430621285714286 0.8374564324758843 0.35867562857142854 0.8463398681672026 0.35372011714285717 0.8924288279742766 0.3823129171428571 0.8970169678456592 0.36527269714285715 0.90869827170418 0.36444530571428574 0.8416505900321544 0.31806532285714284
0 0.9238695562700966 0.4557961885714285 0.9267912041800642 0.47899058857142857 0.9429647958199356 0.5020329514285714 0.930765729903537 0.4602239771428572 0.9238695562700966 0.4557961885714285
0 0.5502004758842444 1 0.5410644276527331 0.9698155228571428 0.5444479807073954 0.9156937885714285 0.5389480964630224 0.8665275628571428 0.5107724292604502 0.8134612742857144 0.5380031334405144 0.6467398857142858 0.5417806672025723 0.6161882314285715 0.5372151688102894 0.5995997142857143 0.5275490578778135 0.6510200457142857 0.5190822443729903 0.6459169028571429 0.5132668778135049 0.6595043514285714 0.48510178938906756 0.7936480342857143 0.49418221543408364 0.8004775657142857 0.5106939308681673 0.7271375171428571 0.5025758199356913 0.8128619400000001 0.48090763183279744 0.8342583399999999 0.43545492604501607 0.7737631857142857 0.40654715434083605 0.79350922 0.3693416302250804 0.7599609057142857 0.35191817041800644 0.7670945085714285 0.3199196881028939 0.8118373485714286 0.31746523311897107 0.8049318028571428 0.2939562041800643 0.821149042857143 0.26254340675241156 0.8076420200000001 0.26739784726688104 0.9384330885714285 0.41058181672025723 1 0.5502004758842444 1
0 0.4351635691318328 0.39483942571428576 0.42213654662379424 0.4667527514285714 0.4331536655948553 0.4378514685714286 0.4398754887459807 0.39686548 0.4351635691318328 0.39483942571428576