0 0.05135232989690722 0 0.03636062886597938 0.15566811042944786 0.03870439003436426 0.15871482515337423 0.06731022508591065 0.217667254601227 0.05961912542955327 0.24276185582822088 0.071108735395189 0.36990894171779143 0.07888832989690721 0.37127887423312883 0.08322339518900344 0.32626522699386507 0.07535530412371133 0.29843076687116565 0.07674916838487973 0.2383183680981595 0.17328746907216494 0.4316443466257669 0.16642604467353952 0.4663795368098159 0.1690547199312715 0.5668736932515338 0.1868277474226804 0.6652874110429448 0.19291065463917526 0.6660194785276073 0.19435567525773195 0.6510149294478528 0.18013919415807558 0.5430548220858896 0.1818967388316151 0.4426548680981595 0.25271924570446735 0.5470193159509202 0.30134516666666666 0.5715191656441718 0.34596236769759453 0.6193884294478528 0.4053090824742268 0.6603569570552147 0.4817720223367698 0.633130828220859 0.5329989828178694 0.6306224907975461 0.5381263814432989 0.6138927576687117 0.5912878762886599 0.5639135214723926 0.59562293814433 0.5188998742331289 0.5659869209621993 0.4797722883435583 0.5664252766323025 0.4021980889570552 0.55880885395189 0.39000604601226996 0.5554901546391753 0.35144367484662575 0.5328040549828178 0.3040454263803681 0.4955516116838488 0.2527257944785276 0.4054502010309278 0.1659899938650307 0.3682724329896907 0.07738371779141104 0.3174838298969072 0.0023178588957055214 0.3151368728522337 0 0.05135232989690722 0
0 0.11356737285223367 0.577109036809816 0.12627385738831615 0.5912146717791411 0.11541341237113403 0.5031736134969325 0.10427778178694158 0.48188463496932515 0.10155091065292096 0.5010716196319018 0.11356737285223367 0.577109036809816
0 0.13705962714776632 0.7165423742331288 0.15175180412371136 0.7282849601226994 0.15659020103092783 0.7145561380368098 0.13220741408934708 0.6665200245398774 0.1283618625429553 0.6790673251533742 0.13705962714776632 0.7165423742331288
0 0.16581481615120275 0.700921518404908 0.15828688659793813 0.715194 0.1576342027491409 0.7584824631901841 0.1698885120274914 0.7864111257668711 0.20055471477663228 0.8057138650306748 0.20510410652920963 0.79498595398773 0.19384264261168385 0.7658757699386503 0.19416898453608247 0.7442315398773006 0.17740262199312715 0.7083874693251534 0.16581481615120275 0.700921518404908
0 0.32901567525773195 0.9208638098159508 0.3322436357388316 0.8987556503067485 0.3278947525773196 0.8800181257668712 0.3095201975945017 0.8700007208588957 0.28076501030927836 0.8856215766871165 0.28960512199312716 0.9060475644171779 0.32901567525773195 0.9208638098159508
0 0.6616720257731958 0.7458521687116565 0.6198975171821306 0.9816993282208588 0.6294486357388317 0.9814016932515338 0.6789140841924398 0.6854787147239264 0.6616720257731958 0.7458521687116565
0 0.6685984261168385 0.8199759969325154 0.6748071683848798 0.8285292699386504 0.7004303470790378 0.6811294325153374 0.6909167285223368 0.697764963190184 0.671488469072165 0.7899668987730061 0.6685984261168385 0.8199759969325154
0 0.6056219553264605 0.25990115950920245 0.5978050223367698 0.27717455214723924 0.5723450137457045 0.413752273006135 0.5688769621993127 0.4497631871165644 0.5756637130584192 0.4523146441717792 0.612408704467354 0.26245261042944784 0.6056219553264605 0.25990115950920245
0 0.5598901941580756 0.4152890490797546 0.5660989347079038 0.42384232208588957 0.5971758573883161 0.23806852147239263 0.5831501838487972 0.24678864417177912 0.5725690412371134 0.30189234049079755 0.5598901941580756 0.4152890490797546
0 0.7940088006872852 0.08195968404907976 0.8009885360824742 0.13900098466257668 0.8135318487972508 0.163928736196319 0.8264015051546392 0.167212254601227 0.846799091065292 0.15622328834355828 0.8584548934707904 0.10618794478527607 0.7940088006872852 0.08195968404907976
0 0.5188173556701031 0 0.5173154261168386 0.05412208588957055 0.5363191460481099 0.10324551840490798 0.556101384879725 0.1169016963190184 0.5739352697594502 0.11427759509202455 0.5910141563573883 0.06472626073619632 0.6107217182130584 0.11566908282208588 0.6418912525773196 0.1662566472392638 0.6865693127147766 0.11308809815950921 0.7263481151202749 0.17468618404907976 0.7498500721649484 0.1679738527607362 0.7758272319587629 0.1264321288343558 0.7805958006872853 0.07691711656441717 0.6952524329896907 0.04483260429447853 0.6886670171821306 0.05479508282208589 0.6830362852233677 0.040239993865030674 0.5759997079037801 0 0.5188173556701031 0
0 0.1299230171821306 0.8180296503067485 0.16907265463917526 0.8405217024539876 0.18520985395189005 0.8372597423312884 0.17833460996563574 0.8082437607361963 0.12615214261168384 0.7932903036809816 0.1299230171821306 0.8180296503067485
0 0.051283577319587624 0.7309385950920245 0.08692782817869416 0.8080848895705521 0.10290185395189004 0.8156450429447852 0.09122555154639175 0.7817145674846626 0.051283577319587624 0.7309385950920245
0 0.5313299329896907 0.7574869693251534 0.5246690171821305 0.762756726993865 0.5217789725085911 0.7927658220858896 0.525838852233677 0.8145042607361963 0.5319217594501718 0.8152363220858896 0.5396501975945017 0.7714984018404908 0.5313299329896907 0.7574869693251534
0 0.4823168109965636 0.8556691717791411 0.4879475429553265 0.8702242638036809 0.4926601065292096 0.8486742331288344 0.4823168109965636 0.8556691717791411