0 0 0.7559124441340782 0.06817618238993711 0.7075715167597765 0.23611419182389937 0.617843815642458 0.2867657672955975 0.6107262737430168 0.3524642059748428 0.6262601787709497 0.40098764465408804 0.6097960418994414 0.4511275550314465 0.5725100223463687 0.47447512106918244 0.5168299497206704 0.49546968081761006 0.5159653463687152 0.5462211996855346 0.48033133240223463 0.5898018034591195 0.46490935474860334 0.6229350990566037 0.4356614413407821 0.627122927672956 0.38580200558659217 0.6107344371069182 0.3055521508379888 0.587786639937107 0.2471663407821229 0.5512085660377358 0.2023401340782123 0.5500603066037736 0.1776487597765363 0.5298772389937106 0.12313243575418995 0.4476154119496855 0.07725249441340783 0.35727775157232705 0.045542019553072625 0.24741208805031445 0.03664896648044692 0.1408478034591195 0.0546647625698324 0.0830003286163522 0.08912345530726257 0.2326520204402516 0.10832805586592179 0.3050531619496855 0.14916318715083798 0.3085044559748428 0.13329733240223463 0.333486962264151 0.13960623184357543 0.33962802830188676 0.1489972122905028 0.33299376572327044 0.19224860893854748 0.3465490864779874 0.20007635474860336 0.30443503773584907 0.2374511536312849 0.20214549528301887 0.3569709944134078 0.15117562264150944 0.3668270893854748 0.05992652830188679 0.4190140139664804 0 0.43579373184357545 0 0.7559124441340782
0 0.1618793034591195 0.2194218715083799 0.1743363364779874 0.18830000837988828 0.16075602987421383 0.18760137988826814 0.14739407704402516 0.21268066759776535 0.1618793034591195 0.2194218715083799
0 0.11053464779874214 0.3362147318435754 0.13236568553459122 0.2728400782122905 0.12558802672955977 0.26892620391061456 0.1147224779874214 0.2863552960893855 0.09697932704402516 0.32838698603351957 0.09876417924528301 0.34760124860335195 0.11053464779874214 0.3362147318435754
0 0.18855323427672954 0.183521530726257 0.20494824213836477 0.17383141061452514 0.186350143081761 0.1955622905027933 0.1831921603773585 0.21581871229050278 0.21010943238993712 0.19856717318435754 0.22413296226415094 0.160881656424581 0.19976206603773586 0.15622476815642458 0.18459027515723272 0.16921890782122903 0.18855323427672954 0.183521530726257
0 0.18676186635220127 0.2542472402234637 0.17122180817610064 0.2842381703910615 0.14963411006289307 0.3662616229050279 0.16262779402515723 0.358179125698324 0.19662255188679245 0.2592920474860335 0.18676186635220127 0.2542472402234637
0 0 0.4140215865921788 0.006878490566037736 0.40526527932960893 0.007415141509433962 0.42830464525139667 0.021950338050314464 0.4207876117318436 0.05993304245283019 0.32907403910614524 0.14622083333333333 0.19511841061452515 0.14813061320754717 0.17868708938547484 0.13144229716981132 0.18398664525139666 0.07745783805031446 0.26126443296089386 0.012139622641509433 0.4014845698324022 0.019385493710691825 0.3598851843575419 0.007640011006289309 0.3641425837988827 0 0.3813708491620112 0 0.4140215865921788
0 0.31361567610062896 0.17229132681564246 0.3259477798742138 0.1768150558659218 0.3317455644654088 0.19607370670391064 0.331183927672956 0.18016346368715083 0.343297677672956 0.15890927094972068 0.3412195125786164 0.13530444413407822 0.3060580235849057 0.1266892905027933 0.29827550314465406 0.1452493156424581 0.31361567610062896 0.17229132681564246
0 0.13910640566037735 0.1111322346368715 0.1533732783018868 0.09209551955307263 0.14011126729559747 0.0886583407821229 0.09953873270440251 0.1265986005586592 0.13910640566037735 0.1111322346368715
0 0.1689817751572327 0.13065721508379888 0.21618205817610064 0.13940553072625697 0.22293473113207546 0.15044851955307265 0.2254561210691824 0.1356692094972067 0.2400163034591195 0.12102305586592178 0.2283207924528302 0.11102222346368715 0.15858443710691825 0.10257304469273744 0.1687384355345912 0.11200841620111732 0.1689817751572327 0.13065721508379888
0 0.11690710062893081 0.19150367877094973 0.12468962264150943 0.172943656424581 0.11759366509433962 0.17176833519553072 0.09742906603773585 0.2000628659217877 0.11690710062893081 0.19150367877094973
0 0.6252195314465409 1 0.631215177672956 0.9797806312849161 0.6003849166666667 0.9684713156424581 0.5832099198113208 0.9364732737430167 0.5794902987421384 0.9408194497206703 0.5611920267295598 0.8770009189944133 0.5473683820754717 0.8576534888268156 0.5069207735849056 0.8599481675977654 0.48575783018867924 0.8207766173184358 0.4319732578616352 0.8410214636871509 0.41758797484276733 0.8057637905027933 0.42960829716981136 0.7230860977653631 0.4277919433962264 0.8009409245810056 0.43735931918238996 0.8015951675977654 0.44248356918238996 0.6607092094972067 0.44038041981132076 0.6442335 0.4317429496855346 0.6424927150837989 0.43470756289308177 0.5893292597765363 0.4269500283018868 0.6007601648044693 0.42344876100628936 0.6308842569832402 0.41019870597484276 0.800197907821229 0.3733707783018868 0.8266628798882681 0.3574874371069182 0.8665214804469275 0.34835677044025154 0.9174230698324022 0.29955566352201257 0.9837533324022346 0.34384560220125787 1 0.6252195314465409 1
0 0.5663293097484278 0.5562350139664805 0.5709103930817611 0.4822496703910615 0.5662858537735849 0.48055327094972067 0.5630529135220126 0.5221970474860335 0.5663293097484278 0.5562350139664805