0 0.4488612040322581 0.37189857593123216 0.42723939112903225 0.3656642521489971 0.4189136846774194 0.3097302578796562 0.4072133653225806 0.30863181661891115 0.4100955387096774 0.31770699140401143 0.4092511959677419 0.3391445659025788 0.43232826209677416 0.4009646633237822 0.45159143306451616 0.4053947077363897 0.46241080161290327 0.41857858882521487 0.5229813161290323 0.5257651661891117 0.5387994185483871 0.5354117521489972 0.5950352653225807 0.5470226375358166 0.6865551016129032 0.6086895157593123 0.7253066016129032 0.6118329154727794 0.763607785483871 0.6264096891117479 0.7583669685483871 0.6155302320916906 0.724540989516129 0.5901452679083095 0.7129024766129032 0.525788164756447 0.7080922935483871 0.5142566404011462 0.6847310217741935 0.49049714899713465 0.6635988887096774 0.4512668395415473 0.6349574362903225 0.43819050143266475 0.6157899201612904 0.4107686762177651 0.610343629032258 0.39482460171919775 0.6127416370967742 0.37506626934097426 0.6217286508064517 0.36280202005730655 0.6628218685483871 0.34761626217765046 0.6913168943548387 0.32328406303724927 0.7223028241935483 0.2871164971346705 0.7268906072580644 0.2734499613180516 0.7195556717741936 0.23348692836676216 0.720231145967742 0.21633686819484238 0.7153646741935483 0.20623451575931234 0.703084535483871 0.19929435100286536 0.6944718653225807 0.21233570487106015 0.7015281120967742 0.22852985386819483 0.7169155806451613 0.23882850429799427 0.7179063508064516 0.2547994656160459 0.7145541798387097 0.2679389699140401 0.6822987903225807 0.2643666891117479 0.6537699161290322 0.24843200859598855 0.6238900935483871 0.266797446991404 0.6116268790322581 0.27999072349570203 0.6113229911290323 0.3288326318051576 0.6046383306451613 0.34433033381088823 0.5263472782258064 0.3580519369627507 0.5088798556451614 0.3697178911174785 0.4879842887096774 0.40673382664756447 0.4721268217741936 0.4186498524355301 0.46269224999999997 0.4114327306590258 0.4544003927419355 0.39576561318051573 0.4488612040322581 0.37189857593123216
0 0.40072277258064515 0.2472312077363897 0.39377634677419354 0.2590934613180516 0.3925773427419355 0.26897262750716333 0.3957578879032258 0.29103538252148997 0.40315187096774197 0.2986545 0.40656033225806454 0.2840858266475645 0.40072277258064515 0.2472312077363897
0 0.4492828129032258 0.05274692263610315 0.44482729112903224 0.052773808022922634 0.4304109104838709 0.06922742263610315 0.4305967032258065 0.08507334670487106 0.41177833225806454 0.1310394212034384 0.41248765564516127 0.15415624068767908 0.40113924032258064 0.1955309541547278 0.4020174314516129 0.21436025931232092 0.39576340403225807 0.22920589255014326 0.40120969516129035 0.24514996704871062 0.4085867548387097 0.23263564613180515 0.40975190967741937 0.1824896017191977 0.41911326854838715 0.17100245558739255 0.42166322096774195 0.126823170487106 0.42585697661290317 0.12316083810888254 0.4271122701612904 0.1118525 0.43383353790322576 0.10570693266475645 0.436287835483871 0.08451942979942693 0.45029326612903225 0.05793657736389685 0.4492828129032258 0.05274692263610315
0 0.8085901201612903 0.24515968338108882 0.8133833782258064 0.23655776790830946 0.812111160483871 0.227732664756447 0.807393875 0.22412410315186246 0.799605864516129 0.22650918767908307 0.7948126064516129 0.23511110315186248 0.7995665 0.24807179942693408 0.8085901201612903 0.24515968338108882
0 0.7776266314516129 0.23963119914040112 0.7480845451612903 0.24942160744985672 0.7490949983870968 0.25461126361031516 0.7641081241935483 0.2641328123209169 0.7727770830645161 0.24966228653295128 0.7806213830645161 0.24584803151862464 0.7776266314516129 0.23963119914040112
0 0.6817441693548387 0.18591416905444128 0.6875478806451614 0.1825019083094556 0.6827743048387097 0.18032251862464183 0.6764836709677419 0.18581601862464184 0.6483657475806451 0.18001057736389686 0.6408395024193548 0.18603110744985674 0.6362883274193548 0.20904977650429798 0.6302031685483871 0.2196078954154728 0.6313628064516129 0.2312913424068768 0.6448588733870968 0.24848578080229225 0.6523288298387097 0.24389441977077364 0.6826928161290322 0.2543624871060172 0.6895829532258064 0.24392940544412606 0.6933263927419355 0.2517004441260745 0.6982125475806451 0.2510214899713467 0.7007597411290323 0.23775694985673354 0.6913082443548387 0.21040638825214902 0.6960086064516129 0.19388150859598854 0.687865935483871 0.18470818338108883 0.6835596 0.19122886103151862 0.6817441693548387 0.18591416905444128
0 0.5490976411290323 0.3047880830945559 0.5490779580645161 0.31556938825214903 0.5521486822580645 0.30957574212034383 0.5490976411290323 0.3047880830945559
0 0.5848429798387097 0.2197517206303725 0.5849921661290323 0.22624551146131805 0.5919189096774194 0.22516456303724927 0.5848429798387097 0.2197517206303725
0 0.6208221274193548 0.24187634670487107 0.6233130322580644 0.23004097851002864 0.6153195459677419 0.22736144412607448 0.6125105870967742 0.23699053724928368 0.6166846604838709 0.2441095100286533 0.6208221274193548 0.24187634670487107
0 0.5624838862903225 0.29392611747851 0.5590951080645161 0.29771348853868196 0.5608542491935483 0.30445735100286536 0.5680427572580645 0.3070118510028653 0.5726671467741935 0.30269744842406876 0.5701593177419355 0.29439937679083095 0.5624838862903225 0.29392611747851
0 0.5755717604838709 0.2700765730659026 0.5717326653225806 0.28529731661891117 0.5790140701612904 0.2957747779369628 0.5829460612903226 0.2884769971346705 0.5784539330645161 0.27915174928366765 0.5827039790322581 0.2740602435530086 0.5755717604838709 0.2700765730659026
0 0.6010944741935484 0.19783149140401143 0.593585154032258 0.22398546275071632 0.5954568733870969 0.22787098424068766 0.6016912185483871 0.2238066547277937 0.6056428927419355 0.20572756876790832 0.6039400411290323 0.1975545329512894 0.6010944741935484 0.19783149140401143
0 0.5834188185483872 0.23534757163323783 0.5813022580645161 0.24796004441260744 0.5757040217741936 0.2564369240687679 0.5636856491935484 0.25313220773638967 0.5604460556451614 0.2634133681948424 0.5639840209677419 0.2661197893982808 0.5707615782258065 0.2585450501432665 0.58605615 0.2609207406876791 0.588023525 0.2418144770773639 0.5834188185483872 0.23534757163323783
0 0.5597599241935484 0.6098443194842407 0.5801799758064516 0.6568725558739256 0.6006956814516129 0.680909005730659 0.5991786233870968 0.6885818968481375 0.5858486669354839 0.698014687679083 0.5767490741935484 0.7131372808022922 0.5784885314516129 0.7306624512893982 0.5848523806451613 0.743873217765043 0.6049768177419355 0.7469991260744986 0.6216392629032258 0.7352081361031519 0.6376852822580645 0.7082232879656161 0.64875225 0.6739944326647564 0.6407784467741936 0.6605335931232093 0.6248477653225807 0.6537453510028653 0.6136512935483871 0.670699111747851 0.6046839620967742 0.6721820544412607 0.5859836862903226 0.6534602951289399 0.5687638629032258 0.6177135100286534 0.5597599241935484 0.6098443194842407
0 0.4978049879032258 0.702312893982808 0.4938757556451613 0.678695929799427 0.49500154596774193 0.6501124971346705 0.4712462475806451 0.6363572048710602 0.46435611048387093 0.6467902879656161 0.4644856145161291 0.6640653839541547 0.4715981508064516 0.6788303595988538 0.4915340370967742 0.6970250888252149 0.49040824677419353 0.7256085214899713 0.4980639951612903 0.7368630859598854 0.4916607822580645 0.7452149297994269 0.4618766137096774 0.7405885859598854 0.4402154346774193 0.7559168739255016 0.4299731274193549 0.7794894598853869 0.4359992387096774 0.8012752578796561 0.44657652500000006 0.8000423868194843 0.47495897177419355 0.7785685315186246 0.4963387024193548 0.7703861031518625 0.5060744056451613 0.7596760616045845 0.5039409201612903 0.752155093123209 0.5058716879032258 0.7236966962750716 0.4978049879032258 0.702312893982808
0 0.6569401774193548 0.8053975673352436 0.6744245241935484 0.813865053008596 0.6843290951612904 0.7988674971346704 0.6944785072580646 0.7673719484240688 0.6774641580645161 0.7366897836676218 0.6693580943548387 0.7368685916905445 0.6633123 0.7258641002865329 0.658856779032258 0.7258909856733524 0.6607651064516129 0.7391286404011461 0.6690569637096774 0.7547957564469914 0.6625974612903226 0.7645767722063037 0.6410882258064516 0.7554841045845272 0.6374742903225806 0.7649881604584526 0.6218982693548387 0.7697583280802291 0.5961389895161291 0.7657571661891118 0.5724569048387096 0.7707061432664757 0.5565825120967742 0.7624887306590258 0.5523887564516129 0.7661510644699141 0.5266857661290322 0.760720729226361 0.5212563983870968 0.7649100945558739 0.5268152693548387 0.7779958252148996 0.5434383491935484 0.787767446991404 0.565510479032258 0.7825683968481376 0.5950694887096775 0.7929114283667622 0.6427151056451613 0.7758676160458453 0.6569401774193548 0.8053975673352436
0 0.20290728951612905 0.6018659699140401 0.19205131370967743 0.579329952722063 0.18057615322580645 0.5725148252148997 0.17198316451612905 0.5747748739255014 0.1638574185483871 0.585734988538682 0.16065443225806453 0.605368282234957 0.17048027258064516 0.6334959484240688 0.18399602177419355 0.6399090802292263 0.19770032177419355 0.6312533925501432 0.20223181532258064 0.61901603008596 0.20290728951612905 0.6018659699140401
0 0.5140261798387097 1 0.5120812080645161 0.9978650759312321 0.5164662733870968 0.9482191762177651 0.5078000717741936 0.9317749570200573 0.5030264967741935 0.9295955673352435 0.49656699354838707 0.9393765816618911 0.4934202983870968 0.9575807048710602 0.4872985322580645 0.9587866891117479 0.47606821209677413 0.9354735702005731 0.45903418145161295 0.9155727106017192 0.449751554032258 0.883934634670487 0.4311244919354839 0.8839171418338109 0.40229724516129034 0.8549948796561605 0.39548308145161293 0.8532174842406877 0.35723542983870965 0.8681262865329512 0.34768827822580645 0.863767505730659 0.29994976451612904 0.8728883553008596 0.3090099935483871 0.8793283739255014 0.3097389983870968 0.8916638868194843 0.31520497258064517 0.8968266561604584 0.3134599975806452 0.9411309785100286 0.31750180967741937 0.9618895988538683 0.30997556451612907 0.9679101318051576 0.3134375564516129 0.98282703008596 0.3088497741935484 0.996493564469914 0.3126530612903226 1 0.5140261798387097 1
0 0.6019528008064516 1 0.6005555201612903 0.9929148022922636 0.6012872838709677 0.9743355716332378 0.6087206322580645 0.9603920773638968 0.628003485483871 0.9540408151862464 0.6345389604838709 0.9320493237822349 0.6341280096774193 0.9219200845272206 0.630834885483871 0.9027156719197709 0.6199226201612904 0.8816088266475646 0.6069866903225807 0.8810374183381089 0.6049264201612903 0.8922207191977078 0.5997785 0.8892642249283667 0.6032235685483871 0.8840476833810889 0.599798183064516 0.8784829197707735 0.5960350596774193 0.8814931848137536 0.5976816217741936 0.8910953911174786 0.5908674580645161 0.8893179971346705 0.5951737935483871 0.8827973209169054 0.5917484072580644 0.8772325558739255 0.5856266419354839 0.8784385415472779 0.5856069596774194 0.889219846704871 0.5719223419354839 0.887094229226361 0.5703883588709677 0.8746336805157594 0.566532339516129 0.8697209828080229 0.5750690379032258 0.868890106017192 0.5795611661290323 0.8782153553008596 0.5840363693548387 0.8674071633237822 0.5919735653225807 0.8715158696275072 0.5950836548387096 0.8439596131805157 0.5815312983870967 0.828194346704871 0.5721305758064517 0.8612441031518624 0.5714015701612903 0.8489085902578796 0.5628282653225807 0.8403873309455588 0.5626424725806451 0.8245414083094555 0.5700561379032257 0.8213792191977076 0.5656203000000001 0.8106247994269341 0.5624932862903226 0.8180476160458453 0.5556791225806451 0.8162702220630372 0.5529827427419355 0.823040971346705 0.5539735129032258 0.8390119326647564 0.5469707967741936 0.8523033581661891 0.5531291693548387 0.8604495071633238 0.550506004032258 0.8859245243553009 0.5557468193548387 0.8968039799426935 0.554525375 0.9483791977077363 0.551249175 0.9493082220630372 0.5492479516129032 0.928147606017192 0.5454651467741936 0.9419391776504299 0.5244231524193549 0.9415465773638969 0.5206037403225806 0.9459860143266475 0.523055279032258 0.9557132578796561 0.5274741935483871 0.9463342378223496 0.5325095338709678 0.9521490744985673 0.5277725653225807 0.9593218194842407 0.5229427 0.9585716017191978 0.520508085483871 0.9689777979942693 0.5314963233870967 0.977874164756447 0.5350437685483871 1 0.6019528008064516 1
0 0.4880019637096774 0.8381110873925501 0.5253855911290323 0.8554211690544413 0.5345387153225806 0.8697841489971346 0.5383581274193548 0.865344712034384 0.5267534629032258 0.8412544871060172 0.5010335483870968 0.8156907134670487 0.4910557629032258 0.8119840042979942 0.4826119620967742 0.820737840974212 0.4880019637096774 0.8381110873925501
0 0.7380929701612903 0.400288623209169 0.7314279919354839 0.4050050200573066 0.7370797588709677 0.4260137134670487 0.7359370443548386 0.4344637077363897 0.7302093056451613 0.4256654899713467 0.7262210241935484 0.43439244126074494 0.7313689443548387 0.43734893553008597 0.7311437862903226 0.44306562320916903 0.7232628798387096 0.4375277435530086 0.7181515669354839 0.4439233839541547 0.7098963169354838 0.4376084025787966 0.7147064991935483 0.4491399269340974 0.7238793056451612 0.45272160171919773 0.7206763201612904 0.47235489541547276 0.7319826120967742 0.48345753724928364 0.7287993096774193 0.49230952722063037 0.7347522056451612 0.4953910573065903 0.7388137008064517 0.5053683724928366 0.7320164612903226 0.5237244183381089 0.7286107580645161 0.5073783481375358 0.723837183064516 0.5051989584527221 0.7181263685483871 0.5165341805157593 0.7180870032258064 0.5380967922636103 0.72467325 0.5765056189111748 0.7413329379032257 0.5956293739255014 0.7612322177419355 0.6044719684813753 0.7597714483870968 0.6107156862464183 0.7684939395161291 0.6257307349570201 0.7882806403225806 0.6374316733524356 0.7955057548387097 0.6493383065902578 0.7928459814516129 0.6654611876790831 0.7823812741935484 0.6638357163323783 0.7783929935483871 0.6725626690544412 0.7826599637096774 0.6876046045845272 0.779682135483871 0.701521212034384 0.7839491056451613 0.7165631461318052 0.7785197387096774 0.7207525100286534 0.7648914104838709 0.7171977220630372 0.7634306411290323 0.7234414398280803 0.7688403258064516 0.7300333810888252 0.7601910491935484 0.7337226002865329 0.7555300524193548 0.7286848681948424 0.7401229008064516 0.7291675200573066 0.74450245 0.741351111747851 0.7589920451612903 0.7436017650429799 0.7673964814516129 0.7564105386819484 0.7758402830645161 0.7476567005730659 0.7795837225806451 0.7554277392550143 0.7840026370967742 0.7460487191977077 0.7929699685483871 0.744565776504298 0.8088837258064516 0.7312205773638968 0.8128523241935484 0.7332749297994269 0.8171586588709677 0.7267542535816619 0.8217070766129032 0.7346503309455588 0.8333144983870968 0.7278258080229226 0.8342855870967743 0.7545780759312322 0.8268156306451613 0.759169435530086 0.8277135048387096 0.7672174340974213 0.8368497048387097 0.7614469756446992 0.8482150451612903 0.7402057005730659 0.8524820153225806 0.7552476346704872 0.8660540532258065 0.7602315959885387 0.8700423338709677 0.7515046432664757 0.8662988943548386 0.7437336031518624 0.8698002516129032 0.7370878896848138 0.8596169911290322 0.7283165601719198 0.8759247758064516 0.7049671604584526 0.8763188016129033 0.694962958452722 0.8693554516129032 0.6866917736389685 0.8691696588709678 0.6708458481375358 0.8726710169354839 0.6642001361031519 0.8658005629032257 0.6638519126074498 0.8632364451612903 0.6569830128939828 0.8742837298387096 0.6335354627507164 0.8758177129032257 0.6459960128939828 0.8790939120967741 0.6450669871060172 0.8802197024193548 0.616483553008596 0.8879148161290323 0.606175505730659 0.8899187975806452 0.596421376790831 0.8838167145161291 0.5868460558739255 0.887092914516129 0.5859170315186246 0.8884607870967742 0.5717503510028653 0.893515810483871 0.5667838810888252 0.8827893370967742 0.5615229613180516 0.8801492467741936 0.5668645401146132 0.8760314629032258 0.5583163954154727 0.8803940879032257 0.550366547277937 0.8696113258064517 0.5465347994269341 0.8687134516129033 0.5384868022922636 0.8792907387096774 0.5372539297994269 0.874742320967742 0.5293578538681949 0.8799099225806453 0.5215330415472779 0.8777764379032258 0.5140120744985673 0.8846665741935484 0.5035789914040114 0.8882635862903225 0.4739414957020058 0.8931497411290323 0.47326254154727787 0.8892374322580646 0.46977901719197707 0.8875542637096775 0.45082467621776506 0.8959417758064515 0.44350001002865336 0.8883986056451613 0.429387100286533 0.8890740798387097 0.4122370415472779 0.8742298233870968 0.39842797707736394 0.8819812266129032 0.3866907593123209 0.8826004112903226 0.3709698710601719 0.8884800943548387 0.3553471346704871 0.8935717241935484 0.3597327979942693 0.885820320967742 0.3714700157593123 0.8925781959677419 0.37467658309455587 0.8947510467741935 0.3606349383954155 0.9018832645161291 0.3646186088825215 0.9050102782258065 0.3571957922636103 0.8912524467741935 0.3363659068767908 0.9003886467741935 0.3305954484240688 0.8987983741935485 0.3195640702005731 0.8898310427419356 0.32104701432664756 0.8845339379032259 0.31159672922636106 0.8707367411290323 0.31232945558739256 0.8490220306451612 0.29817216905444127 0.8362915758064515 0.3026653782234957 0.8218751951612903 0.3191189928366762 0.8174956459677419 0.3069354011461318 0.8048580887096775 0.31935157306590256 0.7926708467741935 0.32033437106017193 0.7846013887096774 0.3298653137535817 0.7889809379032258 0.3420489054441261 0.7811366387096774 0.3458631618911175 0.7791326572580646 0.3556172893982808 0.774733425 0.354215005730659 0.7789271814516129 0.3505526719197708 0.7763630629032258 0.34368377220630375 0.7727491266129033 0.35318782808022925 0.7590082193548388 0.35249138252149 0.7505250524193549 0.38280783237822347 0.7438234677419354 0.3781720945558739 0.7423457741935484 0.3642823724928367 0.7380929701612903 0.400288623209169
0 0.7751955241935483 0.6303664727793696 0.7717504564516129 0.6355830143266477 0.781576295967742 0.6637106790830946 0.7925279274193548 0.6632549126074498 0.796141864516129 0.6537508567335244 0.7921929483870968 0.6409151977077364 0.7751955241935483 0.6303664727793696
0 0.7856913225806452 0.7031735687679084 0.7890997830645161 0.688604893982808 0.7821927233870968 0.6789045372492837 0.7744610024193548 0.6798604498567336 0.7713902782258065 0.6858540959885386 0.7856913225806452 0.7031735687679084
0 0.7750266556451613 0.6346539871060172 0.7753053451612903 0.6584228753581661 0.781277925 0.6507230988538681 0.7929782435483871 0.6518215401146131 0.7932034016129033 0.6461048524355301 0.7874193725806452 0.6387358080229226 0.7750266556451613 0.6346539871060172
0 0.7269448887096774 0.714179358166189 0.7173977370967741 0.7098205787965616 0.7099108572580645 0.6942784985673353 0.6915089540322581 0.6885443194842407 0.6885704911290322 0.6808983166189112 0.6728649677419355 0.668393388252149 0.6408544185483871 0.6483231146131805 0.6351069975806451 0.6503062048710602 0.642163243548387 0.6665003524355301 0.6725441548387097 0.6971018581661891 0.7033753830645161 0.7162699914040115 0.7076986427419355 0.7298827535816619 0.7216816314516129 0.744995952722063 0.731828285483871 0.7444151489971347 0.7309304112903225 0.7363671504297995 0.7219264725806451 0.7284979598853868 0.7293401387096774 0.7253357722063037 0.750742310483871 0.6754572922636104 0.7374320370967742 0.6741087779369627 0.7345498637096773 0.6650336045845272 0.7330328056451613 0.6727064942693409 0.7246452935483871 0.6800311604584527 0.7316818572580644 0.7070066131805157 0.7314566991935484 0.7127232994269341 0.7269448887096774 0.714179358166189
0 0.9061919822580645 0.12156127507163325 0.8990231572580645 0.10822547134670488 0.8901684048387096 0.10685007306590258 0.8877337895161291 0.11725626934097422 0.8894366411290322 0.12542930372492836 0.8963999911290322 0.1337004899713467 0.9051055580645161 0.12858209742120344 0.9061919822580645 0.12156127507163325