0 0 0.4856470314285714 0.048737236334405146 0.5116977685714286 0.13609943408360128 0.5866515514285715 0.1866335418006431 0.6089783514285715 0.27907776366559484 0.7547988942857143 0.31820265434083606 0.8028509485714286 0.3038234260450161 0.8074955771428571 0.3066262427652733 0.8529061171428571 0.299586229903537 0.8609296657142856 0.2738153762057878 0.8612684028571428 0.27176056913183283 0.8443640342857144 0.19504641639871384 0.868185177142857 0.042344101286173635 0.8513895828571428 0.09760382475884244 0.9002989057142857 0.20349005144694535 0.9443545057142857 0.31512708520900323 0.9619572085714285 0.40911567363344054 0.9517214428571429 0.4962314469453376 0.9251793142857143 0.5214962861736335 0.8748551114285715 0.5248754871382637 0.8501265285714286 0.5658087636655948 0.8135870428571429 0.594210810289389 0.7600135514285715 0.6179620418006431 0.6827081514285714 0.6182216302250804 0.6311977085714285 0.5874259581993568 0.5935514485714286 0.5448470643086817 0.56737736 0.4968517556270096 0.5189963342857143 0.47574931028938905 0.5130358342857143 0.4572032588424437 0.45098996 0.4099735498392283 0.40108396 0.362501847266881 0.37265725714285713 0.294825308681672 0.3724774571428571 0.24436600160771704 0.3530012771428572 0.08301324115755628 0.22145335428571428 0.00024465112540192926 0.1373497142857143 0 0.13701837428571428 0 0.4856470314285714
0 0.11842023151125401 0.7418505857142856 0.1296446607717042 0.7704863914285713 0.14340789067524115 0.7730679714285713 0.1336398617363344 0.7385316000000001 0.11842023151125401 0.7418505857142856
0 0.08149532154340836 0.5934289257142856 0.07796651929260451 0.6124562742857144 0.09208615916398714 0.6593220914285715 0.10148018327974277 0.6796053771428572 0.10866979742765273 0.6772830657142856 0.09234574758842444 0.6078116457142857 0.08149532154340836 0.5934289257142856
0 0.15203631189710612 0.79487624 0.16617354501607717 0.8117109057142857 0.19117879742765273 0.8128971457142857 0.1804207652733119 0.771333897142857 0.1548171077170418 0.74734272 0.15618111414790997 0.76862268 0.17298915594855305 0.7951355057142858 0.15732072025723473 0.7813507885714286 0.15203631189710612 0.79487624
0 0.16187471382636656 0.7092880228571429 0.1722763344051447 0.7065670371428572 0.14687505627009645 0.5981836542857143 0.13449342926045016 0.5868508857142857 0.14889467845659163 0.6751503171428572 0.16187471382636656 0.7092880228571429
0 0 0.5209839342857143 0.05223528135048231 0.6757079228571429 0.0997465996784566 0.7670475371428571 0.11610583440514469 0.7764566628571429 0.11565703054662378 0.7593529571428571 0.04065444051446945 0.6027878828571429 0.010584757234726688 0.5007037371428571 0 0.49227881714285715 0 0.5209839342857143
0 0.2645709549839228 0.8466863485714285 0.27075297266881027 0.8673683057142858 0.3070002475884244 0.8671592028571429 0.3112198504823151 0.8437562628571428 0.3009106237942122 0.8192967142857143 0.3029082234726688 0.8033193200000001 0.2953270112540193 0.8214196971428571 0.2824789855305466 0.8230143714285714 0.2645709549839228 0.8466863485714285
0 0.06239933440514469 0.8174414428571429 0.09991822186495176 0.8656928314285713 0.11360664951768489 0.8654237971428571 0.10092581993569132 0.8426885628571428 0.06239933440514469 0.8174414428571429
0 0.13089868167202573 0.8489780314285714 0.11980626045016077 0.8560746085714285 0.1909192073954984 0.8644075914285715 0.20361763344051445 0.8571116771428571 0.19024600160771704 0.8387520342857143 0.18903159485530546 0.8231733085714286 0.1812259807073955 0.8327218314285715 0.13282148231511254 0.8301500171428571 0.13089868167202573 0.8489780314285714
0 0.06687852572347268 0.7425280599999999 0.08467657073954984 0.7760677571428571 0.09194098553054662 0.7765960628571429 0.08575896784565916 0.7559141057142856 0.06687852572347268 0.7425280599999999
0 0.36951198553054665 0 0.3442123922829582 0.0031401457142857143 0.3845458247588424 0.07678130857142856 0.3891790466237942 0.1305443657142857 0.40161788263665593 0.1747589 0.43639116077170415 0.21048151142857144 0.4345299967845659 0.3851665 0.43535280707395496 0.41652328857142856 0.4421508231511254 0.4299790371428571 0.443941615755627 0.37541863714285717 0.45281203215434085 0.3757476057142857 0.4564156366559486 0.3595708771428571 0.4639176189710611 0.21564467714285715 0.4542067990353698 0.21399006857142858 0.44903680707395505 0.2932790457142857 0.44434637781350483 0.20663422285714286 0.4620300064308681 0.17441039428571428 0.5144693199356913 0.20794032857142858 0.5393425627009646 0.17339418571428572 0.5799414501607717 0.1855145257142857 0.5956274774919614 0.1692680942857143 0.6198275144694534 0.10906639714285715 0.6231891221864951 0.11436896285714285 0.6433939565916399 0.08612206 0.6755140225080386 0.08213536857142857 0.659670654340836 0 0.36951198553054665 0
0 0.5655930980707395 0.5290536285714286 0.5651091077170418 0.57201222 0.569927117363344 0.5714142142857143 0.5719599051446945 0.4953745257142857 0.5655930980707395 0.5290536285714286