0 0.39291004864433815 0.33824915340909095 0.3946998181818182 0.3582844034090909 0.38886511164274323 0.3726408536931818 0.36916553907496014 0.3949275099431819 0.3405409226475279 0.4007702940340909 0.3185603620414673 0.43419725710227275 0.2948317894736842 0.45185033522727275 0.28975277272727273 0.46201986505681814 0.2764029290271132 0.5225068877840909 0.24230753110047845 0.5391922073863636 0.23682283014354066 0.5486142897727273 0.2750168253588517 0.5436648196022728 0.31332217623604464 0.5500789872159091 0.4053668197767145 0.511839359375 0.4611603524720893 0.5142094517045455 0.4770397177033493 0.5085960355113636 0.5398890446570973 0.41796055681818184 0.5509419625199362 0.4076391193181818 0.5700667990430622 0.4080052940340909 0.5946226762360447 0.35282183522727273 0.5944138835725677 0.33151501704545455 0.5975201594896332 0.32329006107954544 0.5859502009569378 0.3215004133522727 0.5761123165869219 0.37450992755681817 0.5546090550239234 0.37534087926136367 0.5484521818181819 0.397472609375 0.5398194465709729 0.41085828409090913 0.5303057472089314 0.41564678693181817 0.5150150366826156 0.40002782670454545 0.4954865342902711 0.3584684715909091 0.4786009282296651 0.342700625 0.40179535247208936 0.30998592897727273 0.3956544170653908 0.2930923792613636 0.39677605023923446 0.24494581107954547 0.3850668971291866 0.22895161647727272 0.3561360510366826 0.2035444005681818 0.32753927272727273 0.21222809375 0.29562742663476876 0.20782992471590908 0.2927041228070176 0.19407505539772726 0.2941459043062201 0.17859894176136362 0.3096195869218501 0.172238078125 0.3170491889952153 0.1580305127840909 0.30893551275917064 0.14308153835227275 0.29662378389154703 0.14689926420454544 0.2915308476874003 0.1556483409090909 0.2916978819776715 0.17269379545454544 0.28330177910685805 0.21022719602272727 0.28742821531100476 0.2248039559659091 0.31693177910685805 0.2680040752840909 0.3443234066985646 0.29894422301136364 0.3844046076555024 0.3239731846590909 0.39291004864433815 0.33824915340909095
0 0.6093287671451355 0.30878170454545456 0.6131072153110048 0.2878471008522727 0.6122123309409888 0.27782947585227274 0.6057074696969698 0.26444984232954544 0.5988784242424243 0.29929122017045456 0.6018156475279107 0.3144665426136364 0.6093287671451355 0.30878170454545456
0 0.5986875869218501 0.19851339062499998 0.5983773213716108 0.24815485653409092 0.6052878660287081 0.26228193892045454 0.6111225725677831 0.2479254872159091 0.6053873213716109 0.2317793877840909 0.6068012639553428 0.21346236363636362 0.5968143006379585 0.16995541335227274 0.5981864848484848 0.14737702698863636 0.5809668094098883 0.09751827130681817 0.5816111435406699 0.08196771448863636 0.5678735709728868 0.06223627698863636 0.5634806459330144 0.06111661363636364 0.562333192185008 0.06597653977272727 0.5753707527910685 0.09557671732954547 0.5771744417862839 0.11703242045454544 0.5836236251993621 0.12473023721590909 0.5845324290271132 0.1361683153409091 0.5885614282296651 0.1408018934659091 0.5897903811802233 0.1849104275568182 0.5986875869218501 0.19851339062499998
0 0.19908253907496012 0.15269478551136365 0.20355898086124402 0.16233717613636364 0.21237266905901117 0.16741741193181817 0.2174377663476874 0.15582742613636363 0.2129613245614035 0.14618503551136364 0.20535076794258372 0.14192669176136363 0.20059391786283892 0.14432094460227274 0.19908253907496012 0.15269478551136365
0 0.24687173285486444 0.19192527272727275 0.26195364992025516 0.1862374147727273 0.2631011044657097 0.18137748863636363 0.23425377511961723 0.164493 0.23111966028708134 0.16987704545454546 0.23874413636363637 0.17555584375 0.24687173285486444 0.19192527272727275
0 0.3170332519936204 0.1970557911931818 0.3209508947368421 0.19032573295454547 0.327441836523126 0.2022849119318182 0.3576891889952153 0.199431921875 0.36492190031897925 0.20578372585227275 0.3787310885167464 0.19217170454545454 0.3802146283891547 0.180956953125 0.37452113556618816 0.16907221732954547 0.37070294657097286 0.14529972443181818 0.3634563157894737 0.13752746590909093 0.3355595494417863 0.13634241903409092 0.3295160502392344 0.12939205255681818 0.3247452807017544 0.13036584943181817 0.3303691762360446 0.13514831392045454 0.3284242743221691 0.139933796875 0.3243674362041467 0.13245930965909092 0.3160707878787879 0.13949016051136362 0.3202250622009569 0.15690782954545454 0.3101087870813397 0.18150825426136363 0.3122346435406698 0.19518867897727274 0.3170332519936204 0.1970557911931818
0 0.4577161794258373 0.2846943778409091 0.4545681451355662 0.2886579701704546 0.4574218516746411 0.2953105653409091 0.4577161794258373 0.2846943778409091
0 0.4249413229665072 0.19222802698863636 0.41780604864433807 0.19581940482954546 0.42460523684210527 0.1985828508522727 0.4249413229665072 0.19222802698863636
0 0.39715591307814996 0.20240661789772726 0.39466613237639553 0.19224010653409088 0.3867055701754386 0.19291613210227274 0.38881750637958534 0.20517610369318182 0.3928325861244019 0.20838922727272727 0.39715591307814996 0.20240661789772726
0 0.438969187400319 0.28223474289772726 0.4461323014354067 0.28148427414772725 0.44806328389154704 0.2752783366477273 0.44483173285486444 0.27071920170454544 0.4372490151515151 0.26930176704545455 0.4345345039872408 0.2768537159090909 0.438969187400319 0.28223474289772726
0 0.42481201196172247 0.26033540198863636 0.4284770853269537 0.2684828948863636 0.4359623668261563 0.2599571477272727 0.43261945933014356 0.24403437642045453 0.4254702647527911 0.2462052997159091 0.4295131834130781 0.25225933238636367 0.42481201196172247 0.26033540198863636
0 0.408208831738437 0.1920851803977273 0.4142384106858054 0.19761509375 0.41619723285486443 0.19425006392045455 0.4095531762360447 0.16666588494318182 0.40675514832535886 0.16569510795454545 0.40483808532695376 0.17332150000000002 0.408208831738437 0.1920851803977273
0 0.42589188596491234 0.20792747017045457 0.42116287480063797 0.2131626306818182 0.42254696092503985 0.2324504318181818 0.437698476076555 0.23386484517045456 0.44416157814992024 0.24298311647727272 0.44772921610845295 0.24118742755681818 0.4448337511961722 0.23027346732954543 0.4328859481658692 0.23057727982954546 0.42761205821371606 0.22086044602272725 0.42589188596491234 0.20792747017045457
0 0.3736556937799043 0.6905309403409091 0.3897438524720893 0.70622434375 0.4096800566188198 0.7080854147727274 0.4163400502392344 0.6966443167613636 0.41856536044657094 0.6798221903409091 0.4100320805422648 0.6627053125 0.39716155342902715 0.6501505909090909 0.39588882376395534 0.6422264261363636 0.4168193676236045 0.6236025710227273 0.43832464673046245 0.5823258863636364 0.42921663078149924 0.5878618394886364 0.41119547208931423 0.6188201079545455 0.39220983014354066 0.6326584786931818 0.3834100614035088 0.6289986974431818 0.37286228149920253 0.60956503125 0.35695507655502395 0.6123375383522727 0.348700187400319 0.6236297514204545 0.35861755263157896 0.6600344289772727 0.3736556937799043 0.6905309403409091
0 0.5444030015948964 0.7972963622159092 0.5547976666666666 0.8011050284090909 0.5613741435406698 0.781141203125 0.5519598979266347 0.7554271548295454 0.5310452918660287 0.7350257315340909 0.5015397097288676 0.7322713451704547 0.4954683716108453 0.7224800696022727 0.5033454170653907 0.7132813153409091 0.5030670271132376 0.6848722244318182 0.5232558006379585 0.6718557457386364 0.530699322169059 0.6590686349431819 0.5313297368421053 0.6420976235795455 0.5248387950558213 0.6301384431818181 0.5010127870813397 0.6378483394886364 0.5012911770334928 0.6662574303977272 0.4967292001594896 0.6885380454545454 0.4881521435406699 0.7076055383522727 0.4892279816586922 0.7360890710227274 0.48690523444976075 0.742968015625 0.49619420414673043 0.7558979730113635 0.5170392129186603 0.7691971235795454 0.5444030015948964 0.7972963622159092
0 0.398177677830941 0.7538437727272727 0.4276275821371611 0.7509163409090909 0.4492421993620415 0.7614490255681818 0.4659190135566188 0.7559100525568181 0.47178155901116425 0.7443945099431818 0.46654942743221695 0.7389390411931818 0.44104500558213716 0.7379773238636363 0.4370160063795853 0.7333437457386364 0.42112272089314196 0.737536705965909 0.39791320733652313 0.7268551363636363 0.37239486602870814 0.7244729644886364 0.3571737527910686 0.7159562769886363 0.353886523923445 0.7057153238636363 0.33241110127591705 0.7093871846590909 0.3263258437001595 0.698175453125 0.33495857814992025 0.6847897798295454 0.3372256475279107 0.6722290170454546 0.33283272248803825 0.6711093551136363 0.3265505741626794 0.6804569928977272 0.318562173046252 0.6782921107954546 0.300891019138756 0.7043160099431819 0.3099830980861244 0.7378053352272727 0.31931382615629983 0.75499665625 0.3368020079744817 0.7509525809659091 0.35168905263157896 0.725378359375 0.398177677830941 0.7538437727272727
0 0.821742082137161 0.6429536392045455 0.8133340773524721 0.6386208522727274 0.8018197974481659 0.6425130227272727 0.7904586315789474 0.6620301917613637 0.7906256658692185 0.6790756463068182 0.79473818261563 0.6922319517045454 0.8080004736842105 0.7041136676136364 0.8215153341307816 0.7011178323863636 0.8320233732057417 0.6758444019886364 0.8294361555023925 0.6557347102272727 0.821742082137161 0.6429536392045455
0 0.6731205980861243 1 0.6742238476874004 0.9960342159090909 0.6669772169059011 0.9882619573863636 0.6715670326953748 0.9688222514204546 0.6711355279106859 0.9247881605113637 0.6766759066985646 0.9210478963068183 0.6777537631578948 0.9090856974431819 0.6868756985645933 0.9049701988636364 0.6400649066985646 0.8842800639204547 0.6305233676236044 0.8862276590909091 0.5932401945773526 0.8621694744318181 0.5864688452950558 0.8622469375 0.5571998947368421 0.883640278409091 0.5388307480063795 0.8790871832386364 0.5287562312599681 0.907948971590909 0.5113794059011164 0.9233566832386363 0.499626476076555 0.9435468579545454 0.4936247352472089 0.9408578551136363 0.4910514377990431 0.9221686164772728 0.4849661802232855 0.9109568863636363 0.4801954106858054 0.9119306832386364 0.47117091148325363 0.9259893636363636 0.4740504385964912 0.9759286008522726 0.45152499920255185 0.9944035710227273 0.44810795454545455 1 0.6731205980861243 1
0 0.36567188038277515 1 0.37459212998405106 0.989350515625 0.3838274401913876 0.9561529204545455 0.3859970725677831 0.9336489772727272 0.37866692424242426 0.9173539914772728 0.37267910287081335 0.9160854417613638 0.365977350877193 0.9232651775568183 0.3605483285486444 0.938369078125 0.3591900637958532 0.9623679190340909 0.346261841307815 0.9845771122159092 0.3311103261562999 0.9831626974431817 0.292651860446571 0.9611235312499999 0.27987877033492825 0.9585119900568183 0.271959966507177 0.9634493792613636 0.2661391794258373 0.9792262855113637 0.26787327113237636 0.993579715909091 0.26596038835725677 1 0.36567188038277515 1
0 0.44027350398724086 1 0.4494130629984051 0.9821435994318182 0.4554864186602871 0.9514891420454545 0.4665810956937799 0.9454290696022727 0.4644830789473684 0.9345895539772727 0.45969838995215306 0.9341428963068182 0.45523586762360446 0.9259209602272727 0.4603705622009569 0.9214332485795453 0.4644552400318979 0.9317486448863637 0.467155831738437 0.9227762400568181 0.4635185964912281 0.91746965625 0.44275710526315787 0.9126932329545454 0.4394281172248804 0.8981909161931818 0.4368388819776715 0.918526955965909 0.43363516985645933 0.9168087301136364 0.4339315151515152 0.865746809659091 0.43941621610845294 0.8563247286931819 0.4375707687400319 0.8306076605113636 0.4438807559808613 0.8241009303977272 0.437361976076555 0.8093008423295455 0.43880375757575757 0.7938247286931819 0.4363418157894737 0.7864991264204545 0.4295704657097289 0.7865765894886363 0.42670283971291867 0.7785035397727273 0.4220155877192982 0.7880000639204545 0.42923437958532695 0.7929314133522727 0.4285900462519936 0.8084819701704545 0.4198877137161084 0.814765372159091 0.4188098572567783 0.8267275710227273 0.4105013070175439 0.7918922329545454 0.3966782001594896 0.8040838011363637 0.3989432503987241 0.8319687727272727 0.4068898931419458 0.8298722926136364 0.41098849043062197 0.8416081420454545 0.4156896618819777 0.833532072443182 0.42408374720893144 0.8364444048295454 0.4201382647527911 0.8403335539772727 0.41826296012759173 0.8522213096590909 0.404706341307815 0.8509557812499999 0.40500066905901116 0.84033959375 0.3989989290271132 0.8376505909090909 0.395459129984051 0.8422871889204546 0.3995159688995215 0.8497616761363637 0.39274461881977674 0.8498391392045455 0.3946477623604466 0.8407922911931819 0.391024447368421 0.8369061619318181 0.38748464832535884 0.8415427599431818 0.39073011961722487 0.8475223494318183 0.38556758532695373 0.8491691519886363 0.38386133333333333 0.8376566306818183 0.3710882432216906 0.8350450894886364 0.35971315789473685 0.8531418053977273 0.3559068708133971 0.8712354999999999 0.35520685885167463 0.8811042386363636 0.3610117081339713 0.9043526107954545 0.3798422169059011 0.9153349730113636 0.3867666810207337 0.9308825099431818 0.38694763476874 0.9493484190340908 0.37699839393939394 0.9909942982954546 0.37850855502392344 1 0.44027350398724086 1
0 0.49024612360446573 0.7993365198863636 0.4641391267942584 0.8181867244318183 0.45199443301435405 0.8390499048295456 0.45563166826156304 0.8443564886363636 0.46507577033492825 0.8324657116477273 0.5024444784688995 0.8246008906250001 0.5082652647527911 0.808823984375 0.5001933468899521 0.798136375 0.49024612360446573 0.7993365198863636
0 0.11523307097288676 0.2548518480113637 0.11696716267942582 0.26920527840909086 0.12372459250398725 0.26770736079545454 0.11642228389154706 0.2542532840909091 0.12157089792663477 0.25118602698863635 0.12691438516746412 0.26800513352272726 0.1270675 0.28363013352272726 0.13436980940988835 0.29708421022727277 0.11932964992025517 0.3070334318181818 0.11949668421052631 0.32407888636363635 0.11164747767145135 0.3361185482954545 0.1197054768740032 0.34538570454545453 0.1174940861244019 0.3636282840909091 0.1135346842105263 0.3660969801136364 0.11833329266347688 0.3679640909090909 0.1210179465709729 0.39801696590909086 0.12750888835725677 0.40997614488636364 0.12518614114832535 0.41685508806818183 0.13005434688995215 0.42582447301136367 0.12533925598086126 0.43248008806818183 0.13573392105263157 0.4362887556818182 0.1346143062200957 0.4439895909090909 0.12386963476874004 0.44511529403409095 0.12794039314194577 0.4540102357954545 0.12363098564593301 0.4614132997159091 0.12118296251993621 0.45550815340909084 0.11045221132376395 0.4580543110795455 0.11529257814992026 0.4641827855113636 0.1162292216905901 0.4784617741477273 0.11943293381180224 0.48018 0.11313686523125996 0.4881071846590909 0.1148291985645933 0.4981992528409091 0.12211758771929825 0.5102328749999999 0.12239597846889952 0.5386419659090909 0.12559969059011164 0.5403601917613636 0.127474995215311 0.5284724346590909 0.13768668819776714 0.554260924715909 0.13495825757575758 0.5603924204545454 0.12817298883572567 0.5590494289772727 0.13143237878787878 0.5664494730113637 0.13078804545454545 0.5820000298295455 0.12368060925039873 0.5884323167613636 0.12377804545454546 0.5983754985795454 0.13918011244019138 0.6253580951704545 0.12888288357256777 0.6314926107954546 0.13214227352472088 0.6388926548295455 0.12822462998405104 0.6456227130681819 0.1319036236044657 0.6551906605113637 0.14543240350877193 0.6536152798295455 0.15007789792663478 0.6398573920454546 0.16066743620414672 0.663552421875 0.16950896331738438 0.6714735667613637 0.17062857814992025 0.6637727315340909 0.16339586682615628 0.6574209275568182 0.16513197607655503 0.631328625 0.17637976794258373 0.6408935525568181 0.18109485885167464 0.6342379375 0.18515169776714513 0.6417124232954545 0.18912501913875598 0.6406641832386364 0.20442964832535887 0.6577035980113636 0.21322941706539073 0.6613633792613637 0.21731409489633172 0.6716787755681818 0.22123173763955342 0.6649487173295454 0.2293036562998405 0.6756363267045454 0.23796422966507177 0.6650915625 0.2523182966507177 0.666431534090909 0.256991629984051 0.6555145553977272 0.2418122759170654 0.6512592315340909 0.23706934529505583 0.6550739375 0.22864742105263156 0.6493206960227274 0.23417388038277512 0.6441599786931819 0.23291507017543858 0.6376562684659091 0.21937237081339714 0.6378111946022728 0.2141402400318979 0.6323557244318182 0.21878573365231258 0.6185978366477273 0.2162541937799043 0.6041699630681818 0.22089968819776717 0.5904120738636364 0.21722069457735246 0.5808441264204546 0.20685386842105263 0.5798763693181818 0.20470017304625196 0.5633550355113637 0.21217153429027114 0.5534088338068183 0.23202422169059012 0.5467471775568181 0.24106264035087718 0.534108953125 0.23980383014354067 0.5276052428977273 0.25968435645933013 0.5237844957386364 0.2766694178628389 0.5090497911931818 0.28428199202551835 0.4728624019886363 0.2848706475279107 0.4516300255681818 0.2795689186602871 0.43907228409090915 0.27479814912280703 0.4400460809659091 0.2709640231259968 0.4552988664772727 0.2647952480063796 0.43556440909090904 0.26909073604465705 0.42674089062500004 0.2750507185007975 0.42516852982954545 0.272169173046252 0.4156750255681818 0.2836416945773525 0.40752149289772727 0.2810544768740032 0.3874117997159091 0.29020425119617227 0.3861372116477273 0.2952832679425837 0.37596768039772727 0.2869587807017544 0.38015762215909094 0.28210449441786284 0.3726086917613637 0.2741717711323764 0.37612562642045455 0.2741160933014354 0.3704438082386364 0.27927862679425836 0.36879700568181817 0.2755996331738437 0.3592290582386364 0.2696953293460925 0.3664832357954545 0.2688143644338118 0.35788606676136364 0.2749990765550239 0.33859524573863636 0.2685638133971292 0.3323178849431818 0.2654177966507177 0.29583574289772724 0.26355641228070176 0.30914395454545457 0.25681290111642746 0.3120623267045455 0.24932963875598085 0.2801423409090909 0.2357591004784689 0.2774563565340909 0.23247187081339712 0.2672154034090909 0.22974344019138757 0.27334689914772725 0.2337724393939394 0.27798047727272723 0.22939343460925038 0.27828126846590906 0.22770110127591706 0.26818920170454547 0.22007662599681022 0.2625104034090909 0.2247499585326954 0.25159342329545453 0.21706980462519937 0.24023280823863635 0.20508024322169058 0.2362752556818182 0.19297932535885168 0.22095406676136362 0.1883059928229665 0.23187104545454543 0.1745684202551834 0.21213960795454545 0.16214533572567782 0.20459369886363635 0.14031990749601275 0.21319992897727272 0.12673544976076556 0.20909349005681818 0.12123682934609249 0.21709511789772726 0.1124370606060606 0.21343533664772726 0.11054783652312601 0.22390263920454545 0.11938936443381179 0.2318237840909091 0.10521625039872409 0.24894972159090908 0.1080838763955343 0.25702277130681817 0.11523307097288676 0.2548518480113637
0 0.20723171291866027 0.5777829090909091 0.21801814274322168 0.5809185696022727 0.2285261818181818 0.5556451392045454 0.22528071132376393 0.5496655497159091 0.20821213317384368 0.5558775284090909 0.20394448405103668 0.5675419559659091 0.20723171291866027 0.5777829090909091
0 0.22456476156299843 0.5985595667613637 0.21696812519936207 0.5957216789772727 0.20987460845295053 0.6035744190340909 0.212811831738437 0.6187497428977273 0.22741846810207333 0.6052121633522728 0.22456476156299843 0.5985595667613637
0 0.2071203572567783 0.5664192727272727 0.21869031499202554 0.568208921875 0.2243559688995215 0.5772527485795454 0.22532246969696967 0.5539269133522727 0.2129829019138756 0.5549037315340909 0.20706467862838915 0.5607374545454545 0.2071203572567783 0.5664192727272727
0 0.2736843811802233 0.6109503039772727 0.26562638277511963 0.6016831477272727 0.2643536531100478 0.5937589829545454 0.26124737719298247 0.6019839389204545 0.2480825231259968 0.6000454048295455 0.26773630063795856 0.6543888522727273 0.2749550925039872 0.6593202017045455 0.26584707655502393 0.664856153409091 0.264727461722488 0.6725569886363636 0.27471644338118023 0.6756182073863637 0.2889452344497608 0.6641740880681818 0.2936046483253589 0.6518366534090909 0.3245659314194577 0.6405353806818183 0.35541585885167465 0.6178704701704546 0.36284546172248805 0.6036629048295454 0.35723548484848483 0.6003008963068182 0.32508498963317384 0.6122007329545455 0.30923346251993616 0.6206550568181819 0.3061132671451356 0.6274595582386364 0.28779979904306224 0.62858828125 0.27996451196172245 0.6420483977272727 0.27042297288676237 0.6439959928977272 0.2660161291866029 0.641455875 0.2659604505582137 0.6357740568181819 0.2736843811802233 0.6109503039772727
0 0.12021082216905901 0.031090015625000002 0.12731825837320573 0.02465772869318182 0.12923532137161084 0.017031335227272727 0.12825624641148325 0.011972894886363635 0.11485599043062202 0.010721963068181819 0.11090793301435407 0.01673960369318182 0.11177497846889951 0.023916319602272727 0.12021082216905901 0.031090015625000002