0 0.80492345 0.31390718154761904 0.78328147 0.22531101785714286 0.74852015 0.14938801190476192 0.7429496050000001 0.15306700297619047 0.7445406483333333 0.16760550595238094 0.7779601366666666 0.2546590982142857 0.7956686133333333 0.3462984940476191 0.7124094366666667 0.3028506339285714 0.6642987850000001 0.3154720892857143 0.6152795050000001 0.3041961755952381 0.55443672 0.3096371041666667 0.4914086916666667 0.38867737797619045 0.4461619216666667 0.4274681428571429 0.4447970883333333 0.4461858571428572 0.4069381166666667 0.5290923601190476 0.41171125 0.5727078779761905 0.4456789383333333 0.5867978720238095 0.46018232833333333 0.6569473839285714 0.46932216833333334 0.6624917202380952 0.47968884500000003 0.6948411220238095 0.509040615 0.7213332053571428 0.5521481416666667 0.7409675327380952 0.649232075 0.7547962470238095 0.6994321916666667 0.8080514791666666 0.7591823566666667 0.8394102291666666 0.82520848 0.850144005952381 0.9292967866666667 0.8188146309523809 0.9729234533333333 0.8321847857142857 0.98421822 0.8277984077380952 0.9905344083333334 0.5048127321428572 0.9780091966666666 0.4998002797619048 0.9411546283333333 0.46712810714285713 0.9432018783333332 0.43905153571428573 0.9085325533333334 0.33278001190476186 0.9013249683333333 0.33709475297619046 0.9060980983333333 0.3807102708333333 0.918466025 0.4001573601190477 0.9287637033333334 0.4552681488095238 0.8054678700000001 0.35007110416666665 0.80492345 0.31390718154761904
0 0.84339584 0.2444032113095238 0.8574238066666667 0.25562741666666666 0.8561739716666666 0.23640948214285715 0.8308477 0.17652564285714284 0.8167967333333334 0.17288856845238096 0.84339584 0.2444032113095238
0 0.7660521933333334 0.08346941369047618 0.7970410066666667 0.10932574107142858 0.7980646316666666 0.09528745535714285 0.7831050366666666 0.06775301785714286 0.767735235 0.0676593988095238 0.7660521933333334 0.08346941369047618
0 0.7566861416666667 0.04466885714285714 0.740384715 0.028265005952380955 0.709303905 0.032757193452380956 0.7073026566666667 0.045659505952380955 0.7229446666666667 0.06383508333333333 0.72680917 0.08355324107142857 0.7486581449999999 0.10386523511904762 0.7604356516666667 0.10232266071428572 0.7644151516666666 0.08410516666666668 0.7566861416666667 0.04466885714285714
0 0.3643211316666667 0.13187326785714287 0.38410363833333333 0.07872144642857143 0.39124222833333333 0.09716809523809523 0.40859027833333333 0.09194653273809524 0.396992985 0.1419195863095238 0.40340316000000004 0.18489935119047618 0.41024654 0.19285116369047617 0.42272946333333333 0.17436260416666668 0.4419445483333333 0.0926339880952381 0.4514945933333333 0.07073750595238096 0.46754681 0.06147226785714286 0.46497814 0.04579778869047619 0.4722317266666667 0.02630878869047619 0.5291410083333333 0.023911098214285713 0.5107923316666666 0.03558381547619048 0.5015374966666667 0.06797513095238095 0.5202466 0.15316337202380953 0.53138769 0.14580539285714286 0.5370042316666667 0.12695214583333334 0.5247743016666666 0.06198227976190477 0.5323920933333333 0.03022672023809524 0.5561273216666667 0.0755720505952381 0.583934045 0.07235136904761905 0.5820247916666667 0.05490516369047619 0.5709297016666667 0.04708888095238095 0.5662900616666667 0.011766752976190476 0.46809803 0.00972645238095238 0.31968367000000003 0.06736391369047619 0.310413725 0.1149174880952381 0.310639935 0.1481737113095238 0.31584627333333337 0.15676128273809523 0.31887114833333335 0.12982068452380954 0.32871640166666666 0.11841903273809525 0.3384006616666667 0.16012728869047618 0.35204520333333333 0.08207766071428571 0.35793395666666666 0.08130637202380953 0.3643211316666667 0.13187326785714287
0 0.6223604366666667 0.018021657738095238 0.6172816633333333 0.01282628869047619 0.5719806333333334 0.011884994047619049 0.5738855783333333 0.04290966964285715 0.5813653750000001 0.056676889880952375 0.5996910533333334 0.0525913005952381 0.6223604366666667 0.018021657738095238
0 0.298501215 0.07559022321428571 0.2910414233333333 0.14062849404761904 0.30537626166666665 0.4821429583333333 0.3091755483333333 0.4154949851190476 0.299590845 0.12518316964285714 0.30591662833333333 0.07271041071428572 0.298501215 0.07559022321428571
0 0.2870045866666667 0.501402806547619 0.29230292 0.4796418601190476 0.29194249333333333 0.38278089583333336 0.2887604033333333 0.3537038869047619 0.2815758166666667 0.35043149702380955 0.2870045866666667 0.501402806547619
0 0.4526795333333333 0.6507672976190476 0.44886102666666666 0.6158748839285715 0.4423128566666667 0.6184178988095238 0.4459665883333333 0.8155477410714286 0.45251475666666663 0.8130047261904761 0.45617605 0.7918795297619048 0.4526795333333333 0.6507672976190476
0 0.46424626666666663 0.8266364107142857 0.4750921466666667 0.8087836041666666 0.47395730500000005 0.7516300178571429 0.46350241166666667 0.640501619047619 0.45631782500000007 0.6372292321428572 0.46424626666666663 0.8266364107142857
0 0.5408053916666666 1 0.57985991 0.9848329821428572 0.570853465 0.9352832946428571 0.5444575716666668 0.904612 0.5241766433333334 0.9064256428571428 0.5087608433333334 0.9215062827380952 0.503029305 0.9782951815476191 0.47565578499999994 0.9464879166666668 0.43811880333333336 0.9231745982142857 0.4095252616666667 1 0.5408053916666666 1
0 0.9031995616666667 0.04233266369047619 0.9070870633333334 0.0544636875 0.9159316933333334 0.049513193452380956 0.9104071466666667 0.03801792261904762 0.9031995616666667 0.04233266369047619
0 0.9667768950000001 0.1866359017857143 0.96162711 0.1863623869047619 0.9615811116666667 0.20153664583333333 0.9685535599999999 0.20287056845238097 0.9667768950000001 0.1866359017857143
0 0.4250451416666667 0.27349551488095236 0.417247135 0.2568205922619048 0.41167659166666665 0.26049958333333334 0.4131756383333333 0.30538660714285715 0.42329310333333336 0.31206691666666664 0.42822722999999996 0.3025725238095238 0.4250451416666667 0.27349551488095236
0 0.4403037266666667 0.20239726190476193 0.4481937283333334 0.1887236636904762 0.4403727233333333 0.1796358720238095 0.4403037266666667 0.20239726190476193