0 0.1859375 0.7930555555555555 0.1859375 0.7791666666666667 0.1234375 0.6347222222222222 0.08125 0.4791666666666667 0.0765625 0.43194444444444446 0.06796875 0.41944444444444445 0.0625 0.42083333333333334 0.0609375 0.44027777777777777 0.0734375 0.5125 0.0625 0.4986111111111111 0.021875 0.3013888888888889 0.02421875 0.28888888888888886 0.06796875 0.325 0.0984375 0.3680555555555556 0.09375 0.39305555555555555 0.11484375 0.5027777777777778 0.121875 0.5013888888888889 0.121875 0.4597222222222222 0.1125 0.4375 0.10859375 0.38333333333333336 0.2109375 0.5236111111111111 0.2078125 0.5569444444444445 0.21875 0.6458333333333334 0.24296875 0.7277777777777777 0.2484375 0.7263888888888889 0.2484375 0.7125 0.2265625 0.6208333333333333 0.21953125 0.5305555555555556 0.29140625 0.6 0.33671875 0.6055555555555555 0.38046875 0.6333333333333333 0.43671875 0.65 0.50234375 0.6 0.54765625 0.5805555555555556 0.55078125 0.5638888888888889 0.59375 0.5013888888888889 0.59375 0.4597222222222222 0.5640625 0.43472222222222223 0.5578125 0.36527777777777776 0.55 0.35694444444444445 0.54375 0.3236111111111111 0.51953125 0.28888888888888886 0.48203125 0.25555555555555554 0.39453125 0.20833333333333334 0.35390625 0.14166666666666666 0.30234375 0.09166666666666666 0.24296875 0.058333333333333334 0.14453125 0.05 0.07890625 0.002777777777777778 0.00078125 0 0 0.28194444444444444 0.0171875 0.2875 0.015625 0.31527777777777777 0.0296875 0.4097222222222222 0.02421875 0.41944444444444445 0.015625 0.4041666666666667 0.0234375 0.46805555555555556 0.0359375 0.5180555555555556 0.04296875 0.5222222222222223 0.0375 0.4791666666666667 0.03125 0.4708333333333333 0.03203125 0.41944444444444445 0.0625 0.5402777777777777 0.06796875 0.5472222222222223 0.07421875 0.525 0.0796875 0.5319444444444444 0.10625 0.6263888888888889 0.1453125 0.7291666666666666 0.16796875 0.7777777777777778
0 0.1828125 0.6819444444444445 0.165625 0.6069444444444444 0.15390625 0.5916666666666667 0.153125 0.6097222222222223 0.1703125 0.6736111111111112
0 0.2171875 0.7958333333333333 0.2203125 0.7819444444444444 0.19453125 0.7472222222222222 0.1921875 0.7597222222222222 0.203125 0.7902777777777777
0 0.2671875 0.8486111111111111 0.2703125 0.8375 0.2578125 0.8152777777777778 0.25625 0.7958333333333333 0.23828125 0.7694444444444445 0.22734375 0.7666666666666667 0.221875 0.7819444444444444 0.225 0.8208333333333333 0.23828125 0.8416666666666667
0 0.5765625 0.9986111111111111 0.59140625 0.9916666666666667 0.60546875 0.9611111111111111 0.609375 0.9708333333333333 0.6 0.9958333333333333 0.61640625 0.9888888888888889 0.640625 0.9152777777777777 0.64375 0.8847222222222222 0.63984375 0.875 0.634375 0.8986111111111111 0.62421875 0.9055555555555556 0.61953125 0.8638888888888889 0.59921875 0.9305555555555556 0.59375 0.9291666666666667 0.59296875 0.8805555555555555 0.56953125 0.9222222222222223 0.56484375 0.9027777777777778 0.5484375 0.9013888888888889 0.5640625 0.8597222222222223 0.5625 0.8180555555555555 0.55703125 0.8083333333333333 0.54375 0.8208333333333333 0.51796875 0.8888888888888888 0.50703125 0.9055555555555556 0.49140625 0.9083333333333333 0.4921875 0.9236111111111112 0.48359375 0.9388888888888889 0.43125 0.9208333333333333 0.44921875 0.9166666666666666 0.4609375 0.8902777777777777 0.45234375 0.8055555555555556 0.44140625 0.8083333333333333 0.434375 0.8236111111111111 0.4390625 0.8875 0.42890625 0.9138888888888889 0.41171875 0.8638888888888889 0.3859375 0.8569444444444444 0.3859375 0.8736111111111111 0.3953125 0.8847222222222222 0.39609375 0.9222222222222223 0.35390625 0.9166666666666666 0.33203125 0.8916666666666667 0.28046875 0.9083333333333333 0.18359375 0.8888888888888888 0.16640625 0.8694444444444445 0.16015625 0.8833333333333333 0.14921875 0.8833333333333333 0.10703125 0.8611111111111112 0.090625 0.8652777777777778 0.09609375 0.8833333333333333 0.13515625 0.9333333333333333 0.22109375 1
0 0.390625 0.9208333333333333 0.3921875 0.8875 0.38671875 0.8722222222222222 0.36953125 0.8694444444444445 0.3453125 0.8930555555555556 0.36015625 0.9166666666666666
0 0.6375 0.9986111111111111 0.6609375 0.8986111111111111 0.68203125 0.5805555555555556 0.671875 0.6402777777777777 0.6515625 0.9097222222222222 0.6328125 0.9875
0 0.690625 0.7097222222222223 0.70078125 0.5694444444444444 0.69375 0.5875 0.684375 0.6763888888888889 0.684375 0.7041666666666667
0 0.5703125 0.40694444444444444 0.58671875 0.225 0.58046875 0.225 0.575 0.24305555555555555 0.5640625 0.3736111111111111 0.5640625 0.40694444444444444
0 0.559375 0.38472222222222224 0.57109375 0.20833333333333334 0.559375 0.22083333333333333 0.5546875 0.27361111111111114 0.553125 0.37916666666666665
0 0.76875 0.06805555555555555 0.7859375 0.05138888888888889 0.7921875 0.001388888888888889 0.73203125 0 0.74375 0.05138888888888889 0.75703125 0.06944444444444445
0 0.6046875 0.12916666666666668 0.63984375 0.06666666666666667 0.68046875 0.10833333333333334 0.70078125 0.09444444444444444 0.7203125 0.04861111111111111 0.7203125 0.001388888888888889 0.64296875 0 0.63671875 0.013888888888888888 0.62890625 0 0.4796875 0.001388888888888889 0.484375 0.07083333333333333 0.50546875 0.10833333333333334 0.52421875 0.11388888888888889 0.53984375 0.10555555555555556 0.55078125 0.05555555555555555 0.57265625 0.09444444444444444
0 0.2421875 0.8902777777777777 0.25625 0.8819444444444444 0.24765625 0.8583333333333333 0.2 0.8625 0.20546875 0.8833333333333333
0 0.18125 0.8902777777777777 0.16796875 0.8638888888888889 0.128125 0.8319444444444445 0.16640625 0.8888888888888888
0 0.090625 0.7708333333333334 0.08828125 0.7583333333333333 0.0796875 0.7597222222222222 0.08359375 0.7722222222222223
0 0.0375 0.7180555555555556 0.0515625 0.7041666666666667 0.04765625 0.6722222222222223 0.0265625 0.6763888888888889 0.0265625 0.7069444444444445
0 0.0515625 0.6180555555555556 0.053125 0.6041666666666666 0.04609375 0.6 0.0453125 0.6152777777777778
0 0.5625 0.7458333333333333 0.565625 0.7041666666666667 0.55703125 0.6944444444444444 0.5515625 0.7013888888888888 0.5515625 0.7291666666666666 0.55703125 0.7472222222222222
0 0.528125 0.8097222222222222 0.53046875 0.7888888888888889 0.521875 0.7986111111111112