0 0.5223616958333334 0.5852158486646883 0.5322197783333333 0.5978585949554895 0.5400231525 0.6199065370919881 0.5625827933333333 0.6177345830860534 0.5761348341666667 0.6712356661721068 0.5881358716666667 0.6677510059347181 0.5843794441666667 0.6596725637982196 0.5832899975 0.63758109347181 0.55419838 0.5839045237388724 0.5342018566666666 0.5869806335311573 0.5219985466666667 0.5778520267062315 0.45064674166666663 0.4928669465875371 0.4336803475 0.4892938516320475 0.37542373083333336 0.4996158738872404 0.2767281266666667 0.4730008679525223 0.23702559833333334 0.485044146884273 0.19674203166666668 0.4853053086053412 0.20306157583333334 0.49428790652818994 0.23977537 0.5067565445103858 0.257462605 0.5675049183976261 0.2634033825 0.5773186676557863 0.28932506750000003 0.5922512774480713 0.314385355 0.6237633738872403 0.3447069741666667 0.6257766498516321 0.36669573666666666 0.646075237388724 0.37368456666666666 0.6601177433234421 0.3730410591666667 0.6811155207715134 0.3650143383333333 0.6970969183976261 0.32459567250000004 0.7286652106824926 0.29782275249999995 0.7645647418397626 0.26959177916666666 0.8134566142433235 0.26616726583333333 0.8291319436201781 0.27726005416666666 0.8668116884272997 0.27813161166666667 0.8844848635014836 0.28399976 0.892825847181009 0.29712147916666665 0.895042709198813 0.30469680416666667 0.8784196973293769 0.29604765 0.864756265578635 0.2794600225 0.8603520207715133 0.27700076999999995 0.8445306824925816 0.27921635499999997 0.8298760400593472 0.31235021500000004 0.8208218175074184 0.34281709416666667 0.8257806231454006 0.37154085833333333 0.7953930756676557 0.38281559833333334 0.7771807700296736 0.3786858616666666 0.7274858427299704 0.38407683583333335 0.7091275267062315 0.46246507499999995 0.664422265578635 0.479172185 0.645714353115727 0.49706244499999996 0.5999280682492582 0.5121092291666667 0.5815992284866469 0.5223616958333334 0.5852158486646883
0 0.5931738575 0.6762815252225519 0.5910309025 0.6924089302670623 0.6003181074999999 0.7275222195845698 0.6063057374999999 0.7127510459940652 0.6066274908333333 0.7022521572700297 0.6013872333333333 0.6811083709198813 0.5931738575 0.6762815252225519
0 0.5789299516666667 0.906658997032641 0.5670999516666667 0.9391468709198814 0.5685993991666667 0.9440172433234421 0.5731289766666666 0.9422384109792284 0.5862975475 0.9198703516320474 0.5846684575000001 0.9038594762611276 0.5996324516666667 0.8498052121661722 0.5968100508333333 0.8266200519287834 0.6045931041666667 0.780162675074184 0.6019885925 0.7613958056379823 0.6070008008333334 0.7438686394658753 0.6000119708333334 0.7298261350148367 0.593645575 0.7454284599406529 0.5970177799999999 0.7967856854599407 0.5885396633333334 0.81212546884273 0.5899610241666666 0.8579707077151335 0.5860281025 0.8633366854599406 0.5857789783333333 0.8753083382789317 0.5795008291666667 0.8841884540059348 0.5789299516666667 0.906658997032641
0 0.20056337416666667 0.8947479302670623 0.19454996583333334 0.883461418397626 0.18563607083333333 0.8899646127596439 0.18154227166666667 0.9005800326409495 0.183638375 0.9090375489614244 0.18876460833333333 0.9108458590504451 0.19646957499999998 0.9053633516320474 0.20056337416666667 0.8947479302670623
0 0.22165480083333336 0.8713156572700297 0.21402246416666665 0.8782709287833828 0.21763363250000003 0.8834038427299703 0.246793175 0.8618528827893175 0.24529372749999998 0.8569825118694362 0.22915749583333334 0.853219881305638 0.22165480083333336 0.8713156572700297
0 0.3139269966666667 0.9038652477744807 0.31771465833333334 0.8955537433234421 0.3200442683333333 0.9002345771513353 0.31445102166666666 0.9059796261127596 0.319504625 0.906315172106825 0.3254040083333333 0.8982662077151335 0.3545323166666667 0.8931051973293769 0.3616406283333333 0.8840355445103858 0.36417796666666663 0.8588820148367953 0.36940806416666666 0.8457731424332344 0.36716670166666665 0.8343700979228487 0.3518762491666667 0.8222229569732937 0.34469530833333334 0.8298198442136498 0.3128586233333333 0.8311311706231455 0.30679836416666667 0.8444295801186944 0.30228440333333334 0.8380134376854599 0.29737606 0.8406234213649852 0.2959906375 0.8550885267062314 0.30809008250000003 0.8791343160237388 0.30481082916666663 0.897755175074184 0.3139269966666667 0.9038652477744807
0 0.44320500999999995 0.7164786810089021 0.44062627583333336 0.7237694985163206 0.4441648141666667 0.7274296483679525 0.44320500999999995 0.7164786810089021
0 0.4147920858333333 0.8212626053412462 0.40784465166666667 0.8250828130563799 0.41553400083333336 0.8277952774480712 0.4147920858333333 0.8212626053412462
0 0.38582465416666667 0.821174172106825 0.3809319275 0.815589181008902 0.3769263758333333 0.8194823931750742 0.37546832416666664 0.832474734421365 0.3838425758333333 0.8320521335311573 0.38582465416666667 0.821174172106825
0 0.42038062833333334 0.7388172626112759 0.42368566 0.7462540919881305 0.4315358866666667 0.7437171127596439 0.43463864583333334 0.7385406735905045 0.43223640666666663 0.7323870727002968 0.4246923166666667 0.7326201364985163 0.42038062833333334 0.7388172626112759
0 0.4166343616666667 0.7649914807121662 0.4127740691666667 0.7718302225519288 0.42039078916666667 0.7730699228486647 0.42291250999999996 0.7561113664688427 0.414553875 0.7483389925816023 0.41121760916666666 0.7572921112759644 0.4166343616666667 0.7649914807121662
0 0.39565150250000003 0.8502068649851633 0.39812637166666665 0.8578332299703263 0.400995625 0.8564334688427301 0.40625695666666667 0.8269346498516321 0.4039999766666667 0.8237265801186944 0.39802796416666664 0.8303027789317506 0.39565150250000003 0.8502068649851633
0 0.4105584841666667 0.7864848620178041 0.4102937433333333 0.8066514896142433 0.4155652358333333 0.8114053308605341 0.41657189250000004 0.7977713753709199 0.42149585333333334 0.786966418397626 0.4340209166666667 0.7855961364985163 0.4363817608333333 0.7738870237388725 0.4325370866666666 0.7725307908011869 0.42633156666666666 0.7828836706231453 0.4105584841666667 0.7864848620178041
0 0.37495747 0.3880213071216617 0.3957216866666666 0.41753555489614247 0.40559538666666667 0.42198332640949554 0.3805507166666667 0.3822762581602374 0.357498285 0.3659438857566765 0.35834406416666664 0.3575593753709199 0.3710456225 0.34274467507418394 0.3789270833333333 0.3238177477744807 0.37556503916666667 0.3067131824925816 0.36789130666666664 0.29580574332344217 0.34713725083333336 0.3005441543026706 0.33126030333333334 0.3190625296735905 0.3173912125 0.3527606290801187 0.30924501000000004 0.3918541839762611 0.31857906666666663 0.4023825489614244 0.3354002016666666 0.4030101142433235 0.3452481233333333 0.38140020029673594 0.3542346483333333 0.3763697700296736 0.37495747 0.3880213071216617
0 0.44943931833333334 0.2555917789317507 0.4500617525 0.2852366083086053 0.46021035416666667 0.303770412462908 0.4663534041666667 0.3261974287833828 0.467806 0.35565272106824924 0.4932192758333333 0.36027597922848664 0.499279535 0.3469775727002967 0.4975778158333334 0.3294939317507419 0.48900129166666667 0.3173032640949555 0.4670695408333333 0.306672415430267 0.4656169458333333 0.2772171216617211 0.4568069141666667 0.2688031350148368 0.46256103750000005 0.2578086394658754 0.49327704083333335 0.2507957922848665 0.5139170725 0.22672190356083086 0.5221929166666667 0.19876885311572698 0.5140834058333333 0.17902482640949555 0.5034365558333334 0.1844343293768546 0.47651837583333334 0.21738833234421365 0.45551519583333333 0.23409839614243325 0.44658568333333337 0.2487965637982196 0.44943931833333334 0.2555917789317507
0 0.35304209 0.25004755637982196 0.3061273858333333 0.28607766913946586 0.2889743375 0.2616963338278932 0.2704202491666667 0.2599750771513353 0.2617086258333333 0.27909154005934717 0.2542473258333333 0.31505002670623145 0.2743422575 0.33950436795252226 0.28257125 0.33613623887240357 0.28972095666666664 0.3449292997032641 0.2942505341666667 0.3431504658753709 0.29110637916666665 0.3304641943620178 0.2812482966666667 0.31782144807121665 0.28692978999999996 0.30535418991097923 0.30963469 0.306127765578635 0.31244692999999996 0.29506026706231453 0.3278568641666667 0.2840952507418398 0.3544220558333333 0.27803008456973294 0.37806098250000003 0.263696940652819 0.3949547466666667 0.26579727002967357 0.39888766833333333 0.26043129376854596 0.42552549 0.2558388916913947 0.4306673408333333 0.24945222848664686 0.42382377083333334 0.2383552522255193 0.4060272141666667 0.2349716943620178 0.3840486125 0.24892576706231456 0.35304209 0.25004755637982196
0 0.7719257408333333 0.25792078041543026 0.7684285983333333 0.27212334421364986 0.7693001549999999 0.28979651928783384 0.78239064 0.3084033278931751 0.7946821966666667 0.31080972551928787 0.8032173258333333 0.3051376810089021 0.8104865141666666 0.2908185860534125 0.8119601841666667 0.26963127151335314 0.7994093425 0.24494386795252224 0.7850786949999999 0.24374769287833828 0.7719257408333333 0.25792078041543026
0 0.40428046666666667 0 0.4188286858333333 0.009391590504451038 0.41888024166666665 0.061506962908011865 0.42918971999999994 0.07479132195845697 0.4342433233333333 0.07512686943620178 0.4399248166666666 0.06265960979228487 0.4414711166666667 0.04294506083086053 0.44758838833333336 0.039314390207715134 0.46113026916666666 0.05856281305637982 0.4802653958333334 0.07206618694362017 0.49258273083333337 0.10053027002967359 0.5115312025000001 0.09322540356083087 0.5434819125 0.1112495534124629 0.5505746066666667 0.11037487685459942 0.5881240191666667 0.08020634272997032 0.5982312258333333 0.08087743620178042 0.6459604741666667 0.05285275964391691 0.6361594041666667 0.049877753709198815 0.6342968075 0.03764355786350149 0.6282677825 0.03455201928783383 0.62656384 0 0.40428046666666667 0
0 0.3292539533333333 0.06558695103857566 0.32560139000000005 0.04259132640949555 0.3138963283333333 0.009519412462908012 0.30957432916666666 0.005293464391691394 0.20132117166666666 0.030009017804154305 0.2009942625 0.035296369436201784 0.20805572166666667 0.05081163946587537 0.21664786333333333 0.05480733234421365 0.22985782916666664 0.05030198516320474 0.26876142999999997 0.02205829525222552 0.2845345125 0.01845710237388724 0.29943058166666664 0.039630367952522255 0.3023256125 0.06428829376854599 0.3089356758333333 0.07916195103857568 0.31639151833333334 0.08565109643916914 0.32258142083333335 0.08349318991097923 0.3292539533333333 0.06558695103857566
0 0.33275949666666665 0 0.31672558416666663 0.003660743323442136 0.316314185 0.007478038575667656 0.3292851875 0.04919700296735905 0.33022937500000005 0.06834294362017804 0.32393560833333335 0.08541803412462909 0.3048988891666667 0.09944510979228487 0.30024983 0.12433609792284867 0.3015884008333333 0.13445591543026708 0.30668339916666665 0.15265417359050446 0.31970125416666667 0.1697882181008902 0.33291122 0.1652828709198813 0.3339905066666667 0.15312167952522257 0.3394955058333333 0.15409883976261127 0.3364653758333333 0.16074804451038577 0.34045531 0.16504980712166173 0.3440094658333333 0.16051498071216616 0.34146196666666667 0.15141585163204746 0.34855466083333336 0.15054117359050445 0.3447669983333333 0.15885268100890207 0.34875693249999995 0.16315444213649852 0.354874205 0.15952377151335312 0.3539144008333333 0.1485728056379822 0.3680271591666667 0.14535068545994065 0.3707199175 0.15739534421364987 0.37508861833333335 0.16086595548961424 0.3664808591666667 0.16506523442136498 0.36106410666666666 0.15736586646884274 0.35749433416666665 0.17009566617210684 0.3490474516666667 0.1690455 0.3483883275 0.1982382522255193 0.36360614916666667 0.20891262908011868 0.3701646575 0.171670912462908 0.3720272533333333 0.18390510682492583 0.3815221875 0.1891840296735905 0.3831512775 0.20519490356083087 0.37589770666666666 0.21131902670623146 0.38138708833333335 0.2204911602373887 0.3838931925 0.2117275771513353 0.39098588666666667 0.2108528991097923 0.39311322416666666 0.20292046735905045 0.3906539725 0.18709912759643915 0.3965689725 0.17085518991097923 0.389564525 0.1650076587537092 0.38991751333333335 0.1381188234421365 0.38359796916666666 0.12913622551928786 0.380153135 0.07630623442136499 0.3834011541666667 0.0740753234421365 0.38735985416666663 0.09476703412462908 0.389954205 0.07928124183976261 0.4113931641666667 0.07140776409495549 0.41487469 0.06540017359050446 0.4114970283333333 0.056490581602373885 0.4078546258333333 0.06774761572700297 0.40220436666666665 0.06382492581602374 0.406370795 0.054682271513353115 0.4113517683333333 0.05354505192878339 0.4128824508333333 0.0420254762611276 0.40089703083333333 0.03731516320474777 0.39265787750000003 0.006430632047477745 0.38867134583333335 0 0.33275949666666665 0
0 0.4571083475 0.18979892581602373 0.4649015608333334 0.17759420919881305 0.4578401016666667 0.16207893916913946 0.4182414375 0.15920503412462908 0.4076258225 0.14822459050445103 0.4041442966666667 0.15423217952522256 0.41813757333333335 0.17412221661721067 0.4466223741666667 0.1899589836795252 0.4571083475 0.18979892581602373
0 0.2394263325 0.7294936008902078 0.24219172083333335 0.7430110237388724 0.24324522916666666 0.7047921483679525 0.24959600833333334 0.697384796735905 0.24193789333333332 0.6782823857566765 0.24233227666666665 0.6692562611275964 0.2489579575 0.6759349421364985 0.2522215941666667 0.6655090578635016 0.24671659416666666 0.6645318976261128 0.24642607500000002 0.6586408397626112 0.2549455875 0.661163768545994 0.25956341166666663 0.6526627270029673 0.26853432 0.6558272700296736 0.2625935416666667 0.6460135237388724 0.2529377308333334 0.6459840459940652 0.2544114008333333 0.6247967314540059 0.241901955 0.6179720385756676 0.24433542916666667 0.6077356913946588 0.2380002675 0.6069480682492582 0.23296228166666666 0.5984175474777448 0.23820799583333335 0.5771137017804154 0.243157735 0.5923664302670624 0.24821133833333334 0.5927019762611276 0.25299004 0.5789514896142434 0.2510704308333333 0.5570495563798219 0.24088043416666666 0.5206530400593472 0.22219670333333336 0.5077912804154303 0.2011521275 0.5066386335311573 0.20207053666666666 0.4997268872403561 0.19183368833333334 0.4879152922848665 0.17064385333333335 0.483817115727003 0.16221258833333332 0.4745719762611276 0.16345275166666667 0.4571613427299704 0.17424486083333332 0.45469736795252225 0.1775084975 0.44427148516320475 0.17180122583333335 0.4306810563798219 0.173565415 0.41538480118694365 0.16785814333333335 0.4017943738872404 0.17299999416666667 0.3954077106824926 0.18718538166666665 0.39365835459940657 0.18810379083333334 0.38674660830860536 0.18200213666666668 0.38218230563798217 0.1904646358333333 0.37503749703264094 0.19566349833333332 0.3783185712166172 0.21129132166666667 0.37177185014836794 0.20572931 0.3611269525222552 0.19078638916666668 0.3645386068249258 0.18107356666666666 0.35484139169139467 0.17328035249999998 0.36704610830860535 0.1687663925 0.36062996735905045 0.16512398916666668 0.37188700296735905 0.15613746416666666 0.3769174317507418 0.14116330916666667 0.39671903560830857 0.13693986833333333 0.3961939540059347 0.13315220583333334 0.40450545845697333 0.12780808333333332 0.39827885459940654 0.11662159083333333 0.4097689525222552 0.11320253416666666 0.38299664688427304 0.120383475 0.37539976112759643 0.11873876833333334 0.3675838605341246 0.1099701325 0.37703258456973293 0.10034009916666667 0.4030607922848665 0.09463282833333334 0.3894703649851632 0.08037480999999999 0.3897469554896143 0.07711117416666667 0.4001728397626113 0.08162513416666667 0.4065889807121662 0.07866763416666667 0.4147109495548961 0.0898228925 0.4196107982195846 0.07535714583333333 0.4497217551928783 0.07586555416666667 0.46003110830860533 0.08370016333333333 0.4656891038575668 0.08532925333333334 0.48169997774480716 0.08237175333333333 0.4898219465875371 0.0893918175 0.48747450445103857 0.09262421916666666 0.49343856824925814 0.08351821250000001 0.5215811543026706 0.08082545333333334 0.5095364955489614 0.07757743416666667 0.51176740652819 0.07903002999999999 0.5412227002967359 0.07213960833333334 0.5547106439169139 0.07098769166666667 0.5653990712166173 0.07806476833333334 0.5727193664688427 0.07481674916666667 0.5749502774480711 0.074712885 0.5898674599406528 0.07002243083333333 0.5968957388724035 0.08141119583333332 0.5980189080118694 0.08361116333333332 0.5915592388724036 0.08857651916666666 0.5986169940652819 0.08486148666666667 0.6084012640949555 0.09617762166666667 0.6080516706231454 0.09782232916666667 0.6158675712166172 0.08717547916666667 0.6212770741839763 0.09251960166666667 0.6275036780415431 0.08797440666666667 0.6374774836795253 0.0908280425 0.6442726988130564 0.08476778333333333 0.6575711068249258 0.08380252166666666 0.6890677744807121 0.07889417833333333 0.6916777566765578 0.08319024916666667 0.6936756053412463 0.08662492249999999 0.7122529362017804 0.07875907916666668 0.722984887240356 0.08771437 0.7343444050445104 0.08858592666666666 0.7520175816023739 0.10494004833333333 0.760198505934718 0.09812225583333334 0.7751592151335311 0.09892118333333334 0.7913596275964392 0.09436037166666666 0.80952840652819 0.08878274250000001 0.8070784836795253 0.09560053416666667 0.7921177729970327 0.08843521083333333 0.7915196869436203 0.08750118416666666 0.8066264050445104 0.07988446416666667 0.805386703264095 0.07737836000000001 0.8141502863501484 0.09326546833333332 0.8298845712166173 0.0844968325 0.8393332952522256 0.08711696083333333 0.8499051884272997 0.09610348666666667 0.844874759643917 0.10235040083333334 0.8523845919881305 0.11631789916666667 0.8462169436201781 0.139692085 0.8520504243323441 0.15223276583333334 0.8424851691394659 0.16540133666666668 0.8201171083086053 0.17096334833333332 0.8307620074183976 0.18268948416666667 0.8131913145400594 0.19499665833333335 0.8074027388724035 0.20233847666666668 0.7945564080118694 0.19677646416666666 0.7839115089020772 0.20440880166666667 0.776956237388724 0.20556071750000002 0.7662678115727003 0.210162925 0.7659617418397625 0.20623000333333333 0.7713277195845697 0.209462405 0.7772917818991099 0.212274645 0.7662242833827893 0.22631477416666665 0.7615294005934717 0.23218837916666668 0.7274227492581603 0.2394263325 0.7294936008902078
0 0.16116453666666666 0.4703432195845697 0.16634778249999999 0.4818192685459941 0.18459573416666666 0.485844440652819 0.18762586416666666 0.47919523590504454 0.17507502333333333 0.45450783086053415 0.1639767775 0.4592757210682492 0.16116453666666666 0.4703432195845697
0 0.18084476333333332 0.43531836498516324 0.1834234975 0.4280275459940653 0.16730288333333335 0.41606994213649856 0.16515992833333334 0.43219734718100894 0.17306716666666666 0.43932810830860536 0.18084476333333332 0.43531836498516324
0 0.164848335 0.4769488961424332 0.1714013858333333 0.4821548145400594 0.18437784499999998 0.481426146884273 0.18193421 0.45740983531157264 0.17655885333333332 0.467573178041543 0.16455781583333334 0.4710578382789317 0.164848335 0.4769488961424332
0 0.22189131916666668 0.3909472685459941 0.2216008 0.3850562091988131 0.22605774833333334 0.38180461275964395 0.23616495416666666 0.38247570474777454 0.245192875 0.3953079866468843 0.26443186583333333 0.393894178041543 0.26811566416666666 0.4004998545994065 0.2852273175 0.4070184777448071 0.31961150166666663 0.4148062804154303 0.3252773775 0.41053399703264093 0.31662822333333335 0.3968705637982196 0.28294455916666666 0.37775272106824925 0.24984193416666667 0.37041699703264097 0.24420729249999998 0.3582993323442137 0.22861070416666668 0.34845610830860535 0.21834262083333333 0.3530344599406528 0.21998732750000002 0.3608503620178041 0.2298610275 0.36529813353115725 0.22260745666666665 0.3714222537091988 0.205370865 0.43046342136498517 0.21903222666666664 0.4265996884272997 0.222788655 0.43467813056379817 0.22363443416666665 0.42629362017804157 0.23150027833333334 0.4155616676557864 0.22189131916666668 0.3909472685459941