0 0.045015316151202744 0 0 0.3184802423312883 0 0.3297934355828221 0.008417840206185566 0.3393008865030675 0.08401537457044674 0.4598294601226994 0.13144854639175257 0.5075761257668712 0.19972901890034364 0.7046035582822086 0.23103383676975944 0.7737153496932515 0.21559980412371132 0.7716198128834356 0.210449970790378 0.8204201012269938 0.20188078178694158 0.8254013987730061 0.17562607731958763 0.813302300613497 0.17651504467353954 0.7946473251533742 0.09434223711340206 0.7824662822085889 0 0.7258714969325153 0 0.7790167423312884 0.08950810137457045 0.866129773006135 0.11961009278350515 0.8858580582822086 0.39672650515463914 0.9802136748466258 0.42499059106529213 0.9471826042944784 0.43278119759450173 0.9229785490797546 0.4808244364261169 0.9045811226993864 0.5191306134020618 0.8623308527607363 0.5568896512027491 0.7930376012269938 0.5662267560137457 0.7393438190184048 0.5415553419243986 0.6851290797546012 0.5028860051546392 0.6372068098159509 0.4626227079037801 0.5634649355828221 0.4422228247422681 0.5470401288343558 0.43430049828178696 0.47325142331288345 0.3950840206185567 0.39828617484662576 0.3518381202749141 0.34564601840490794 0.2830793006872852 0.31275543251533744 0.2352200412371134 0.26802330061349694 0.09438276632302406 0.05261015644171779 0.06586323711340206 0 0.045015316151202744 0
0 0.038707835051546395 0.6134417944785275 0.045073 0.648784981595092 0.0586080412371134 0.6581329539877301 0.05476259965635739 0.617328490797546 0.038707835051546395 0.6134417944785275
0 0.027318690721649486 0.4405247576687117 0.020380256013745705 0.4586997484662576 0.02647718384879725 0.5144890674846625 0.03245305841924399 0.5402208742331288 0.04017007388316152 0.5412686411042945 0.03581428694158075 0.46079528527607366 0.027318690721649486 0.4405247576687117
0 0.06353709793814433 0.6850881349693251 0.07494170790378006 0.7095087668711656 0.10014959621993128 0.722831236196319 0.09653559450171821 0.6742065521472392 0.07473639690721649 0.6367678282208589 0.07237452405498282 0.6596607055214724 0.08478915635738832 0.6954838773006135 0.07129090893470791 0.673509990797546 0.06353709793814433 0.6850881349693251
0 0.0886132680412371 0.6004178435582822 0.09966538316151204 0.6026011840490797 0.09293705670103093 0.4770854570552147 0.08234782474226804 0.4592616748466257 0.08143272680412371 0.5584778098159509 0.0886132680412371 0.6004178435582822
0 0 0.5745398773006135 0.015288549828178694 0.6307446226993865 0.030259701030927837 0.6484806042944785 0.03281621821305842 0.6303934110429448 0 0.495629226993865 0 0.5745398773006135
0 0.16879802749140893 0.7935995552147239 0.17143880412371135 0.8181957914110429 0.20831953951890034 0.8354927607361963 0.2167308797250859 0.8130798650306748 0.2105603591065292 0.7825423680981595 0.21540515807560137 0.7668141226993865 0.20451089347079038 0.7820623834355829 0.19117049656357388 0.7775201012269939 0.16879802749140893 0.7935995552147239
0 0 0.734762 0.012048372852233676 0.7402277239263804 0.0031634862542955326 0.7103458159509202 0 0.7062453159509202 0 0.734762
0 0.03252185051546392 0.7314007055214724 0.019996831615120277 0.7334552730061349 0.09081249140893471 0.7765250214723927 0.1050050618556701 0.7750382392638037 0.09464726975945018 0.7493942361963191 0.09615696907216495 0.7325304202453987 0.08654096219931272 0.7387350858895706 0.037792735395189 0.7126579294478528 0.03252185051546392 0.7314007055214724
0 0 0.6337887085889571 0.00567254295532646 0.6369492883435582 0.003031766323024055 0.6123530521472392 0 0.6081909294478527 0 0.6337887085889571
0 0.41265541065292094 0 0.4263616391752577 0.047160567484662574 0.4216010979381443 0.10557223619631903 0.4264565635738832 0.157779236196319 0.4555098934707904 0.21190617484662577 0.4228484261168385 0.3935214570552147 0.41816147766323025 0.4266813036809816 0.42270124226804123 0.44402510122699385 0.4341319845360825 0.3878845736196319 0.44309046391752577 0.39251465950920245 0.4496028109965636 0.3773541993865031 0.4825799759450171 0.23060211963190186 0.47300076632302407 0.2241808773006135 0.4537794175257732 0.3045254601226994 0.4642737285223368 0.21173057055214722 0.48792445360824743 0.18660752147239265 0.5353208298969072 0.2469800981595092 0.5666885721649485 0.22290481901840492 0.6058207920962199 0.2551866441717791 0.6246267199312715 0.24579184049079755 0.6598292388316152 0.19458577607361965 0.6623121649484537 0.20175041104294478 0.6878250876288661 0.18200083742331288 0.7211760773195875 0.19335654601226993 0.7188387714776633 0.05985709202453987 0.543042321305842 0 0.41265541065292094 0
0 0.5307240017182131 0.6071902730061349 0.5226651580756014 0.6518404601226994 0.5276678075601374 0.6535438159509203 0.543127969072165 0.5750781932515338 0.5307240017182131 0.6071902730061349