0 0.18138081833910036 0.4296245895061728 0.17265979584775087 0.46424031790123454 0.17002717474048443 0.5653276666666667 0.18272814359861592 0.6649570401234568 0.18880476816608996 0.6659466635802469 0.191045053633218 0.6509302839506172 0.18242053806228373 0.5418571327160494 0.189457615916955 0.4410476203703704 0.25517604325259513 0.5488718271604939 0.30277287716262974 0.5755202716049382 0.3451130847750865 0.6254831327160494 0.40262288581314876 0.6691272067901234 0.48091907266435985 0.6449634012345679 0.5325484169550173 0.6445823641975309 0.538581098615917 0.6279862901234567 0.5946470674740485 0.5799867932098766 0.6013679186851212 0.5349376574074074 0.573629186851211 0.49438417592592593 0.5781419238754325 0.41645512654320993 0.5711252422145329 0.40388634876543206 0.5698132422145329 0.3649998827160494 0.5494953062283737 0.31642620061728394 0.514739892733564 0.2633039475308642 0.4287153044982699 0.1723880524691358 0.39599223183391 0.08180290740740741 0.34887562456747406 0.004254895061728396 0.3482854256055363 0.0036147561728395064 0.051554948096885815 0.0005350740740740741 0.03479074394463668 0.11290371296296298 0.060413266435986164 0.14976164197530864 0.08607571453287197 0.2101923117283951 0.07702669204152249 0.23508642283950618 0.08190275259515571 0.3633249722222222 0.08965155017301038 0.3650263858024691 0.09637239965397923 0.31997725 0.08992383044982699 0.2916803086419753 0.09448051211072664 0.23133695679012348 0.18138081833910036 0.4296245895061728
0 0.11370931833910033 0.5732949537037038 0.12574251384083046 0.5879990956790123 0.1194461678200692 0.49908096913580247 0.10936920242214533 0.4772245308641975 0.10562074740484428 0.4963899259259259 0.11370931833910033 0.5732949537037038
0 0.13000651557093426 0.7143801111111111 0.14415993944636676 0.7267927685185185 0.14974456228373703 0.7131999691358024 0.12775445674740485 0.6639144969135802 0.12322994636678201 0.6763615524691358 0.13000651557093426 0.7143801111111111
0 0.1597336418685121 0.6998850061728396 0.15141673356401383 0.7139117592592593 0.14848828027681663 0.7573811975308642 0.1593413044982699 0.7859559753086419 0.18915631833910035 0.8066322685185185 0.19429288754325258 0.7960427469135802 0.1844999757785467 0.7663222253086419 0.1859642024221453 0.7445875030864197 0.1709907802768166 0.7078708086419754 0.1597336418685121 0.6998850061728396
0 0 0.7628413271604939 0.0004529307958477509 0.766232274691358 0.028568965397923873 0.8261103549382717 0.3653398356401384 0.9694629228395063 0.35308475432525954 0.9594553271604938 0.3729868027681661 0.9631359907407407 0.38978462110726647 0.9399432962962964 0.3942534134948097 0.8444285432098766 0.38210016262975777 0.8424492932098766 0.3721110830449827 0.8557642561728396 0.36682228892733565 0.9269749660493828 0.3516966418685121 0.9508794567901235 0.341367785467128 0.8889908086419753 0.31489711418685123 0.8697380925925926 0.31220877162629757 0.88775775 0.32044956920415224 0.9040415864197531 0.3152368875432526 0.9449417067901235 0.2709843961937716 0.9197168395061728 0.2516065190311419 0.8827223055555555 0.19373654844290658 0.8772529074074074 0.09319836851211072 0.8120990308641975 0.07794089100346022 0.7832464197530864 0.06901192387543252 0.795415638888889 0.05730673010380622 0.7904331141975308 0.01574257785467128 0.7471885925925925 0 0.7446247932098765 0 0.7628413271604939
0 0.31326888754325255 0.8866120030864197 0.2953230657439446 0.8757790432098765 0.2655959394463668 0.8902741543209877 0.27767307785467127 0.9225639938271605 0.30960832006920413 0.9409488024691358 0.3166571712802768 0.9056212839506173 0.31326888754325255 0.8866120030864197
0 0.611332508650519 1 0.6763550882352941 0.7057962561728395 0.655852759515571 0.765740049382716 0.601703143598616 1 0.611332508650519 1
0 0.6589248183391003 0.8405097067901235 0.6647173858131489 0.8493634166666666 0.6982133615916954 0.7023246234567901 0.6877762266435986 0.7186428641975309 0.6634053858131488 0.810476950617284 0.6589248183391003 0.8405097067901235
0 0.6250152647058823 0.2751106481481482 0.6162502975778547 0.2921406759259259 0.5834864359861591 0.42831210802469133 0.5781097560553634 0.4643514197530864 0.5847984377162629 0.46719857716049384 0.6317039463667821 0.27795780555555555 0.6250152647058823 0.2751106481481482
0 0.5708851297577855 0.4293361358024691 0.5766776972318339 0.43818984259259264 0.617670581314879 0.25282025617283954 0.6031130467128027 0.26099657407407406 0.5895834567474049 0.3159234444444444 0.5708851297577855 0.4293361358024691
0 0.825577062283737 0.13051543827160494 0.8277606384083045 0.16178790740740742 0.8390617197231833 0.18735941049382715 0.8518270276816609 0.19119619444444444 0.8729092439446366 0.18100622222222224 0.8806959204152249 0.15397776851851852 0.825577062283737 0.13051543827160494
0 0.8069346193771626 0.1225799475308642 0.5511259619377163 0.013690401234567901 0.5470439238754325 0.06465379320987653 0.5635694602076124 0.11480717283950617 0.582739392733564 0.12935519753086422 0.6008052698961938 0.12746326543209877 0.6205754861591696 0.07838683024691358 0.6377130795847751 0.13039773765432097 0.666391866782007 0.18253037037037037 0.7140969826989619 0.13097192901234567 0.7508525657439445 0.1945275864197531 0.7748310674740484 0.18876447222222223 0.8031261366782007 0.1481077901234568 0.8069346193771626 0.1225799475308642
0 0.11750487024221454 0.8160575339506173 0.15568073875432525 0.8402927746913581 0.1720744446366782 0.8376890524691357 0.16668598788927336 0.8082463672839506 0.11501270069204152 0.7910417037037036 0.11750487024221454 0.8160575339506173
0 0.04302147577854672 0.7252633580246914 0.07480449134948096 0.8042693518518519 0.09046608477508651 0.812532987654321 0.08050917474048443 0.7779516574074075 0.04302147577854672 0.7252633580246914
0 0.0028336643598615915 0.625112712962963 0.0049978356401384075 0.6404069290123457 0.012746631487889274 0.6421083456790123 0.012254631487889273 0.6275259197530865 0.0028336643598615915 0.625112712962963
0 0.5242111124567475 0.7719874043209877 0.5172383754325259 0.7770043302469136 0.5127578062283736 0.8070370895061728 0.5156980346020761 0.8290496419753086 0.521774660899654 0.8300392685185185 0.5318398529411765 0.786413712962963 0.5242111124567475 0.7719874043209877
0 0.46978514532871973 0.8685949845679013 0.4746816020761246 0.8834552438271606 0.4805502820069204 0.8619983580246914 0.46978514532871973 0.8685949845679013