0 1 0.1955944754601227 0.9288738969072164 0.24775624846625766 0.7455496391752577 0.3500017607361963 0.6902574347079038 0.3589588466257669 0.6185397989690722 0.34340710122699386 0.5655707079037801 0.36256973312883434 0.5108370498281787 0.40461194478527607 0.4853504123711341 0.466225981595092 0.4624323591065292 0.4676506288343558 0.407031058419244 0.5078943527607361 0.35945765807560137 0.5258015736196319 0.32328873711340206 0.5586397914110429 0.3187172233676976 0.6134337116564417 0.336607206185567 0.7011012085889571 0.3616574467353952 0.7646337116564417 0.4015867525773196 0.8129813619631902 0.4028402147766323 0.8400433128834357 0.4248724261168385 0.8993934509202455 0.5146709690721649 0.9478610766871165 0.6132852422680413 0.9806007638036811 0.6175314020618556 0.9808579693251535 0.7997456082474227 0.9751797914110429 0.8495442027491409 0.9656842668711656 0.9126915824742269 0.926569018404908 0.7493290103092783 0.9088942085889571 0.6702945756013746 0.8657374294478528 0.6665270790378007 0.88322154601227 0.6392557113402062 0.8768668466257669 0.6325520085910653 0.8667036165644173 0.6397940927835052 0.8191036472392638 0.624996852233677 0.8108235276073619 0.6709693316151203 0.7688659386503067 0.7826305 0.6354253650306749 0.8382701615120275 0.6234566932515337 0.9378793728522336 0.5641349631901841 1 0.5453635797546011 1 0.1955944754601227
0 0.8265858264604811 0.7854122730061349 0.812987498281787 0.8198374233128835 0.8278120120274914 0.8202958834355828 0.8423981666666667 0.7924792944785276 0.8265858264604811 0.7854122730061349
0 0.8826346065292097 0.6561187147239264 0.8588034398625429 0.7261398036809816 0.866202060137457 0.7302798619631902 0.8780630945017182 0.7109126380368098 0.8974318470790378 0.6643988343558282 0.8954834690721649 0.6433600490797546 0.8826346065292097 0.6561187147239264
0 0.7974680652920962 0.8254021319018405 0.7795709707903781 0.8364046165644172 0.7998730000000001 0.8121426963190184 0.8033203144329897 0.7898485061349693 0.7739369192439862 0.8093849723926381 0.7586285721649485 0.8510463926380368 0.7852322955326461 0.8556026042944785 0.8017941048109966 0.8410031411042945 0.7974680652920962 0.8254021319018405
0 0.7994235567010309 0.747770935582822 0.8163873728522337 0.7145165674846625 0.8399529054982818 0.6240420889570553 0.8257687594501718 0.633203773006135 0.7886594467353952 0.7424600889570552 0.7994235567010309 0.747770935582822
0 1 0.5725385122699387 0.9957875979381442 0.5780151503067484 0.9952017783505155 0.5527516840490797 0.9793348883161511 0.5613279754601227 0.9378722594501717 0.6628049447852761 0.8436789037800687 0.8117195889570552 0.8415941512027492 0.8297891012269939 0.8598114295532646 0.8235966871165644 0.9187418676975945 0.7375937975460123 0.9900444484536083 0.5822821411042945 0.9821347199312714 0.6280836196319018 0.9949563075601374 0.6231466134969325 1 0.5794306073619632 1 0.5725385122699387
0 0.6609475773195876 0.840558582822086 0.6474856219931272 0.8358754417177914 0.6411566529209621 0.8148789693251535 0.6417697457044673 0.8323207730061349 0.6285461529209622 0.8559126809815951 0.6308147147766323 0.8817615398773007 0.6691976494845361 0.8904155030674847 0.6776931958762886 0.8698774907975461 0.6609475773195876 0.840558582822086
0 0.8514451443298968 0.9036963895705522 0.8358711615120274 0.9249044171779142 0.8503482182130585 0.9283744601226994 0.8946379518900345 0.8858314785276075 0.8514451443298968 0.9036963895705522
0 0.8188326340206186 0.8829537760736197 0.7673079278350515 0.874426745398773 0.7599365824742268 0.8624650276073619 0.7571841855670103 0.8787360490797547 0.7412900223367698 0.8951340030674847 0.754057058419244 0.9058403128834356 0.8301825618556701 0.9135280889570552 0.8190982680412371 0.9034071687116565 0.8188326340206186 0.8829537760736197
0 0.8756783195876289 0.8150203957055214 0.8671827731958763 0.8355584079754601 0.87492885395189 0.8366868865030676 0.8969409020618556 0.8051886963190183 0.8756783195876289 0.8150203957055214
0 0.3621618092783505 0 0.3666534828178694 0.00831667791411043 0.3707138900343643 0.003464291411042945 0.39068862199312715 0.07306227607361963 0.4057787714776632 0.0939741319018405 0.4499321323024055 0.09053944171779142 0.47303399484536085 0.13303316257668713 0.5317462371134021 0.10960354294478528 0.5474494793814433 0.14795720245398775 0.5343278711340206 0.23893245705521474 0.5363106374570447 0.1534796012269939 0.5258667130584193 0.1529788282208589 0.5202729845360825 0.30765583128834356 0.522568823024055 0.3256830306748466 0.53199764604811 0.32739689570552144 0.5287614192439862 0.3857877975460123 0.5372296890034365 0.3730714447852761 0.541051735395189 0.339944009202454 0.5555157422680412 0.15389575153374233 0.595717795532646 0.12402681288343559 0.6130563453608248 0.07993919938650307 0.6230235515463918 0.023889871165644172 0.6275381443298969 0.017629257668711654 0.5768618573883162 0 0.3621618092783505 0
0 0.38508067010309277 0.42507923926380364 0.3800798728522337 0.506349726993865 0.3851281065292096 0.5081059049079755 0.38865724398625434 0.462346736196319 0.38508067010309277 0.42507923926380364