0 0.4109375 0.9375 0.49609375 0.9222222222222223 0.521875 0.8763888888888889 0.52578125 0.8527777777777777 0.56640625 0.8222222222222222 0.5953125 0.7736111111111111 0.6203125 0.7013888888888888 0.621875 0.6513888888888889 0.59296875 0.6111111111111112 0.55234375 0.5805555555555556 0.50703125 0.5277777777777778 0.48671875 0.5194444444444445 0.4703125 0.45694444444444443 0.42578125 0.4027777777777778 0.38046875 0.36944444444444446 0.31484375 0.3611111111111111 0.26640625 0.33611111111111114 0.11328125 0.18888888888888888 0.03515625 0.09722222222222222 0.00078125 0.044444444444444446 0 0.41805555555555557 0.07265625 0.4666666666666667 0.15546875 0.55 0.20390625 0.5777777777777777 0.28984375 0.7305555555555555 0.3265625 0.7819444444444444 0.3125 0.7847222222222222 0.3140625 0.8291666666666667 0.30703125 0.8361111111111111 0.28203125 0.8333333333333334 0.28046875 0.8166666666666667 0.20546875 0.8305555555555556 0.0578125 0.7958333333333333 0.11015625 0.85 0.21171875 0.9055555555555556 0.31953125 0.9361111111111111
0 0.1578125 0.7319444444444444 0.14921875 0.6972222222222222 0.134375 0.6986111111111111 0.14453125 0.7277777777777777
0 0.1265625 0.6347222222222222 0.1125 0.5652777777777778 0.10234375 0.55 0.0984375 0.5680555555555555 0.1109375 0.6152777777777778 0.11953125 0.6361111111111111
0 0.203125 0.7763888888888889 0.19375 0.7347222222222223 0.16953125 0.7083333333333334 0.1703125 0.7291666666666666 0.1859375 0.7569444444444444 0.17109375 0.7416666666666667 0.165625 0.7541666666666667 0.17890625 0.7722222222222223
0 0.1875 0.6708333333333333 0.165625 0.5625 0.15390625 0.55 0.165625 0.6375 0.17734375 0.6722222222222223
0 0.13125 0.7319444444444444 0.13125 0.7152777777777778 0.0625 0.5541666666666667 0.0359375 0.4513888888888889 0.02265625 0.4388888888888889 0.01953125 0.46111111111111114 0.00078125 0.425 0.0015625 0.4513888888888889 0.015625 0.5013888888888889 0.0265625 0.5097222222222222 0.02421875 0.4666666666666667 0.071875 0.6263888888888889 0.115625 0.7208333333333333
0 0.3140625 0.8430555555555556 0.31875 0.8208333333333333 0.309375 0.7958333333333333 0.31171875 0.7805555555555556 0.30390625 0.7972222222222223 0.29140625 0.7972222222222223 0.2734375 0.8180555555555555 0.27890625 0.8388888888888889
0 0.1265625 0.8180555555555555 0.11484375 0.7944444444444444 0.078125 0.7652777777777777 0.11328125 0.8166666666666667
0 0.2015625 0.8263888888888888 0.2140625 0.8208333333333333 0.2015625 0.8013888888888889 0.20078125 0.7861111111111111 0.19296875 0.7944444444444444 0.14609375 0.7861111111111111 0.14375 0.8041666666666667 0.1328125 0.8097222222222222
0 0.1078125 0.7291666666666666 0.10234375 0.7083333333333334 0.084375 0.6930555555555555 0.10078125 0.7277777777777777
0 0.45625 0.43472222222222223 0.459375 0.3819444444444444 0.46796875 0.38333333333333336 0.471875 0.3680555555555556 0.4828125 0.22916666666666666 0.4734375 0.2263888888888889 0.46640625 0.30277777777777776 0.4640625 0.21805555555555556 0.48203125 0.18888888888888888 0.53203125 0.22777777777777777 0.55703125 0.19722222222222222 0.59609375 0.21388888888888888 0.61171875 0.2 0.63671875 0.14444444444444443 0.63984375 0.15 0.66015625 0.125 0.69140625 0.125 0.67109375 0 0.36875 0.001388888888888889 0.409375 0.08472222222222223 0.4125 0.1375 0.4234375 0.18194444444444444 0.45625 0.22083333333333333 0.45 0.3902777777777778 0.45 0.42083333333333334
0 0.5765625 0.5875 0.58046875 0.5138888888888888 0.5734375 0.5458333333333333 0.571875 0.5875