0 0.03769918600682594 0 0.02287794709897611 0.13407838414634146 0.06312532081911264 0.1798917042682927 0.0905776928327645 0.2331762957317073 0.08253322354948806 0.25954509146341465 0.09188287201365188 0.38378471646341467 0.09958637372013653 0.38370264329268294 0.10462083788395904 0.3381590457317073 0.09725830034129693 0.31195439329268293 0.09961660750853242 0.2519499085365854 0.19235338395904436 0.42618249999999996 0.1849766194539249 0.46197913719512196 0.185958614334471 0.5613726676829268 0.20201376621160408 0.6558881341463414 0.20804267064846416 0.6554869420731707 0.20972082593856656 0.6403057408536585 0.19735227986348122 0.5356421158536586 0.20072459385665528 0.43552826829268293 0.2693653071672355 0.5261138658536585 0.3172573720136519 0.5414408749999999 0.3607897935153584 0.5807386829268293 0.41906151706484646 0.610444506097561 0.49543596757679176 0.5691952926829268 0.546348709897611 0.557196143292683 0.5517116894197952 0.5396169451219512 0.605314813993174 0.4800773932926829 0.610349276450512 0.43453379268292686 0.5815526023890785 0.40114432012195117 0.5832449846416382 0.32396183536585366 0.5758788890784983 0.31325750304878053 0.5732080699658703 0.27554613719512194 0.5514471945392492 0.23264674999999999 0.5152844249146759 0.1885529512195122 0.42721269112627985 0.11906605792682926 0.39172829692832767 0.03789913414634146 0.36311041467576793 0 0.03769918600682594 0
0 0.13068978327645053 0.5818422957317073 0.14307967064846416 0.5935039908536586 0.1337211313993174 0.5080151737804878 0.12300761945392491 0.4889224390243902 0.11998872184300341 0.5084984359756097 0.13068978327645053 0.5818422957317073
0 0.1517598361774744 0.7160659329268293 0.1661599505119454 0.725010506097561 0.17118730034129692 0.7104675487804878 0.1477518276450512 0.6672490426829268 0.14372959215017067 0.6804334390243902 0.1517598361774744 0.7160659329268293
0 0.18056895904436862 0.6952042804878049 0.1728618976109215 0.7107866737804878 0.17151225938566553 0.7539322743902439 0.18322910750853244 0.7794166097560976 0.21337008361774745 0.7929109603658536 0.21806180204778158 0.781404243902439 0.20735006825938568 0.7545613536585366 0.20802488737201366 0.7329885518292683 0.19195551023890783 0.7004743689024391 0.18056895904436862 0.6952042804878049
0 0.46354036518771335 0.9041390609756098 0.4464587593856656 0.9039840853658536 0.4454500870307167 0.9208429664634147 0.4343938327645051 0.9357871158536586 0.3804764180887372 0.9053609786585365 0.4002377337883959 0.9044765182926829 0.4159857081911263 0.8780256493902439 0.4170121638225256 0.7836651615853658 0.40495435153583614 0.7844675487804879 0.39557269112627985 0.7997308201219513 0.392876976109215 0.8705217042682927 0.37880359726962454 0.8972916981707316 0.3664243822525597 0.8391290365853659 0.3396325989761092 0.8262729298780488 0.33761881569965874 0.844490368902439 0.3463238771331058 0.8585500609756098 0.3426301587030717 0.8996988597560975 0.2980872866894198 0.8850100975609757 0.2776636006825939 0.853216231707317 0.2203880989761092 0.860902655487805 0.1189124709897611 0.8198634329268293 0.10284131399317406 0.7950994115853658 0.09446477133105802 0.8090041280487805 0.08274258703071673 0.806770274390244 0.04021350341296928 0.7738640670731708 0.022126783276450512 0.7750676524390244 0.025806274744027302 0.7959201371951219 0.061629854948805456 0.8585505 0.0861437747440273 0.8849234237804878 0.4551671416382252 0.9552468048780487 0.5537831211604095 0.9460132957317074 0.5586639027303755 0.8943645914634146 0.5285104778156996 0.9351213658536586 0.5258361023890785 0.9129103231707317 0.5084206433447099 0.9080414268292683 0.5302010819112628 0.8656890396341463 0.5335609470989762 0.8198263201219512 0.5288745648464164 0.8080825548780488 0.5131301467576792 0.8190330975609756 0.4772763327645051 0.8881554725609756 0.46354036518771335 0.9041390609756098
0 0.3386239283276451 0.8431318109756097 0.3205389880546075 0.836585231707317 0.29172986348122865 0.8574468841463414 0.3047856791808874 0.8862865792682927 0.33693688395904436 0.8970638140243903 0.34263905119453925 0.8609480548780488 0.3386239283276451 0.8431318109756097
0 0.6179371843003413 0.9382121737804877 0.6172623976109215 0.9400696676829268 0.6252924505119454 0.9393178079268293 0.6293272935153584 0.9279819481707318 0.6903640921501707 0.5846406067073171 0.6722631467576792 0.647845475609756 0.6179371843003413 0.9382121737804877
0 0.6779404163822526 0.7202319695121951 0.6839675443686006 0.7275809359756098 0.7118017866894197 0.5763251067073171 0.7020844982935154 0.594624618902439 0.6812967252559727 0.6898695701219513 0.6779404163822526 0.7202319695121951
0 0.6244760068259386 0.1752589756097561 0.616433313993174 0.19387761280487803 0.5889364812286689 0.33434703963414636 0.5849089112627986 0.37078192073170735 0.5916073020477816 0.37205840853658534 0.6311743959044369 0.17653546341463416 0.6244760068259386 0.1752589756097561
0 0.5765430375426621 0.3381856676829268 0.5825701655290103 0.34553463719512195 0.6164422064846417 0.15512680487804878 0.6023723873720137 0.16639647256097562 0.5909716075085325 0.2231276707317073 0.5765430375426621 0.3381856676829268
0 0.8192469607508532 0.007762545731707317 0.8204483703071672 0.018842192073170734 0.8325008498293516 0.041290286585365855 0.8452281467576792 0.04216557926829269 0.8656625034129694 0.027458478658536584 0.8681396757679181 0.017079841463414635 0.8192469607508532 0.007762545731707317
0 0.619522957337884 0 0.6318776689419795 0.030960088414634147 0.6620115324232082 0.07545508231707317 0.7072416689419796 0.014319917682926828 0.7457467406143344 0.06816068597560976 0.7691946621160409 0.057128067073170724 0.7956650409556314 0.011019125 0.7965041177474403 0.003428524390243902 0.7785128651877132 0 0.619522957337884 0
0 0.1430280989761092 0.818258655487805 0.1815420614334471 0.8333486158536585 0.1976203310580205 0.827111987804878 0.19126290784982933 0.7995487804878049 0.1396842389078498 0.7943699298780488 0.1430280989761092 0.818258655487805
0 0.06634469283276449 0.7462916920731707 0.10049189931740614 0.8163530914634147 0.11623275938566553 0.820902868902439 0.10518717406143345 0.7893460548780488 0.06634469283276449 0.7462916920731707
0 0.02315857337883959 0.6574566798780488 0.02583472866894198 0.6719175609756097 0.03353823208191126 0.6718354908536586 0.03253667576791809 0.6576937286585366 0.02315857337883959 0.6574566798780488
0 0.006453501706484642 0.4760117621951219 0.003770233788395904 0.49255152134146335 0.010132991467576792 0.4968642469512195 0.013485744027303754 0.4820021707317073 0.006453501706484642 0.4760117621951219
0 0.5426354300341296 0.6835967134146341 0.5359352593856656 0.6900703871951219 0.5325789522184301 0.7204327865853658 0.5362584436860068 0.7412852713414634 0.5422873481228669 0.7408840792682927 0.5506710068259386 0.6959787225609756 0.5426354300341296 0.6835967134146341
0 0.49237082935153587 0.7902754756097561 0.49772669453924917 0.8036969207317074 0.5027558225255973 0.7814038048780488 0.49237082935153587 0.7902754756097561