0 0.3924594354066986 0.31454506392045456 0.39333782057416267 0.33464986789772727 0.3868283245614035 0.34787411079545455 0.3660487320574163 0.3666357045454545 0.33706934688995216 0.36765800568181817 0.3134920015948963 0.39705446732954547 0.2888831499202552 0.41056599147727274 0.2833232503987241 0.4197764048295454 0.2671646555023923 0.4773588125 0.2322016140350877 0.4881918181818182 0.22626899681020735 0.49659590056818187 0.2648060956937799 0.49804607954545455 0.302934870015949 0.5107492428977273 0.39701044178628386 0.4882313139204546 0.45286585406698565 0.4998408650568182 0.4690505797448166 0.4969285482954545 0.5362394266347688 0.41776137073863634 0.5477984170653908 0.4093929446022727 0.5669648851674641 0.41293128125 0.5941210255183413 0.36245330113636365 0.5948866331738437 0.34135395454545453 0.5983787807017543 0.33373837500000003 0.5868553971291866 0.33004748579545456 0.5745616674641149 0.38082064488636364 0.5529547296650718 0.3780708125 0.5457662727272727 0.3989284630681818 0.5364946291866028 0.4107282556818182 0.5267327535885168 0.4138822684659091 0.5121101116427432 0.3959012784090909 0.4944238181818182 0.35157087215909094 0.47820822408293456 0.33317780113636364 0.40266524162679423 0.28807874857954546 0.39727863636363636 0.2703572840909091 0.40060696650717703 0.22294417755681817 0.38959398724082933 0.20518705539772727 0.36173749362041463 0.17526364630681818 0.3326560279106858 0.1790991931818182 0.3008480223285486 0.1694509715909091 0.29854524082934614 0.15536691193181817 0.3006996387559808 0.1403061377840909 0.31651164593301434 0.1365874900568182 0.32461409489633175 0.12377532670454544 0.3171597392344498 0.10764869602272728 0.30463571690590113 0.10937825710227272 0.29912685805422645 0.11718204829545455 0.2985143724082934 0.13406152414772726 0.2883750406698565 0.16977391051136362 0.29184701594896334 0.18487034232954544 0.3194637408293461 0.2324795596590909 0.3455231212121212 0.26761737926136364 0.38458132057416267 0.2990187244318182 0.3924594354066986 0.31454506392045456
0 0.6108873692185008 0.32135612215909093 0.6156353572567783 0.30128697301136365 0.6151961642743222 0.2912345724431818 0.6092837200956938 0.27692664346590906 0.6008394218500798 0.3102378622159091 0.603091163476874 0.32572854545454544 0.6108873692185008 0.32135612215909093
0 0.6052597751196173 0.21057366051136361 0.6026768795853269 0.2595994303977273 0.608962043062201 0.27471368892045456 0.6154715390749601 0.26148944460227275 0.6104576515151515 0.24457431107954547 0.6127141307814992 0.2267002911931818 0.6046876323763956 0.1820291164772727 0.6070972328548645 0.15993522727272727 0.5921066108452951 0.10778320170454546 0.5934645326953748 0.09251638636363636 0.5805879649122807 0.07072760795454545 0.5762328660287082 0.0688910752840909 0.574859509569378 0.07350519602272727 0.5865823181818182 0.10493429971590908 0.5874096626794258 0.12644572585227273 0.59352626953748 0.13512716051136364 0.5939144218500797 0.14658618607954546 0.5977436810207336 0.1518362556818182 0.5969579011164274 0.1956476122159091 0.6052597751196173 0.21057366051136361
0 0.20653146172248804 0.09890790625 0.21058031738437002 0.10918417613636365 0.21918843381180225 0.11567048437500001 0.22479937320574161 0.10505344744318182 0.22075051674641147 0.09477717755681819 0.21331159489633175 0.08930324005681818 0.2084306570972887 0.09088024715909092 0.20653146172248804 0.09890790625
0 0.2526713006379585 0.14562955113636364 0.2680595494417863 0.14251119318181818 0.2694329059011164 0.1378970724431818 0.24127016905901116 0.11641340198863635 0.2378801028708134 0.12121573579545454 0.2452679840510367 0.12809629545454546 0.2526713006379585 0.14562955113636364
0 0.32281224242424245 0.16235444176136363 0.32704982615629985 0.1563515255681818 0.33301331180223287 0.1692528309659091 0.3634835677830941 0.1714558565340909 0.3704476913875598 0.17893670880681817 0.38492194976076555 0.16777286505681818 0.38692322567783094 0.1569319602272727 0.3817562169059011 0.14423669460227273 0.3790142424242424 0.12010023295454544 0.3721011594896332 0.11121275710227273 0.3441734529505582 0.10540798295454547 0.3384295645933014 0.09753287926136363 0.3335996666666667 0.0977032627840909 0.3390218787878788 0.10336541193181818 0.3368520462519936 0.10777349289772728 0.33312486842105266 0.09971017755681819 0.3244811451355662 0.10528318465909091 0.32785103987240827 0.12319286363636364 0.3165781212121212 0.14583356107954545 0.31808442583732055 0.15971157954545456 0.32281224242424245 0.16235444176136363
0 0.45991418261563 0.27236216761363635 0.4565751562998405 0.2757578778409091 0.4591331403508772 0.28280882102272725 0.45991418261563 0.27236216761363635
0 0.43127068819776715 0.1755033125 0.4239492814992025 0.1778688224431818 0.4306427679425837 0.18173009801136364 0.43127068819776715 0.1755033125
0 0.4029346578947368 0.18095152272727272 0.40090251275917066 0.1704870411931818 0.39288671132376396 0.169833265625 0.394444057416268 0.18230466051136363 0.3983243564593301 0.18614810653409092 0.4029346578947368 0.18095152272727272
0 0.4412225119617225 0.26681691761363635 0.44844183891547046 0.2672646548295454 0.45066271132376395 0.2614499502840909 0.4476299282296651 0.256405921875 0.44008892503987246 0.25374522869318183 0.4370205358851674 0.26076051704545455 0.4412225119617225 0.26681691761363635
0 0.4280242671451356 0.24281518323863638 0.43132768740031896 0.25147878977272725 0.4392259736842105 0.24429311931818185 0.43660151435406697 0.22799610511363635 0.42933114832535885 0.22895499147727272 0.43310936762360447 0.23561168323863635 0.4280242671451356 0.24281518323863638
0 0.41449364832535884 0.1725830965909091 0.4202885773524721 0.179051578125 0.4224073692185008 0.17605011931818182 0.41700532934609247 0.14767596022727272 0.41424318341307814 0.1462515099431818 0.41197127033492825 0.15347283664772726 0.41449364832535884 0.1725830965909091
0 0.43150571850079744 0.19118220738636363 0.4265227001594896 0.19557245880681817 0.4270283668261563 0.21487093323863637 0.4421614138755981 0.21878569176136364 0.44822698006379585 0.22887375 0.4518876834130781 0.22769099573863638 0.4494828213716109 0.2164201818181818 0.43748463795853265 0.21473620596590906 0.43263930701754383 0.2042538963068182 0.43150571850079744 0.19118220738636363
0 0.3570252575757576 0.6596253977272727 0.37244437559808613 0.6778124275568183 0.3923562799043062 0.6829634261363636 0.39956017145135564 0.67275846875 0.40256208532695376 0.6564971122159091 0.39478605263157895 0.6381575255681818 0.3824507575757576 0.6236079019886364 0.3815367663476874 0.6155624147727272 0.4033834720893142 0.6006264375 0.4268433022328548 0.56339053125 0.41745414354066984 0.5673508749999999 0.3979612607655503 0.5949642883522727 0.3782843867623605 0.6054921846590909 0.3696252296650718 0.6004124985795455 0.35993456698564597 0.5794478792613637 0.34385192185007973 0.5795469488636363 0.33505507814992025 0.5893398267045454 0.34333677910685806 0.6269778835227272 0.3570252575757576 0.6596253977272727
0 0.5234080861244019 0.7935357883522727 0.5336601953748006 0.7990275525568182 0.5411703309409889 0.7803828579545455 0.5329040637958533 0.7533974928977273 0.5128592105263158 0.7297543536931819 0.4833895925039873 0.722130875 0.47774778468899526 0.7114425255681819 0.4860698293460925 0.7036565625 0.487090639553429 0.6755240994318181 0.5079367073365231 0.6660085767045455 0.515988115629984 0.6546030355113636 0.5173970781499202 0.6379295980113636 0.5114335933014353 0.6250282926136363 0.4871820247208931 0.6286934573863636 0.48616121371610843 0.6568259204545455 0.4805657089314195 0.6780956505681819 0.4710899043062201 0.695521934659091 0.47086557017543856 0.7238604375000001 0.4682209393939394 0.7302754332386364 0.4769465709728868 0.7446011889204546 0.49724662599681024 0.7612112130681818 0.5234080861244019 0.7935357883522727
0 0.3787247998405104 0.726291390625 0.4083985797448165 0.728288377840909 0.4295971937799043 0.7422911931818181 0.4465783955342903 0.7395849176136363 0.4529858110047847 0.7291739204545454 0.44798735725677835 0.7229114786931818 0.42244907974481655 0.7177248238636363 0.4186198205741627 0.7124747542613636 0.40248613556618823 0.7139804488636364 0.3796945701754386 0.6995655511363637 0.35420733253588516 0.6929722727272728 0.33932948883572567 0.6820243977272727 0.33650086682615626 0.6713538764204545 0.3147918484848485 0.6714172911931818 0.3092010821371611 0.6593223167613637 0.3184727248803828 0.6475225255681818 0.3213215175438597 0.6354810369318181 0.31696641945773524 0.6336445056818182 0.31023732615629984 0.6418425482954545 0.30232360526315794 0.6383755255681818 0.2834076012759171 0.6611687784090909 0.29099490749601276 0.6957875482954545 0.2995674178628389 0.7143331732954545 0.31729405502392344 0.7132395610795454 0.3333968716108453 0.6904284801136363 0.3787247998405104 0.726291390625
0 0.8086568875598086 0.6870086321022727 0.8004214888357257 0.6813286548295454 0.7886939433811803 0.6832642556818181 0.7764049505582137 0.7006727130681818 0.7757924649122807 0.7175521903409091 0.779315480861244 0.7312419985795454 0.7920745342902712 0.7451913309659091 0.8057677503987241 0.744474140625 0.817464428229665 0.7212331519886364 0.815789566985646 0.7009223082386363 0.8086568875598086 0.6870086321022727
0 0.638417860446571 1 0.6431110247208931 0.9842321832386364 0.6446932799043062 0.9406268650568183 0.6504217352472089 0.9378492755681819 0.652050293460925 0.9262020383522728 0.6613884106858055 0.9236483181818183 0.6153815215311005 0.8954188139204546 0.6057217264752791 0.895759580965909 0.5694256722488038 0.8657826875000001 0.5626301052631578 0.8647346590909091 0.532292798245614 0.8810237741477273 0.5140759274322169 0.8734716107954547 0.5026498867623604 0.9003321775568182 0.4845149258373206 0.9126787755681818 0.47180217464114826 0.9306875227272727 0.4659051650717704 0.9270322883522727 0.4641792631578947 0.9081280681818182 0.45858849521531103 0.8960330951704545 0.45375859888357256 0.8962034786931817 0.4440631969696969 0.9086035610795455 0.4446662073365232 0.9584534914772728 0.4212265502392344 0.9729773877840909 0.401784706539075 0.9991841775568182 0.4005306068580542 1 0.638417860446571 1
0 0.33007572169059013 0.9259704914772727 0.3160916961722488 0.9457801150568182 0.300958649122807 0.9418653551136363 0.2633913197767145 0.9136893366477273 0.2506987424242424 0.9089860752840909 0.24252981897926634 0.9125521676136364 0.23596928149920257 0.9271830340909091 0.23705182854864434 0.9416613451704545 0.2292006706539075 0.9630574758522727 0.2501977735247209 0.9684892045454546 0.24982631658692184 0.9662633721590909 0.25682604545454546 0.9616849076704544 0.2662306379585327 0.9683772556818181 0.3053090103668262 0.9770665909090909 0.32700794258373206 0.9883591818181817 0.3513889625199362 0.994666294034091 0.35172422408293463 0.994043109375 0.35011583732057416 0.9829783352272727 0.33881205023923444 0.9843136463068182 0.3267984322169059 0.9719769758522727 0.34429003907496014 0.9552044673295454 0.35507272567783094 0.9239179914772727 0.35827880223285485 0.9020301420454545 0.3516719625199362 0.8847029275568182 0.3457239114832536 0.8824543167613637 0.33867314114832536 0.8884394048295454 0.33253636283891547 0.9024699786931819 0.33007572169059013 0.9259704914772727
0 0.38215437958532694 1 0.38495662599681024 0.9976705852272727 0.39959944019138754 0.9929395653409091 0.41966920334928226 0.9605059914772728 0.4271639043062201 0.9312086022727274 0.4385697727272727 0.9270600454545455 0.4369613867623604 0.9159952727272728 0.432182528708134 0.9147590326704546 0.42808263317384365 0.9058893863636364 0.4334383700159489 0.9023054644886362 0.4370634673046252 0.9131820269886363 0.4401828971291866 0.9047601150568181 0.43677739553429024 0.8989097542613635 0.41617109728867624 0.8907394701704546 0.4134955972886762 0.8758490795454545 0.40996784370015954 0.8955239744318182 0.40683298006379587 0.8932931917613637 0.4094669138755981 0.8428607982954546 0.4153995311004785 0.834456715909091 0.414725307814992 0.8087254204545455 0.4213523197767145 0.8033406235795454 0.41549091547049444 0.7876260738636364 0.4176453133971292 0.7725652982954546 0.4155110877192982 0.7649140625 0.408715519138756 0.7638660355113637 0.40620857575757574 0.7554084673295454 0.40107243540669857 0.7640185894886364 0.40808759888357254 0.7700928181818182 0.40672967703349283 0.7853596335227273 0.39771323684210524 0.7901263096590909 0.39608467862838914 0.8017735454545455 0.3893448899521531 0.7659541917613637 0.37492167145135563 0.7757114119318181 0.37591757256778313 0.8036556633522728 0.38398441547049444 0.8029028167613635 0.38755847129186605 0.8151860014204545 0.39264357177033493 0.807982502840909 0.40093001036682613 0.8122558565340909 0.3967945079744816 0.8154455255681818 0.39436947288676233 0.8268867230113636 0.3808293787878788 0.8233840440340909 0.38161042025518344 0.8129373906249999 0.3757134098883572 0.80928215625 0.3719506259968102 0.81327815625 0.3756778038277512 0.821341471590909 0.36888223684210525 0.8202934446022727 0.3712051897926635 0.8116654943181818 0.36774864832535886 0.8072217556818182 0.3639858644338118 0.8112177585227273 0.366967606060606 0.8176684090909091 0.3617139505582137 0.8184390852272727 0.36052932216905903 0.8067740198863637 0.34783674481658694 0.8020707585227274 0.335598793460925 0.8180725894886364 0.3309528859649123 0.8353284914772726 0.3297991259968102 0.8449688139204544 0.3345578110047847 0.8689170625 0.35294323763955343 0.8829020525568182 0.3591773596491228 0.899422934659091 0.3585138333333333 0.9177090355113637 0.34662842743221695 0.9572292116477272 0.34909976475279103 0.97774609375 0.35392966188197766 0.9775757102272727 0.3551981148325359 0.9956516803977272 0.372007149122807 1 0.38215437958532694 1
0 0.4689925055821371 0.7865581875 0.4419431850079745 0.8008582159090909 0.4288066762360446 0.8194672542613636 0.4322121770334928 0.8253176164772728 0.44222925518341305 0.8151304872159091 0.4800719593301435 0.8135613792613636 0.4866324960127592 0.798930512784091 0.4790250175438596 0.7870237499999999 0.4689925055821371 0.7865581875
0 0.11775111084529506 0.1859779446022727 0.11883365789473684 0.20045625568181819 0.1256802663476874 0.20009766051136363 0.11897134529505582 0.1855836931818182 0.12427604226475278 0.18340639488636362 0.12886617145135565 0.20092181960227273 0.12830472488038278 0.2163946747159091 0.13501364593301435 0.23090864204545455 0.11947227511961722 0.23824686789772728 0.11885978867623605 0.25512634517045457 0.11043566267942584 0.2657255553977273 0.11809418102073366 0.27622569318181817 0.11504122567783094 0.2938936747159091 0.1109567639553429 0.29567672017045454 0.11568458054226476 0.29831958380681817 0.11700215869218501 0.32847678835227273 0.12296564354066986 0.34137809375 0.1203210119617225 0.34779308948863635 0.12479362679425837 0.3574690681818182 0.11975956698564592 0.36326594460227274 0.13001167623604465 0.3687577102272728 0.12853623923444976 0.376185078125 0.11770724960127592 0.37551347159090914 0.12138338755980861 0.38498341051136364 0.11672204625199363 0.39158661931818184 0.11453677990430622 0.38534200710227273 0.10365674960127592 0.38607702414772727 0.10823144497607655 0.39293975710227275 0.1085175159489633 0.40721202840909093 0.11165238038277513 0.4094428110795455 0.10497432775119618 0.4162342301136364 0.10620999681020733 0.42649267329545454 0.11296995773524719 0.43960001704545454 0.11194914752791069 0.46773248011363633 0.11508401196172248 0.4699632627840909 0.11750904704944179 0.45852206676136364 0.12657178947368422 0.4857134701704545 0.12355444098883571 0.4913221335227273 0.1168099138755981 0.48886748295454546 0.11974061562998405 0.4967247585227273 0.1183826937799043 0.5119915724431818 0.11095920653907496 0.5171703295454546 0.11060192185007973 0.5270166917613636 0.12481624003189792 0.5562506661931818 0.11420684768740032 0.560605262784091 0.1171375494417863 0.5684625383522728 0.11289996650717704 0.5744654545454545 0.116152346092504 0.5845356846590909 0.12979452153110047 0.5852251164772727 0.13508378309409888 0.572395125 0.14462132535885167 0.5975796150568182 0.153127360446571 0.6068791704545454 0.15460279744816585 0.5994518025568182 0.14763867384370014 0.5919709502840909 0.15057411483253588 0.5664635227272727 0.1614185374800638 0.5777878196022728 0.16645259728867626 0.5719909446022727 0.17017977511961724 0.5800542613636364 0.1742131961722488 0.5796778366477272 0.18878479824561403 0.5990654502840909 0.19744395454545455 0.6041451349431818 0.2010690518341308 0.6150216974431818 0.2053066355661882 0.6090187826704545 0.21291411323763956 0.6209255440340908 0.22208367464114834 0.6119389985795455 0.23642024561403507 0.6156477173295455 0.24160742663476872 0.6056309715909091 0.22657646092503989 0.5989029659090909 0.22164448245614035 0.6018865951704545 0.21346012440191386 0.5947999957386364 0.2192396196172249 0.5906157826704546 0.21827458771929825 0.5839769190340909 0.2046834529505582 0.5818808622159092 0.19968499920255184 0.575618421875 0.20497426076555025 0.5627884303977273 0.20309523763955345 0.5481040795454546 0.2083845 0.5352740880681819 0.2051321212121212 0.525203856534091 0.19477793062200957 0.5225253380681818 0.19337370653907496 0.5058340710227273 0.20132303349282296 0.4972417769886363 0.22154118022328548 0.4939530383522727 0.23118554066985647 0.48295957812499996 0.230220509569378 0.4763207144886364 0.25033657496012757 0.4758452201704545 0.2680477783094099 0.46409891335227277 0.27733959330143537 0.42958711079545453 0.27890167703349283 0.4086938025568182 0.2741584258373206 0.3953982471590909 0.2693285295055821 0.3955686306818182 0.2647847025518341 0.4100112855113636 0.25950017862838914 0.3894765738636364 0.2642125606060606 0.3814667428977273 0.270262692185008 0.38090210795454543 0.26780678947368425 0.37103791761363636 0.27968745693779906 0.3648824460227273 0.2780125956937799 0.34457160227272726 0.28724863237639553 0.3448311278409091 0.29280853110047844 0.3356207130681818 0.2842668899521531 0.3383804744318182 0.27974323524720895 0.3301111193181818 0.27162535247208935 0.33227058948863636 0.27182951355661883 0.3266440965909091 0.2770831698564593 0.32587342187499996 0.27383079106858055 0.3158031917613636 0.26757649681020734 0.3219943196022727 0.26708626315789474 0.3133485397727273 0.2741726403508772 0.2953041363636364 0.2680049928229665 0.2880293238636364 0.26651885885167464 0.2514392940340909 0.26404278389154706 0.26428711363636365 0.2571451355661882 0.2660523323863636 0.2510997408293461 0.23325226420454548 0.2376106866028708 0.22834296164772727 0.2347820653907496 0.2176724403409091 0.2317647169059011 0.22328110369318183 0.23559397607655502 0.22853117329545453 0.23118783732057413 0.22810126420454546 0.229952168261563 0.21784282386363635 0.2225642870813397 0.21096226278409091 0.2277514681020734 0.20094551846590908 0.22056774800637957 0.18843846448863635 0.2087226866028708 0.18253461789772726 0.1972859489633174 0.16537778977272727 0.19209876794258374 0.17539453409090908 0.17922220015948964 0.1536057528409091 0.1671065023923445 0.14408233096590908 0.14482060366826158 0.14896590482954544 0.13138259011164274 0.14264998011363636 0.125501014354067 0.1496474403409091 0.11684185725677831 0.14456775426136365 0.11446786283891547 0.15460232670454546 0.12297389792663478 0.16390188210227274 0.10797380063795853 0.17847926420454543 0.11048074481658693 0.1869368309659091 0.11775111084529506 0.1859779446022727
0 0.19525272966507176 0.5205184232954546 0.20592859728867624 0.5254098977272728 0.21762527432216905 0.502168909090909 0.21464353189792662 0.4957182556818182 0.1972385717703349 0.49902482386363634 0.19242410845295058 0.5098479005681819 0.19525272966507176 0.5205184232954546
0 0.21168791945773527 0.5439376946022727 0.20419795693779905 0.5398703806818183 0.19672342902711323 0.5464557585227273 0.19897516985645933 0.5619464431818182 0.21424590430622006 0.5509886377840909 0.21168791945773527 0.5439376946022727
0 0.19566105342902712 0.5092654375 0.20718443779904305 0.512956328125 0.2124535279106858 0.5228383480113636 0.21449041068580543 0.49993812499999996 0.20206846969696968 0.4988544417613637 0.1958652153110048 0.5036389460227273 0.19566105342902712 0.5092654375
0 0.26039048086124406 0.564345578125 0.2527319625199362 0.5538454403409091 0.25181797129186606 0.5457999531250001 0.24832582296650715 0.55341553125 0.2352094864433812 0.5493125610795455 0.2524364162679426 0.6063025752840909 0.2594515797448166 0.6123768053977273 0.2500624210526316 0.6163371491477272 0.24858698484848482 0.6237645170454545 0.2584663755980861 0.6284499517045454 0.27326231100478465 0.6194990625 0.2785005326953748 0.6080756946022727 0.31007350797448163 0.6020450213068181 0.34205480781499203 0.5847613622159091 0.3501572567783094 0.5719491988636364 0.34468400398724086 0.567693671875 0.3118907950558214 0.574118596590909 0.29560398724082937 0.5798441605113637 0.29216288118022327 0.5860531164772728 0.2737418476874003 0.5841274431818182 0.26526668102073364 0.5961332755681817 0.25560688676236043 0.5964740426136363 0.25130282775119617 0.5932308877840909 0.251506990430622 0.5876043963068182 0.26039048086124406 0.564345578125