0 0.303515625 0.85 0.28828125 0.8423611111111111 0.28671875 0.8270833333333333 0.289453125 0.8138888888888889 0.320703125 0.8125 0.348828125 0.8236111111111111 0.376953125 0.8013888888888889 0.38828125 0.7868055555555555 0.38671875 0.7395833333333334 0.392578125 0.7236111111111111 0.467578125 0.6986111111111111 0.483984375 0.6847222222222222 0.502734375 0.6458333333333334 0.517578125 0.6319444444444444 0.526953125 0.6375 0.535546875 0.6513888888888889 0.541796875 0.6736111111111112 0.562890625 0.6763888888888889 0.573046875 0.7291666666666666 0.584375 0.7284722222222222 0.58125 0.7201388888888889 0.58125 0.6993055555555555 0.556640625 0.6430555555555556 0.537890625 0.6416666666666667 0.526953125 0.6305555555555555 0.464453125 0.5361111111111111 0.448828125 0.5291666666666667 0.394140625 0.5263888888888889 0.303515625 0.48055555555555557 0.266015625 0.48333333333333334 0.228515625 0.475 0.233984375 0.4847222222222222 0.267578125 0.5041666666666667 0.28125 0.5645833333333333 0.286328125 0.575 0.309765625 0.5944444444444444 0.331640625 0.6291666666666667 0.359765625 0.6375 0.379296875 0.6611111111111111 0.38515625 0.6756944444444445 0.38359375 0.6951388888888889 0.375390625 0.7083333333333334 0.336328125 0.7291666666666666 0.309765625 0.7569444444444444 0.28125 0.7965277777777777 0.27734375 0.8104166666666667 0.2859375 0.8479166666666667 0.2859375 0.8645833333333334 0.291015625 0.8736111111111111 0.303125 0.8784722222222222 0.3109375 0.8645833333333334 0.303515625 0.85
0 0.6 0.7645833333333333 0.59609375 0.74375 0.588671875 0.7375 0.5859375 0.7520833333333333 0.59296875 0.7868055555555555 0.59921875 0.7743055555555556 0.6 0.7645833333333333
0 0.5703125 0.9479166666666666 0.58671875 0.9006944444444445 0.58515625 0.8784722222222222 0.59453125 0.8368055555555556 0.59296875 0.81875 0.5984375 0.8034722222222223 0.592578125 0.7888888888888889 0.5859375 0.8020833333333334 0.58671875 0.8506944444444444 0.578125 0.8631944444444445 0.57734375 0.90625 0.5734375 0.9104166666666667 0.57265625 0.9215277777777777 0.56640625 0.9284722222222223 0.56484375 0.9493055555555555 0.55234375 0.9770833333333333 0.553515625 0.9819444444444444 0.5578125 0.98125 0.57109375 0.9631944444444445 0.5703125 0.9479166666666666
0 0.21328125 0.8576388888888888 0.208203125 0.8458333333333333 0.199609375 0.85 0.1953125 0.8590277777777777 0.196875 0.8673611111111111 0.2015625 0.8701388888888889 0.208984375 0.8666666666666667 0.21328125 0.8576388888888888
0 0.256640625 0.8319444444444445 0.241796875 0.825 0.233984375 0.8402777777777778 0.2265625 0.8451388888888889 0.2296875 0.8506944444444444 0.2578125 0.8368055555555556 0.256640625 0.8319444444444445
0 0.356640625 0.8888888888888888 0.363671875 0.8819444444444444 0.3671875 0.8590277777777777 0.37265625 0.8479166666666667 0.37109375 0.8368055555555556 0.357421875 0.8222222222222222 0.350390625 0.8277777777777777 0.320703125 0.8222222222222222 0.314453125 0.8333333333333334 0.310546875 0.8263888888888888 0.305859375 0.8277777777777777 0.30390625 0.8409722222222222 0.3140625 0.8659722222222223 0.31015625 0.8826388888888889 0.318359375 0.8902777777777777 0.322265625 0.8833333333333333 0.32421875 0.8881944444444444 0.31875 0.8923611111111112 0.3234375 0.89375 0.329296875 0.8875 0.356640625 0.8888888888888888
0 0.44453125 0.7493055555555556 0.44765625 0.7534722222222222 0.447265625 0.7430555555555556 0.44453125 0.7493055555555556
0 0.409375 0.8368055555555556 0.41640625 0.8409722222222222 0.416015625 0.8347222222222223 0.409375 0.8368055555555556
0 0.384765625 0.8222222222222222 0.380859375 0.825 0.37890625 0.8368055555555556 0.38671875 0.8381944444444445 0.3890625 0.8284722222222223 0.384765625 0.8222222222222222
0 0.436328125 0.7555555555555555 0.429296875 0.7541666666666667 0.425 0.7590277777777777 0.427734375 0.7666666666666667 0.43515625 0.7659722222222223 0.43828125 0.7618055555555555 0.436328125 0.7555555555555555
0 0.419140625 0.7666666666666667 0.415625 0.7743055555555556 0.4203125 0.7826388888888889 0.41640625 0.7881944444444444 0.4234375 0.7909722222222222 0.4265625 0.7756944444444445 0.419140625 0.7666666666666667
0 0.405859375 0.8347222222222223 0.4 0.8395833333333333 0.396875 0.8576388888888888 0.398828125 0.8652777777777778 0.4015625 0.8645833333333334 0.4078125 0.8381944444444445 0.405859375 0.8347222222222223
0 0.423828125 0.8041666666666667 0.435546875 0.8055555555555556 0.43828125 0.7951388888888888 0.434765625 0.7930555555555555 0.428515625 0.8013888888888889 0.413671875 0.8013888888888889 0.4125 0.8201388888888889 0.4171875 0.8256944444444444 0.41875 0.8131944444444444 0.423828125 0.8041666666666667
0 0.38359375 0.39791666666666664 0.384765625 0.3902777777777778 0.397265625 0.37916666666666665 0.40546875 0.36319444444444443 0.403125 0.34652777777777777 0.396484375 0.3347222222222222 0.376953125 0.3347222222222222 0.361328125 0.3486111111111111 0.346875 0.3770833333333333 0.3375 0.41180555555555554 0.345703125 0.4236111111111111 0.361328125 0.42777777777777776 0.371484375 0.4097222222222222 0.380078125 0.40694444444444444 0.398828125 0.4222222222222222 0.416796875 0.45416666666666666 0.42578125 0.46041666666666664 0.404296875 0.41805555555555557 0.38359375 0.39791666666666664
0 0.515625 0.39375 0.508203125 0.38055555555555554 0.48828125 0.3659722222222222 0.48828125 0.33819444444444446 0.48046875 0.3284722222222222 0.486328125 0.3194444444444444 0.515234375 0.3194444444444444 0.535546875 0.3013888888888889 0.54453125 0.27708333333333335 0.537890625 0.2569444444444444 0.527734375 0.25972222222222224 0.501171875 0.2847222222222222 0.480859375 0.29583333333333334 0.471875 0.3076388888888889 0.47421875 0.3145833333333333 0.4734375 0.3423611111111111 0.48203125 0.36180555555555555 0.48671875 0.3840277777777778 0.48671875 0.41180555555555554 0.51015625 0.4215277777777778 0.51640625 0.41041666666666665 0.515625 0.39375
0 0.31484375 0.3368055555555556 0.320703125 0.3263888888888889 0.341796875 0.33194444444444443 0.344921875 0.32222222222222224 0.359765625 0.31527777777777777 0.384765625 0.31527777777777777 0.407421875 0.30694444444444446 0.423046875 0.3125 0.426953125 0.30833333333333335 0.451953125 0.30972222222222223 0.45703125 0.30486111111111114 0.451171875 0.29305555555555557 0.434765625 0.2861111111111111 0.413671875 0.29444444444444445 0.384765625 0.28888888888888886 0.339453125 0.3125 0.324609375 0.2861111111111111 0.307421875 0.28055555555555556 0.2984375 0.2965277777777778 0.28984375 0.3284722222222222 0.307421875 0.35555555555555557 0.315234375 0.3541666666666667 0.321484375 0.3638888888888889 0.32578125 0.36319444444444443 0.3234375 0.3506944444444444 0.31484375 0.3368055555555556
0 0.80859375 0.42430555555555555 0.8109375 0.4048611111111111 0.800390625 0.37916666666666665 0.787109375 0.375 0.77421875 0.3854166666666667 0.7703125 0.39791666666666664 0.7703125 0.41458333333333336 0.781640625 0.43472222222222223 0.79296875 0.4395833333333333 0.801171875 0.4361111111111111 0.80859375 0.42430555555555555
0 0.620703125 0.18333333333333332 0.66640625 0.1673611111111111 0.657421875 0.1625 0.65625 0.15069444444444444 0.65078125 0.14652777777777778 0.65078125 0.10347222222222222 0.64609375 0.08402777777777778 0.653125 0.07708333333333334 0.64921875 0.06319444444444444 0.653125 0.049305555555555554 0.634375 0.035416666666666666 0.635546875 0.027777777777777776 0.643359375 0.027777777777777776 0.651171875 0.011111111111111112 0.656640625 0.011111111111111112 0.655859375 0.002777777777777778 0.398828125 0 0.3953125 0.007638888888888889 0.416796875 0.027777777777777776 0.434765625 0.058333333333333334 0.45703125 0.07847222222222222 0.4546875 0.12708333333333333 0.463671875 0.14166666666666666 0.468359375 0.14305555555555555 0.47421875 0.1326388888888889 0.4765625 0.11458333333333333 0.482421875 0.1125 0.494140625 0.13333333333333333 0.511328125 0.15 0.521484375 0.17916666666666667 0.539453125 0.1763888888888889 0.568359375 0.2 0.575 0.20069444444444445 0.611328125 0.18055555555555555 0.620703125 0.18333333333333332
0 0.36875 0.08958333333333333 0.359375 0.05625 0.34296875 0.035416666666666666 0.355078125 0.02638888888888889 0.366015625 0.030555555555555555 0.36796875 0.02013888888888889 0.365234375 0.013888888888888888 0.322265625 0.025 0.283984375 0.02361111111111111 0.274609375 0.027777777777777776 0.26796875 0.021527777777777778 0.2703125 0.010416666666666666 0.266015625 0 0.2421875 0.0006944444444444445 0.2546875 0.04236111111111111 0.253125 0.05625 0.258984375 0.07222222222222222 0.266796875 0.07777777777777778 0.279296875 0.0763888888888889 0.316796875 0.058333333333333334 0.331640625 0.058333333333333334 0.34453125 0.08125 0.34609375 0.10486111111111111 0.3515625 0.12013888888888889 0.358203125 0.12777777777777777 0.3640625 0.12708333333333333 0.37109375 0.11180555555555556 0.36875 0.08958333333333333
0 0.421875 0.2604166666666667 0.42421875 0.2534722222222222 0.42265625 0.23819444444444443 0.42890625 0.22430555555555556 0.42265625 0.21736111111111112 0.42421875 0.19236111111111112 0.41875 0.18263888888888888 0.41796875 0.1326388888888889 0.42109375 0.13125 0.423828125 0.15138888888888888 0.426953125 0.1375 0.447265625 0.13472222222222222 0.45078125 0.12986111111111112 0.448046875 0.12083333333333333 0.444140625 0.13055555555555556 0.4390625 0.12569444444444444 0.443359375 0.11805555555555555 0.448046875 0.11805555555555555 0.45 0.1076388888888889 0.4390625 0.10069444444444445 0.4328125 0.07013888888888889 0.414453125 0.03333333333333333 0.400390625 0.025 0.383203125 0.005555555555555556 0.373046875 0.004166666666666667 0.36953125 0.03680555555555556 0.36484375 0.035416666666666666 0.36171875 0.05486111111111111 0.371875 0.09652777777777778 0.371875 0.11458333333333333 0.365234375 0.12916666666666668 0.346875 0.13819444444444445 0.34140625 0.16041666666666668 0.3421875 0.1701388888888889 0.34609375 0.18819444444444444 0.357421875 0.20694444444444443 0.369921875 0.20555555555555555 0.371484375 0.19444444444444445 0.3765625 0.19652777777777777 0.3734375 0.20208333333333334 0.376953125 0.20694444444444443 0.38046875 0.20347222222222222 0.378515625 0.19444444444444445 0.38515625 0.1951388888888889 0.38125 0.20208333333333334 0.384765625 0.20694444444444443 0.390625 0.2048611111111111 0.390234375 0.19444444444444445 0.403515625 0.19444444444444445 0.40546875 0.20625 0.409375 0.21041666666666667 0.401171875 0.2125 0.396484375 0.20416666666666666 0.392578125 0.2152777777777778 0.384765625 0.2125 0.3828125 0.23958333333333334 0.396484375 0.25277777777777777 0.404296875 0.21944444444444444 0.40546875 0.23125 0.4140625 0.23819444444444443 0.41484375 0.2534722222222222 0.4078125 0.25763888888888886 0.4125 0.2673611111111111 0.415234375 0.25972222222222224 0.421875 0.2604166666666667
0 0.486328125 0.22916666666666666 0.449609375 0.21805555555555556 0.440234375 0.20555555555555555 0.43671875 0.21041666666666667 0.448828125 0.23194444444444445 0.474609375 0.25277777777777777 0.484375 0.2548611111111111 0.4921875 0.24513888888888888 0.486328125 0.22916666666666666
0 0.183984375 0.7805555555555556 0.188671875 0.7916666666666666 0.200390625 0.7777777777777778 0.212109375 0.775 0.21953125 0.7645833333333333 0.21484375 0.7534722222222222 0.222265625 0.7486111111111111 0.223828125 0.7388888888888889 0.228125 0.7395833333333334 0.22421875 0.74375 0.226953125 0.75 0.230078125 0.7402777777777778 0.243359375 0.7388888888888889 0.250390625 0.7083333333333334 0.25703125 0.7118055555555556 0.258984375 0.725 0.26171875 0.6895833333333333 0.26796875 0.6840277777777778 0.26171875 0.6645833333333333 0.2625 0.65625 0.268359375 0.6638888888888889 0.271875 0.6548611111111111 0.266796875 0.6527777777777778 0.266796875 0.6472222222222223 0.274609375 0.6513888888888889 0.279296875 0.6444444444444445 0.2875 0.6493055555555556 0.282421875 0.6388888888888888 0.2734375 0.6368055555555555 0.27578125 0.6173611111111111 0.264453125 0.6083333333333333 0.2671875 0.5993055555555555 0.261328125 0.5972222222222222 0.25703125 0.5881944444444445 0.262890625 0.5694444444444444 0.266796875 0.5847222222222223 0.271484375 0.5861111111111111 0.2765625 0.5743055555555555 0.27578125 0.5534722222222223 0.26796875 0.5173611111111112 0.251171875 0.5013888888888889 0.231640625 0.49583333333333335 0.2328125 0.4895833333333333 0.223828125 0.47638888888888886 0.204296875 0.46805555555555556 0.196875 0.4576388888888889 0.198828125 0.44166666666666665 0.208984375 0.44166666666666665 0.2125 0.4326388888888889 0.2078125 0.41875 0.21015625 0.4048611111111111 0.20546875 0.3909722222222222 0.210546875 0.3861111111111111 0.223828125 0.3875 0.225 0.38125 0.21953125 0.37569444444444444 0.227734375 0.37083333333333335 0.232421875 0.375 0.247265625 0.37222222222222223 0.242578125 0.3611111111111111 0.228515625 0.3611111111111111 0.219921875 0.35 0.212109375 0.3597222222222222 0.208203125 0.3527777777777778 0.204296875 0.3625 0.195703125 0.36527777777777776 0.180859375 0.38055555555555554 0.176953125 0.37916666666666665 0.173046875 0.3861111111111111 0.168359375 0.37916666666666665 0.157421875 0.3875 0.15546875 0.36180555555555555 0.1625 0.35625 0.161328125 0.3486111111111111 0.152734375 0.35555555555555557 0.142578125 0.37777777777777777 0.137890625 0.3638888888888889 0.124609375 0.3611111111111111 0.12109375 0.3701388888888889 0.125 0.3770833333333333 0.121875 0.3840277777777778 0.13203125 0.3909722222222222 0.1171875 0.41597222222222224 0.1171875 0.42569444444444443 0.12421875 0.4326388888888889 0.125 0.4479166666666667 0.121875 0.4548611111111111 0.128515625 0.45416666666666666 0.13125 0.46041666666666664 0.121484375 0.4847222222222222 0.11953125 0.47291666666666665 0.11640625 0.47430555555555554 0.11640625 0.5020833333333333 0.109375 0.5131944444444444 0.1078125 0.5229166666666667 0.1140625 0.53125 0.1109375 0.5326388888888889 0.11015625 0.5465277777777777 0.10546875 0.5520833333333334 0.116015625 0.5555555555555556 0.118359375 0.55 0.12265625 0.5576388888888889 0.11875 0.5659722222222222 0.129296875 0.5680555555555555 0.13046875 0.5756944444444444 0.1203125 0.5784722222222223 0.125 0.5854166666666667 0.1203125 0.59375 0.12265625 0.6006944444444444 0.11640625 0.6118055555555556 0.1140625 0.6409722222222223 0.109375 0.6423611111111112 0.11328125 0.6451388888888889 0.115625 0.6631944444444444 0.1078125 0.6715277777777777 0.115625 0.6840277777777778 0.115625 0.7006944444444444 0.13046875 0.7118055555555556 0.1234375 0.7243055555555555 0.1234375 0.7395833333333334 0.118359375 0.7555555555555555 0.11328125 0.7520833333333333 0.1203125 0.7395833333333334 0.113671875 0.7375 0.112109375 0.7513888888888889 0.105078125 0.7486111111111111 0.10234375 0.75625 0.11640625 0.7743055555555556 0.1078125 0.78125 0.109765625 0.7916666666666666 0.118359375 0.7888888888888889 0.123828125 0.7972222222222223 0.137109375 0.7944444444444444 0.15859375 0.8048611111111111 0.170703125 0.7986111111111112 0.183984375 0.7805555555555556
0 0.209765625 0.44166666666666665 0.19921875 0.44375 0.19609375 0.4534722222222222 0.200390625 0.4652777777777778 0.2171875 0.47291666666666665 0.2203125 0.4673611111111111 0.209765625 0.44166666666666665
0 0.21875 0.41875 0.204296875 0.4041666666666667 0.2015625 0.41875 0.20859375 0.4270833333333333 0.216015625 0.425 0.21875 0.41875
0 0.210546875 0.45416666666666666 0.19921875 0.4548611111111111 0.19921875 0.46041666666666664 0.205078125 0.4666666666666667 0.2171875 0.46875 0.216015625 0.44583333333333336 0.210546875 0.45416666666666666
0 0.344140625 0.41805555555555557 0.313671875 0.39305555555555555 0.283203125 0.37916666666666665 0.278515625 0.36666666666666664 0.264453125 0.3541666666666667 0.2546875 0.35625 0.255859375 0.3638888888888889 0.26484375 0.3701388888888889 0.2578125 0.37430555555555556 0.2390625 0.42569444444444443 0.251953125 0.425 0.255078125 0.43333333333333335 0.25625 0.42569444444444443 0.2640625 0.4173611111111111 0.25625 0.3923611111111111 0.25625 0.38680555555555557 0.260546875 0.38472222222222224 0.269921875 0.3875 0.277734375 0.4013888888888889 0.295703125 0.4041666666666667 0.298828125 0.4111111111111111 0.314453125 0.42083333333333334 0.34609375 0.4354166666666667 0.3515625 0.4326388888888889 0.344140625 0.41805555555555557
0 0.126171875 0.9777777777777777 0.119140625 0.9708333333333333 0.1109375 0.9770833333333333 0.11015625 0.9840277777777777 0.117578125 0.9958333333333333 0.12578125 0.9979166666666667 0.128125 0.9854166666666667 0.126171875 0.9777777777777777