0 0.4012168306451613 0.2634364011461318 0.40164080241935485 0.2836413653295129 0.39473937822580646 0.29797027077363897 0.37325220967741934 0.31999114326647565 0.34386873467741935 0.32527259598853864 0.3193006185483871 0.3584594842406877 0.2940556 0.3757317679083095 0.2882092612903226 0.3858619627507164 0.27050404758064517 0.44646834383954154 0.23483100080645164 0.4625492277936962 0.22862573951612905 0.4719185386819484 0.26763508548387094 0.4677368409742121 0.30596995161290325 0.47499609742120347 0.40180227258064516 0.4384331203438395 0.4581218096774194 0.44198811604584526 0.47458647903225804 0.43667044412607453 0.5444920346774194 0.34675402865329513 0.5563966975806451 0.33659612177650433 0.5757327508064516 0.33736551146131805 0.6044152185483871 0.28233253438395417 0.6056798677419355 0.26088074641833814 0.6093943516129032 0.2526666146131805 0.5978052451612903 0.25062268481375355 0.5841734387096774 0.30377581805157594 0.5623466080645161 0.3041616088825215 0.5545804 0.3263103467048711 0.5449135846774193 0.33960343266475645 0.5349504733870968 0.3442241547277937 0.5205526096774193 0.32818168338108883 0.5036615467741935 0.285938835243553 0.48765937177419355 0.2697130716332378 0.41216997903225805 0.235172888252149 0.4071233741935484 0.21803916905444126 0.41159422500000004 0.16959840544412608 0.40084821935483866 0.15325328223495702 0.3733195645161291 0.12707211031518623 0.34376747016129033 0.13521380085959886 0.3117655419354839 0.13011783381088826 0.30975894032258067 0.11621093839541546 0.3122906629032258 0.10066291977077364 0.3283964088709677 0.09458436389684814 0.33690214516129036 0.08043874928366762 0.329723685483871 0.06522109598853867 0.31699518306451613 0.06880599570200573 0.31123315483870967 0.07750607020057307 0.31022143467741936 0.09466750286532952 0.2991213491935484 0.13227261604584525 0.30228902903225807 0.14703204011461318 0.3291648870967742 0.19113552722063037 0.35475199032258065 0.22285388395415473 0.3935951379032258 0.2488879842406877 0.4012168306451613 0.2634364011461318
0 0.6223541008064516 0.23830999570200573 0.6276295306451614 0.21731643696275071 0.6274175443548387 0.20721395558739256 0.6217590862903226 0.19360971203438396 0.6124319330645162 0.22853787822349572 0.6143542249999999 0.243874893982808 0.6223541008064516 0.23830999570200573
0 0.5942232588709678 0 0.6027457411290322 0.022986491404011464 0.6030854032258065 0.04462157306590258 0.6090811008064516 0.05250533810888253 0.6092087766129033 0.06403793982808023 0.6129666266129032 0.06878652865329513 0.6111551733870968 0.11321187249283668 0.6192200983870968 0.12709105444126076 0.6154670927419356 0.17705358452722064 0.6214844741935485 0.19141871060171922 0.6283858983870968 0.17708980372492836 0.6236982161290323 0.16071696848137534 0.626398558064516 0.1423087106017192 0.6193019862903226 0.09830537679083094 0.6222552588709678 0.07560675931232091 0.6082765225806451 0.02505813323782235 0.6100060887096774 0.009418467048710601 0.6041442451612903 0 0.5942232588709678 0
0 0.2178458233870968 0.0725955888252149 0.22170966612903226 0.08239541833810889 0.23028045161290323 0.08769388395415473 0.2362111 0.07613357020057307 0.2323472572580645 0.06633374068767908 0.22493755080645164 0.06188780372492837 0.2199559943548387 0.06419816475644699 0.2178458233870968 0.0725955888252149
0 0.2635085080645161 0.11308646131805157 0.27917102096774193 0.10767714326647565 0.2806693403225807 0.10280919484240687 0.2526348258064516 0.08520873782234957 0.2490889612903226 0.09056263037249283 0.25641435887096775 0.09643868624641835 0.2635085080645161 0.11308646131805157
0 0.3341825427419355 0.11972120916905445 0.3386148725806452 0.11302884240687679 0.344357639516129 0.12520296561604585 0.3751768064516129 0.1229650458452722 0.3820589701612903 0.12951033810888252 0.3969819540322581 0.11609789398280804 0.3992607459677419 0.10484023209169055 0.39432013387096776 0.09275775501432665 0.39210154758064514 0.0687483782234957 0.3853036935483871 0.060772965616045845 0.35714392500000003 0.05899546848137536 0.3515071508064516 0.05187258309455587 0.3466099048387097 0.05275282664756446 0.35197206612903226 0.05768470773638968 0.34967159193548386 0.0624610100286533 0.3460823612903226 0.05485218194842407 0.3371960193548387 0.06175555300859599 0.34019507822580647 0.07937521633237822 0.32824947177419356 0.10392596131805158 0.32945391612903224 0.11774121060171919 0.3341825427419355 0.11972120916905445
0 0.4705346387096774 0.2108863810888252 0.46707308548387094 0.21481015329512895 0.4695012354838709 0.22156645128939828 0.4705346387096774 0.2108863810888252
0 0.44375992983870965 0.11712301575931232 0.43628759596774197 0.120588558739255 0.4429794564516129 0.1235127306590258 0.44375992983870965 0.11712301575931232
0 0.4149256806451613 0.12678647277936964 0.4131093830645161 0.11650069914040115 0.4050035137096774 0.11701435673352437 0.4062922693548387 0.12939948567335244 0.41013442903225805 0.13271795558739255 0.4149256806451613 0.12678647277936964
0 0.45172612903225806 0.20801763610315188 0.45902984193548385 0.2074123323782235 0.46141462741935485 0.20120590974212033 0.45845893306451607 0.19654896848137537 0.4508806064516129 0.19496326934097422 0.4476093556451613 0.20250816332378221 0.45172612903225806 0.20801763610315188
0 0.4389108943548387 0.18567709598853868 0.44205689112903224 0.19395516045845274 0.45022538790322586 0.18553002435530086 0.4479441733870968 0.16943212750716333 0.44055615 0.17146755014326648 0.4442296903225807 0.17764625787965616 0.4389108943548387 0.18567709598853868
0 0.42683034435483874 0.11662856446991404 0.4325514290322581 0.12232132951289397 0.43476759354838707 0.1189751475644699 0.42995223629032253 0.09106971060171919 0.4271868451612903 0.09003388968481375 0.4247177508064516 0.09767042979942693 0.42683034435483874 0.11662856446991404
0 0.4436346758064516 0.13294597564469915 0.4384845 0.13811657449856732 0.4385495491935483 0.1575606547277937 0.4537905129032258 0.15930193266475645 0.4597019 0.16861581805157594 0.46343806693548384 0.16688304727793696 0.4612628459677419 0.15583639111747852 0.44914619677419354 0.1558918166189112 0.44448019838709674 0.1460003424068768 0.4436346758064516 0.13294597564469915
0 0.35732004354838715 0.6176392507163323 0.3725200629032258 0.6337733681948424 0.39257396129032257 0.6360645214899713 0.4001089225806452 0.6246875014326648 0.4035271096774194 0.6078010085959886 0.3960740379032258 0.5903923510028654 0.38391402258064516 0.5774850573065903 0.3831744927419355 0.5694819326647564 0.4056541209677419 0.5511738266475645 0.4302848637096774 0.5100754598853868 0.42068067580645163 0.5154570644699141 0.40029195887096775 0.5462419455587393 0.3801128056451613 0.5597737478510029 0.37145771048387094 0.5559054025787966 0.3621257129032258 0.5361224498567335 0.345829664516129 0.5385798839541548 0.33669039112903226 0.5497736131805158 0.3442085129032258 0.5866263495702005 0.35732004354838715 0.6176392507163323
0 0.5227834241935484 0.7286875286532951 0.5330428306451613 0.7327391676217765 0.5410836516129032 0.7127814312320917 0.5333342830645161 0.6867004097421203 0.5135742572580645 0.6657260587392549 0.4838944879032258 0.6623351475644699 0.4784263330645161 0.6523520272206305 0.4870380620967742 0.6432576532951289 0.4887242620967742 0.6146552679083095 0.5100644935483871 0.6019759942693409 0.5184859201612904 0.5892604985673353 0.5202997959677419 0.5721907134670488 0.5145570282258064 0.5600165888252149 0.48990217983870965 0.5672780386819485 0.48821597983870973 0.5958804240687678 0.48205408387096776 0.6182124570200573 0.47205002903225807 0.637226017191977 0.47116598548387095 0.6659200501432664 0.46833796693548385 0.6727957077363896 0.4768461258064516 0.686005653295129 0.4970277008064516 0.6998294097421204 0.5227834241935484 0.7286875286532951
0 0.3777593927419355 0.6818837664756446 0.40777640322580644 0.6795541991404012 0.4289287548387097 0.6906093624641834 0.44619557903225804 0.685383335243553 0.4529283838709678 0.6739146676217765 0.4480094556451613 0.6683135515759313 0.42225615483870965 0.6668109914040115 0.4184983040322581 0.6620624025787966 0.40211794516129035 0.6659499555873926 0.3793612830645161 0.6547115 0.35369229193548385 0.6517788209169054 0.33887287903225805 0.642886946991404 0.336254425 0.6325095272206304 0.3142589733870968 0.6357555573065903 0.30887512903225806 0.6243423151862464 0.3185419443548387 0.6110492292263611 0.3217072024193548 0.5984530945558739 0.31733749919354837 0.5972339799426934 0.3103300814516129 0.6065116461318051 0.3023928322580645 0.604165064469914 0.28270027822580646 0.6299903524355301 0.289584864516129 0.6638912048710601 0.29784009274193546 0.6813915071633238 0.31582476370967744 0.6776872464183381 0.3326676177419355 0.6522562578796562 0.3777593927419355 0.6818837664756446
0 0.8142453774193549 0.5791385501432664 0.806033514516129 0.5746009670487107 0.7941071685483871 0.5782775128939828 0.7812534129032258 0.5976853739255015 0.7802416927419354 0.6148468065902579 0.783493683064516 0.6281761103151863 0.7960969306451613 0.6404141676217765 0.8099865120967742 0.6376817951289399 0.8223753524193549 0.6124618123209169 0.8211492241935484 0.5921652034383954 0.8142453774193549 0.5791385501432664
0 0.6595594919354839 0.8400576633237822 0.6136029330645161 0.818249988538682 0.6038084419354839 0.8200104713467048 0.5677306846774194 0.795012193409742 0.5608702040322581 0.7949482607449856 0.5297571637096774 0.8158693796561604 0.5114761967741935 0.810901276504298 0.4992776588709677 0.8397423810888252 0.4806185080645161 0.8548875959885387 0.46732151854838716 0.8749646934097421 0.46143181451612897 0.8721321676217765 0.4601213758064516 0.8532656776504297 0.45473753145161294 0.8418524369627508 0.449840285483871 0.8427326790830945 0.4397302379032258 0.8566950014326647 0.43918585564516127 0.9070241146131806 0.41510191612903224 0.9251489283667622 0.3947975088709677 0.9545036891117478 0.3771354669354839 0.9683230730659026 0.4778860419354839 0.9798338123209168 0.6188320798387097 0.9740058911174786 0.6186616483870968 0.9721615014326647 0.6387564919354839 0.9600598180515759 0.6355888120967742 0.945300393982808 0.6404426919354839 0.9314574312320917 0.6336448379032258 0.9234820200573066 0.6396381137096774 0.9040102263610316 0.6422517233870968 0.8596765286532951 0.6481197451612903 0.8560276934097422 0.6500396137096774 0.8440091489971346 0.6595594919354839 0.8400576633237822
0 0.3529721403225806 0.8626201690544413 0.34668014596774194 0.8460640401146131 0.3407061322580645 0.8446616332378223 0.3334241008064516 0.8517482965616046 0.3268815991935484 0.8668380873925502 0.3238440177419355 0.8909668223495703 0.30921732983870964 0.9130516275071633 0.2939763661290322 0.9113103510028653 0.256568910483871 0.8883197808022922 0.243818725 0.8854233223495702 0.235459925 0.8902273381088825 0.22847419112903225 0.9059863638968481 0.22923540322580643 0.9204708481375358 0.21822468306451615 0.950167535816619 0.24301464435483872 0.9529997865329513 0.24160740483870968 0.9434806232091691 0.2488051241935484 0.9378240787965617 0.2581780669354839 0.9432141919770775 0.2975680185483871 0.9462747363896848 0.34101211612903226 0.9627562320916906 0.3441990564516129 0.9566414570200573 0.3428259927419355 0.945686446991404 0.33134287903225806 0.9486937578796563 0.3194574758064516 0.9379774656160458 0.3375674016129032 0.9184502478510028 0.3492167120967742 0.8852271389684814 0.3529721403225806 0.8626201690544413
0 0.43257346129032254 0.8479587048710602 0.4118860258064516 0.8427156647564471 0.40952050241935484 0.828047888252149 0.40549046129032257 0.8484638567335243 0.4023661475806452 0.8466671518624641 0.4062034637096774 0.7952745014326646 0.412408725 0.7859051919770773 0.4123219927419355 0.7599797521489972 0.41916079032258063 0.7535623237822349 0.4135866427419355 0.7385279613180517 0.4161183637096774 0.7229799412607449 0.414133445967742 0.7155544068767908 0.40727296532258067 0.7154904742120344 0.40492912419354843 0.7073040558739255 0.3995260193548387 0.7167650128939829 0.40649249274193544 0.7218801876790831 0.4047629266129032 0.7375198538681949 0.39551766129032256 0.743662340974212 0.39359779274193546 0.7556808868194842 0.3875996725806452 0.7204415616045845 0.37276099838709675 0.7324238868194842 0.3731223435483871 0.7605403280802293 0.3813125233870968 0.7585965515759313 0.38464882338709677 0.7704957363896848 0.3899676185483871 0.7624648982808023 0.39826379112903226 0.7655723624641834 0.39400008145161286 0.769404488538682 0.3912780572580645 0.7813313882521491 0.3776414056451613 0.7797734025787966 0.37867480806451614 0.7690933309455587 0.37278510403225806 0.7662608037249284 0.36888031612903227 0.7708538137535816 0.3724695467741935 0.778462641833811 0.36560906532258064 0.7783987091690545 0.36816247016129033 0.7693320501432666 0.3647635443548387 0.7653443424068768 0.3608587564516129 0.7699373524355302 0.36373014112903224 0.7760244140401146 0.3583896620967742 0.7775738925501433 0.3574598306451613 0.765949646131805 0.3447096451612903 0.7630531862464184 0.3319401991935484 0.7810309283667621 0.3268333887096774 0.7991642478510028 0.3254410637096774 0.8090834369627506 0.3297071951612903 0.8326068696275071 0.34800984516129035 0.8440563309455587 0.3539429161290322 0.859851575931232 0.35284688629032257 0.8784431260744986 0.3398895588709677 0.9201553051575931 0.34191784354838706 0.9405435601719198 0.346815089516129 0.9396633180515759 0.34802773951612903 0.9649975186246418 0.3656800467741936 0.9670142922636102 0.37778361370967745 0.9554393581661891 0.3927282814516129 0.9485082736389684 0.4138131612903226 0.9127637965616047 0.42208522903225804 0.8820343424068768 0.43373696129032263 0.8761667936962751 0.43236389758064514 0.865211782234957 0.427550960483871 0.864661905444126 0.4236028080645161 0.8562921948424069 0.4291119072580645 0.8518824770773639 0.4325325169354839 0.8623515444126074 0.4358880774193548 0.8533765300859599 0.43257346129032254 0.8479587048710602
0 0.46781526774193544 0.7296061819484241 0.44007947177419354 0.7480336475644699 0.4263392491935484 0.7687799799426934 0.4296538661290323 0.7741978051575932 0.44003852822580647 0.7624264871060171 0.47841433790322585 0.7552929040114613 0.4854000725806451 0.7395338782234957 0.4779686830645161 0.7286065816618911 0.46781526774193544 0.7296061819484241
0 0.12588218951612903 0.1736695128939828 0.12664340161290322 0.18815399856733525 0.13358819274193548 0.1867878123209169 0.12712757822580645 0.17309192263610315 0.13255236693548386 0.17011232378223495 0.13679681532258064 0.18715439684813753 0.13586940564516128 0.20288570916905443 0.14233002016129032 0.2165815988538682 0.12641457661290323 0.22628127507163326 0.12540285725806452 0.24344270630372494 0.11662250725806451 0.2553973180515759 0.12413820725806451 0.26489449713467045 0.12063570967741935 0.2832111088825215 0.11645630967741935 0.28561311604584527 0.12118493467741935 0.287593111747851 0.1218208935483871 0.3179005558739255 0.1275636612903226 0.3300746805157593 0.1247356435483871 0.33695033810888253 0.1290427185483871 0.3460809312320917 0.12380823387096775 0.35268165042979943 0.13406764112903227 0.35673329083094557 0.13240070241935484 0.3644614770773639 0.1214451314516129 0.3653694326647564 0.1249500508064516 0.3744083796561604 0.12007448870967742 0.3817699813753581 0.11800526129032259 0.37577456590257874 0.10696538064516128 0.37811263896848135 0.11144107580645161 0.38438299426934097 0.11140013225806453 0.3987758338108882 0.11452444677419354 0.40057253724928366 0.10760133870967742 0.4084200830945559 0.1086154806451613 0.4186142106017192 0.11516040403225807 0.43087997994269345 0.11347420403225807 0.45948236676217763 0.1165985177419355 0.46127907163323784 0.11932054354838709 0.4493521733524355 0.1278720677419355 0.4755248381088825 0.12468512741935484 0.4816396131805158 0.11790895645161291 0.4801455601719197 0.1206960306451613 0.4876627421203439 0.11896646451612904 0.5033024083094555 0.11132551048387097 0.5096281891117479 0.11073534112903226 0.5196390243553008 0.12445872419354839 0.5471224484240688 0.11360914677419354 0.5530816446991405 0.11639622096774192 0.5605988252148997 0.11196389112903227 0.5672911919770773 0.11502557822580646 0.5769993753581661 0.12883084919354837 0.5756971217765043 0.13448688548387097 0.561945806590258 0.14356595241935485 0.5860191160458452 0.1519681185483871 0.5941778209169054 0.1536350564516129 0.586449634670487 0.1467528935483871 0.5799043409742121 0.15031801774193548 0.5536762492836677 0.16104234112903223 0.563540011461318 0.16627682741935484 0.5569392922636103 0.16986605725806453 0.5645481203438396 0.17396114677419355 0.5635762320916906 0.18827470000000002 0.5810488223495701 0.19692979596774193 0.5849171690544412 0.2003504056451613 0.59538623495702 0.20478273548387096 0.5886938710601719 0.212214125 0.5996211676217765 0.2217123201612903 0.5891883209169054 0.23615112741935484 0.5908379527220631 0.2416385435483871 0.5799468767908309 0.22656620000000002 0.5753453581661891 0.22150033467741936 0.5790858395415472 0.2133727822580645 0.5731181375358166 0.21932511370967742 0.5680391819484241 0.21850127419354837 0.5614661776504298 0.20478031370967742 0.5613383108882521 0.19986138387096775 0.5557371934097421 0.20551742016129032 0.541985876790831 0.20395405161290323 0.5274097449856734 0.20961008790322583 0.513658429799427 0.20654840080645162 0.5039502464183381 0.19612037338709679 0.502758846704871 0.19508454838709677 0.4860833581661891 0.20333735483870968 0.4762281031518625 0.22389711370967744 0.469938541547278 0.23392285241935487 0.4574063395415473 0.23309901290322582 0.45083333381088825 0.25349015241935485 0.4474040114613181 0.27170607016129034 0.4329280329512894 0.28191968951612906 0.3966613939828081 0.2839864951612903 0.3753012492836676 0.27948911612903227 0.3625495358166189 0.27459187016129033 0.36342977793696274 0.2696536814516129 0.3787028581661891 0.2647756959677419 0.35870890257879656 0.2697355685483871 0.3499171805157593 0.2758782032258065 0.3484593481375358 0.27361867258064515 0.33884281088825213 0.28579794838709677 0.3308759054441261 0.2845718209677419 0.31057929656160455 0.29392307903225806 0.30948805014326647 0.2997694185483871 0.2993578553008596 0.2910516951612903 0.3034009871060172 0.28666030967741934 0.2957005128939828 0.2783858201612903 0.29907440974212035 0.27872306048387097 0.29335393266475646 0.28406353870967743 0.2918044541547278 0.2810018516129032 0.28209627077363897 0.27452197741935486 0.28927458022922636 0.2742256814516129 0.28060221776504296 0.2818232685483871 0.261313717765043 0.275743260483871 0.25486007020057305 0.2750856193548387 0.21807126790830944 0.2722792854838709 0.23142828510028654 0.26525018467741934 0.23422459025787967 0.2598856008064516 0.20193715042979943 0.24633325967741934 0.19894904441260744 0.24371480564516132 0.18857162464183383 0.24052786451612904 0.1946864011461318 0.24428571451612904 0.19943498853868197 0.2398317016129032 0.19964599426934096 0.23881755967741936 0.18945186676217765 0.2314921637096774 0.18357581088825217 0.23697957903225805 0.17268473352435532 0.22999142177419357 0.16108820057306592 0.2181277024193548 0.15685326790830945 0.20693846290322582 0.14117738108882522 0.20145104758064517 0.15206845845272207 0.18891042580645162 0.13191892263610316 0.17685640403225805 0.12406286819484241 0.15416479032258065 0.13226849426934098 0.14069675806451612 0.1278502693409742 0.1345758072580645 0.13578946131805156 0.1259207112903226 0.1319211146131805 0.12328299677419355 0.14241789398280802 0.1316851620967742 0.1505765988538682 0.11615032499999998 0.16751851719197708 0.11849416532258064 0.17570493553008595 0.12588218951612903 0.1736695128939828
0 0.19664791612903226 0.5006594899713467 0.2073505572580645 0.5040418925501432 0.21973939677419355 0.47882190974212036 0.21686801370967743 0.47273484813753586 0.19915795483870968 0.4786301088825215 0.19402946209677419 0.4902820702005731 0.19664791612903226 0.5006594899713467
0 0.21275608467741935 0.5219364928366762 0.2052620677419355 0.518920676217765 0.19753680483870967 0.5266765759312321 0.19945909596774195 0.5420135902578797 0.215184235483871 0.5286927922636103 0.21275608467741935 0.5219364928366762
0 0.19732239596774193 0.4892185358166189 0.20891150241935483 0.49126246561604586 0.21402073467741936 0.5004847048710602 0.21661508306451616 0.47702520487106015 0.20405520080645162 0.4777498681948424 0.19765963629032257 0.48349805873925505 0.19732239596774193 0.4892185358166189
0 0.26162497096774195 0.5354383911174785 0.25410927096774194 0.5259412148997135 0.25336974274193547 0.5179380873925501 0.24965525887096773 0.5261522206303725 0.23646184032258064 0.5239249985673353 0.25259411370967744 0.5790389197707737 0.25956058709677415 0.5841540945558739 0.2499563983870968 0.5895356991404012 0.248289460483871 0.5972638868194843 0.2581899451612903 0.6005546432664757 0.27338754193548387 0.5893332005730659 0.27895926774193547 0.5770120042979943 0.31108645 0.5662850128939828 0.3438881120967742 0.5441170687679083 0.35239384838709675 0.5299714555873926 0.3469473766129032 0.5264696919770774 0.3135748056451613 0.5377742736389685 0.29694151612903225 0.5459521848137536 0.2933113427419355 0.5527361977077364 0.274693135483871 0.5534885730659025 0.26582847661290326 0.5668733037249284 0.2560339846774194 0.568633787965616 0.2517485919354839 0.5659845544412607 0.2520858314516129 0.5602640773638968 0.26162497096774195 0.5354383911174785