0 1 0.47775677941176475 0.9674704950495049 0.46439064705882355 0.9311115594059406 0.43170305588235297 0.9332277211221122 0.40395949999999997 0.8992683630363036 0.29851284411764706 0.8921231666666666 0.30270562352941177 0.8967050346534653 0.3458855 0.9088792640264027 0.3652435 0.9188900940594059 0.4198476411764706 0.7972391270627063 0.3145533882352941 0.7968171534653465 0.2787857294117647 0.7756901765676567 0.19095181176470588 0.7415418745874587 0.11551549705882354 0.7360184405940594 0.11909639411764705 0.7375457293729373 0.1334896882352941 0.7703304917491749 0.2199191235294118 0.7875557970297029 0.31072206764705884 0.7053183448844884 0.2669019852941176 0.6576763597359736 0.2788891205882353 0.6092124719471946 0.26723511470588235 0.5489963300330033 0.27199076470588235 0.48638060726072607 0.3495054764705882 0.4414877442244225 0.38740053823529413 0.4400769686468647 0.4058962441176471 0.4023513415841584 0.4874926911764706 0.40693320957095713 0.5306725676470588 0.4404957887788779 0.5449548147058824 0.4546192788778878 0.6144737617647058 0.4636444570957096 0.62005035 0.4737969950495049 0.6521467382352941 0.5027525148514852 0.6786458617647059 0.5453402739273927 0.6985046970588236 0.6413516732673267 0.713176738235294 0.6908484471947195 0.7663557147058824 0.749864801980198 0.7979796 0.8151572161716172 0.8092721470588236 0.9182445330033003 0.7793598264705883 0.978614792079208 0.7984972735294118 1 0.7904288029411765 1 0.47775677941176475
0 0.8351064603960396 0.21044918529411766 0.848949688118812 0.22169272058823528 0.847775090759076 0.20267550588235295 0.8229101897689769 0.1431970205882353 0.8090197277227723 0.13945606470588234 0.8351064603960396 0.21044918529411766
0 0.7591009818481849 0.05050943235294118 0.7896782607260726 0.07639667647058823 0.7907363432343234 0.0625249 0.7760239801980198 0.03514280294117647 0.7608172145214521 0.034892385294117645 0.7591009818481849 0.05050943235294118
0 0.7030819240924093 0 0.7010954719471947 0.01251635294117647 0.7165132227722772 0.03065059705882353 0.7202731897689769 0.05018932647058824 0.7418252904290429 0.07049998823529412 0.7534830742574258 0.0690955 0.7574792194719472 0.05112130882352941 0.7499592887788779 0.01204384705882353 0.738145511551155 0 0.7030819240924093 0
0 0.3970217871287129 0 0.3175105231023102 0.029998976470588235 0.3081852920792079 0.07692893823529412 0.3083018069306931 0.10981793235294117 0.31342531188118816 0.11836354411764706 0.31650508415841583 0.09175337352941176 0.32628288613861384 0.08057952647058823 0.33573003630363035 0.12192376764705883 0.3494819405940594 0.044881555882352944 0.35531083498349836 0.04417931176470588 0.3614672277227723 0.09424989411764706 0.3812117739273927 0.04189185588235294 0.38821526237623766 0.0602068294117647 0.40539648184818483 0.05522144411764705 0.3937607392739274 0.10452009411764705 0.3999643679867987 0.1470880911764706 0.4067096336633663 0.15502182647058824 0.41912004290429045 0.13686689999999999 0.43839538118811877 0.056243788235294113 0.4479149603960396 0.03468869705882353 0.46382711386138614 0.025691261764705885 0.4613362161716172 0.010164576470588235 0.46516934323432346 0 0.3970217871287129 0
0 0.5686099818481848 0 0.5690998712871287 0.008426964705882353 0.5764560528052805 0.022118011764705882 0.5946008828382838 0.018266017647058826 0.6067275330033004 0 0.5686099818481848 0
0 0.296525801980198 0.03791634705882353 0.28893514686468647 0.10215529705882354 0.30201629702970295 0.4400220235294117 0.305990397689769 0.37415366470588235 0.2974438811881188 0.08696939705882353 0.30387199504950496 0.03514468529411764 0.296525801980198 0.03791634705882353
0 0.283776995049505 0.4588791882352941 0.2890894438943894 0.43741445882352936 0.28904535808580856 0.34162612647058826 0.2859907805280528 0.31283954411764703 0.2788928201320132 0.3095297382352941 0.283776995049505 0.4588791882352941
0 0.4472158613861386 0.6082853 0.44355036798679864 0.5737414000000001 0.4370633234323432 0.5761889088235294 0.44004232013201316 0.771165744117647 0.44652936468646864 0.7687182323529411 0.4502200528052805 0.7478653823529411 0.4472158613861386 0.6082853
0 0.45809267821782185 0.7823189176470587 0.4688813250825083 0.7647758735294118 0.4679429092409241 0.7082457323529412 0.4579572722772277 0.5982448382352941 0.45085931353135317 0.5949350323529411 0.45809267821782185 0.7823189176470587
0 0.3555658910891089 0.9287820558823529 0.33601028712871284 0.9511297588235295 0.32803913366336634 0.9799888117647059 0.53107150330033 0.9673518470588236 0.5739720660066007 0.9511658 0.5632205775577558 0.8908532911764707 0.5372031237623762 0.8602517529411764 0.5171310759075908 0.8618369676470587 0.5018298399339934 0.8765917205882352 0.49597575412541256 0.9326907147058824 0.4689946897689769 0.9009557882352942 0.4319303646864686 0.8775160529411765 0.40231354455445545 0.956053111764706 0.3555658910891089 0.9287820558823529
0 0.8949289768976898 0.011238214705882352 0.8987361798679868 0.023274361764705882 0.9075031353135314 0.01846970294117647 0.9020741732673269 0.007045435294117647 0.8949289768976898 0.011238214705882352
0 0.9428039900990098 0.0650290705882353 0.9503711584158416 0.09660394705882354 0.9718067442244225 0.08402561176470588 0.968446707920792 0.05236036764705882 0.9558725495049506 0.0451288794117647 0.9428039900990098 0.0650290705882353
0 0.9522731831683168 0.15426747647058822 0.9521787112211222 0.16927264705882353 0.9599348234323433 0.17083718529411765 0.9590656848184819 0.15469862647058824 0.9522731831683168 0.15426747647058822
0 0.42109134653465347 0.23492201470588236 0.41342970627062703 0.21835230588235294 0.4079062706270627 0.2219332088235294 0.4092446171617162 0.26633683823529414 0.41923340594059405 0.2730468147058823 0.4241459240924092 0.26370859705882355 0.42109134653465347 0.23492201470588236
0 0.4364177772277228 0.1647705117647059 0.4442683597359736 0.1513298794117647 0.43655948349834983 0.14226275588235296 0.4364177772277228 0.1647705117647059