0 0.38548027633711507 0.29607184870317 0.3872990542949757 0.3160067363112392 0.3813697811993517 0.33186307492795386 0.36135092949756886 0.3588283501440922 0.33226238006482983 0.3710787780979827 0.30992557050243114 0.409852083573487 0.28581241896272286 0.4330053674351585 0.2806510842787682 0.4444462680115274 0.2670848727714749 0.508771871757925 0.2324368752025932 0.5332326296829971 0.22686328119935173 0.5440046729106628 0.2656763038897893 0.5305473458213257 0.30460248703403564 0.5285963270893371 0.3981389400324149 0.46946612103746393 0.45483674392220425 0.4595492997118156 0.47097347325769856 0.4503463602305475 0.5348414286871961 0.3444967593659942 0.5460734854132901 0.33158240345821327 0.5655082868719611 0.32773031700288185 0.590462152350081 0.266311530259366 0.5902499756888169 0.24473720317002884 0.5934065964343598 0.235705174351585 0.5816491183144246 0.23644436743515848 0.5716517868719612 0.2924067982708934 0.5498000121555916 0.29799889769452453 0.5435433517017828 0.3218161095100865 0.5347707025931929 0.337305318443804 0.5251028095623986 0.3442653703170029 0.5095642755267423 0.331793409221902 0.4897192666126418 0.2939351340057637 0.4725599870340356 0.2816643242074928 0.39450958914100487 0.26543032708933717 0.38826912479740683 0.24964432276657061 0.38940893598055104 0.2005413688760807 0.37751000729335493 0.1868976772334294 0.348110265802269 0.16750576080691643 0.3190500064829822 0.18263276512968302 0.2866209513776337 0.18521747406340058 0.2836502674230146 0.17190574639769451 0.2851154173419773 0.1558834250720461 0.30083988816855756 0.14601162824207492 0.3083899059967585 0.12995413832853026 0.30014472690437605 0.11657700432276658 0.2876334570502431 0.1231699250720461 0.28245797649918963 0.13317253602305476 0.28262771799027553 0.15043199567723342 0.274095535656402 0.1903721051873199 0.27828885089141003 0.2042521152737752 0.30827059238249593 0.24157234870317001 0.3361061685575365 0.2669185662824208 0.3768369837925446 0.2834641469740634 0.38548027633711507 0.29607184870317
0 0.605406592382496 0.21837537896253603 0.6092462787682333 0.1962981786743516 0.6083368905996759 0.1863307363112392 0.6017266021069692 0.1741907391930836 0.5947868752025932 0.21105312247838617 0.5977717034035656 0.22580313832853027 0.605406592382496 0.21837537896253603
0 0.5662479773095624 0 0.5708982050243112 0.009531700288184439 0.5727311264181524 0.030904876080691646 0.5792848346839546 0.03729171902017291 0.5802083679092382 0.04869745100864553 0.5843026677471637 0.052509440922190204 0.585551538897893 0.09699580403458213 0.5945929457050243 0.1088340749279539 0.5942776507293355 0.15927474351585014 0.6013001977309562 0.17208359510086457 0.6072294708265802 0.15622725648414987 0.6014012649918963 0.14111010806916427 0.6028381239870341 0.12221120893371758 0.5926892974068072 0.08026945965417867 0.5940837212317667 0.05705569452449567 0.5765849586709887 0.010265965417867435 0.5770071434359806 0 0.5662479773095624 0
0 0.18851131604538088 0.1505923804034582 0.1930603095623987 0.15938809221902017 0.20201684521880067 0.1625966325648415 0.2071640348460292 0.1497174438040346 0.2026150421393841 0.14092173198847263 0.19488113695299839 0.1382814726224784 0.19004719124797406 0.14176149999999998 0.18851131604538088 0.1505923804034582
0 0.23707505105348461 0.1798462363112392 0.25240140761750407 0.17074387175792508 0.25356745948136145 0.165559 0.22425258914100485 0.15479681268011528 0.22106767747163694 0.160952265129683 0.22881572690437602 0.16503081412103746 0.23707505105348461 0.1798462363112392
0 0.30837370988654783 0.16955735590778098 0.3123548484602917 0.16186303890489914 0.3189509910858995 0.17256474639769454 0.3496885761750405 0.16298974639769453 0.35703851215559157 0.16783772478386166 0.3710715113452188 0.15097563688760807 0.37257909562398706 0.13926818011527378 0.36679332576985413 0.1284658976945245 0.36291325445705025 0.10518672766570605 0.3555491734197731 0.09890045965417868 0.32720027147487846 0.10385887031700289 0.32105882252836304 0.09814088472622479 0.31621073095623986 0.10018262247838618 0.32192577552674234 0.10379346397694524 0.3199493517017828 0.10907890922190201 0.31582676256077796 0.10239034293948127 0.3073956458670989 0.11135696541786744 0.31161725121555917 0.12811355043227665 0.30133701782820094 0.15531021469740636 0.3034973282009724 0.1687225172910663 0.30837370988654783 0.16955735590778098
0 0.4513367495948137 0.22741659510086454 0.44813769367909245 0.23213375936599423 0.45103765153970826 0.2382540446685879 0.4513367495948137 0.22741659510086454
0 0.4180306969205835 0.1408274265129683 0.4107797771474878 0.14604746541786745 0.41768916288492713 0.14735001152737753 0.4180306969205835 0.1408274265129683
0 0.3897949554294976 0.157292144092219 0.38726482171799026 0.14752585014409222 0.3791752390599676 0.14996988760806917 0.381321404376013 0.16194390057636887 0.3854015583468396 0.1643176037463977 0.3897949554294976 0.157292144092219
0 0.4322859165316046 0.22906096109510088 0.4395651264181523 0.22671749855907783 0.4415274051863858 0.2199937636887608 0.43824347893030796 0.21608119884726223 0.43053786547811995 0.2163175172910663 0.427779358184765 0.22458011527377522 0.4322859165316046 0.22906096109510088
0 0.4178992893030794 0.2099658414985591 0.4216237649918963 0.21742384005763687 0.4292303630470016 0.20711950432276657 0.42583327552674227 0.19170063256484152 0.4185682115072934 0.1954823832853026 0.42267665559157214 0.2007326628242075 0.4178992893030794 0.2099658414985591
0 0.40102701377633715 0.14437778818443803 0.40715431685575365 0.1486574855907781 0.409144886547812 0.14481032708933717 0.4023931474878444 0.11828744812680114 0.39954976985413293 0.11792031556195964 0.3976016361426256 0.12608234005763688 0.40102701377633715 0.14437778818443803
0 0.41899666531604535 0.15654802305475504 0.41419100972447326 0.16290462536023054 0.41559752836304703 0.18217065561959653 0.4309946102106969 0.18025973342939483 0.4375624635332253 0.18808486455331414 0.4411879230145867 0.18547484438040343 0.43824552998379257 0.17503969452449566 0.4261040834683955 0.1779866051873199 0.42074471717990275 0.1692914682997118 0.41899666531604535 0.15654802305475504
0 0.3659138573743922 0.6577911757925072 0.3822627641815235 0.670162560518732 0.40252208346839546 0.6676481873198847 0.4092900186385737 0.6545678501440922 0.4115513954619125 0.6370066657060519 0.4028798128038898 0.6215223861671471 0.3898006871961102 0.6116252766570605 0.388507329821718 0.6038655547550432 0.4097771045380875 0.580345136887608 0.43163093030794164 0.5337115331412103 0.42237529578606153 0.5413404423631124 0.40406205915721227 0.5767342968299712 0.3847687098865478 0.5949692665706052 0.37582631847649917 0.5931990144092218 0.3651075867098865 0.5758087406340058 0.34894256645056726 0.5821351037463977 0.3405538857374392 0.5954165907780979 0.3506319862236629 0.6301669005763688 0.3659138573743922 0.6577911757925072
0 0.5394285445705024 0.7284191714697406 0.5499916815235009 0.7299882737752161 0.5566747455429498 0.7082782074927954 0.5471079189627228 0.684264772334294 0.5258543403565641 0.6681819711815562 0.4958705486223663 0.6719032435158502 0.4897008095623987 0.6633086815561959 0.4977055218800649 0.6522349135446686 0.4974226191247974 0.6234691469740634 0.5179386012965964 0.6058024596541787 0.5255027641815235 0.5911832579250721 0.5261433954619125 0.5738232233429394 0.5195472520259319 0.5631215144092219 0.49533508508914104 0.576206780979827 0.49561798703403565 0.6049725489913544 0.49098207293354945 0.6285886109510087 0.4822660032414911 0.6498309726224784 0.4833592779578606 0.6784961642651296 0.4809988849270665 0.6859893314121037 0.49043840518638576 0.6970581700288184 0.5116212585089142 0.7059495288184438 0.5394285445705024 0.7284191714697406
0 0.39083328038897897 0.7166203270893371 0.420760492706645 0.7071459020172911 0.44272542787682334 0.7130601080691643 0.4596725307941653 0.7037565936599424 0.465630092382496 0.6907768314121037 0.46031316207455425 0.6863965576368877 0.43439537844408427 0.6910532435158502 0.4303010794165316 0.6872412536023055 0.4141502042139384 0.6950059048991354 0.39056452350081033 0.68929284870317 0.36463259481361426 0.6925112463976945 0.34916478606158835 0.687230727665706 0.3458242795786062 0.6775650086455332 0.3240007949756888 0.6860336844380404 0.3178169116693679 0.6760008342939482 0.32658956077795787 0.6605116268011527 0.3288933727714749 0.6472653054755043 0.3244292495948136 0.6470993242074928 0.31804528363047 0.6579719423631124 0.30992741004862234 0.6575394034582133 0.29196985332252834 0.6878489610951009 0.30120929173419775 0.7198232680115274 0.3106912463533225 0.7352069740634005 0.32846286790923823 0.7272411729106628 0.34359119286871964 0.6980027694524495 0.39083328038897897 0.7166203270893371
0 0.8212625858995138 0.5105553299711816 0.8127183095623988 0.5080156469740634 0.8010174116693679 0.5145079913544669 0.7894721110210696 0.5368215086455331 0.7896418525121556 0.554080969740634 0.7938210218800649 0.5665226902017291 0.8072982609400324 0.5756503674351585 0.8210321628849271 0.569625727665706 0.831710510534846 0.5416596325648415 0.8290813606158833 0.5218253198847262 0.8212625858995138 0.5105553299711816
0 0.6749405826580227 0.8124039207492795 0.6842103614262561 0.8062132982708934 0.6366408857374393 0.7955566152737753 0.6269447025931929 0.7996400907780981 0.5890572649918963 0.7834616440922191 0.5821761685575365 0.7850356757925072 0.5524328427876823 0.8132078487031701 0.533765978930308 0.8126444956772334 0.523528180713128 0.8441560244956773 0.5058697212317667 0.8636281325648415 0.49392630632090756 0.8867110821325648 0.48782729173419775 0.8853079610951009 0.48521228768233393 0.8669119365994237 0.4790284035656402 0.8568790864553314 0.474180311993517 0.8589208242074928 0.46500954943273903 0.8751794639769452 0.4679357455429498 0.9252178299711816 0.4450452260940032 0.9489393962536024 0.43230275202593194 0.9725476757925072 0.49509164910858994 0.9686489524495678 0.6526815972447325 0.9490905518731989 0.6523288638573744 0.9469742622478386 0.671636358184765 0.9301775806916426 0.6674430437601296 0.9162975720461095 0.6713534570502431 0.9014118155619596 0.6639893768233387 0.8951255475504323 0.6686535818476499 0.874386060518732 0.6682150826580227 0.8297991224783862 0.6738452568881685 0.8247802334293948 0.6749405826580227 0.8124039207492795
0 0.3226789376012966 0.9641262089337177 0.2835971580226904 0.9502560561959654 0.2706170486223663 0.9504269668587896 0.26256990194489466 0.957185870317003 0.25665477471636955 0.9744804971181555 0.2577612811993517 0.9833854005763689 0.3551323095623987 0.9773393847262248 0.3668654708265802 0.9608023097982709 0.37625046191247974 0.9250764899135446 0.3784552585089141 0.90176215129683 0.37100630713128036 0.8868461541786743 0.3649214392220422 0.8868813213256485 0.3581110688816856 0.895646795389049 0.35259405591572124 0.9121719899135448 0.3512137763371151 0.9368240417867435 0.3380760194489465 0.9622152867435159 0.3226789376012966 0.9641262089337177
0 0.4572332098865478 0.8682243400576368 0.436135226904376 0.8679627103746398 0.4327522852512155 0.8539821268011527 0.4301210842787682 0.8751893198847263 0.4268654481361427 0.8741533314121037 0.42716659724473255 0.8222743760806916 0.4327401904376013 0.8115023342939481 0.4308648322528363 0.7858142939481269 0.4372770899513776 0.7778182521613833 0.4306526564019449 0.7642399668587896 0.43211780551053486 0.7482176455331413 0.4296159619124798 0.7413279279538905 0.42273486628849266 0.742901961095101 0.4198207633711507 0.735343386167147 0.4150575421393841 0.7460148544668589 0.4223933322528363 0.7494245446685879 0.42173855591572124 0.7653462925072045 0.41289518071312803 0.7736440576368877 0.4117998557536467 0.7860203717579252 0.4033566450567261 0.7525072002881844 0.3893095 0.767931 0.39161126175040517 0.7957261858789625 0.3996866993517018 0.7918438587896253 0.4038517236628849 0.8028472925072045 0.40862908995137764 0.7936141123919308 0.41715922123176663 0.7947155072046109 0.4131497925445705 0.7995332478386168 0.41124409481361424 0.8120101354466859 0.3974677576985413 0.8137199092219021 0.3977668557536467 0.8028824596541787 0.3916678419773095 0.8014793386167147 0.3880706726094003 0.8069659351585015 0.39219326175040514 0.8136545028818445 0.3853121653160454 0.8152285331412104 0.3872461547811994 0.8056282219020173 0.38356411426256076 0.8024850878962536 0.37996694489465155 0.8079716844380403 0.3832650162074554 0.8133225374639769 0.37801881118314423 0.8161337074927953 0.376284904376013 0.8048285518731989 0.3633047949756888 0.8049994610951009 0.35174534846029176 0.825874690201729 0.34787737115072936 0.8450753126801153 0.3471660145867099 0.8552439063400576 0.3530649448946515 0.8775524956772335 0.3722006491085899 0.8845378587896254 0.37923734035656403 0.8987850000000001 0.3794212277147488 0.9174827478386167 0.36931073419773097 0.961938871757925 0.3718144481361426 0.9763035489913545 0.42631673824959476 0.972919363112392 0.4428990607779578 0.9369653832853025 0.44907085008103725 0.9045184409221902 0.46034534359805507 0.8959189510086455 0.4582133233387358 0.8853832247838617 0.45335108670988655 0.885986674351585 0.4488162390599676 0.878629250720461 0.4540341539708266 0.8729415043227666 0.45818503322528364 0.8825066469740633 0.4609293946515397 0.8728057622478387 0.4572332098865478 0.8682243400576368
0 0.48439392220421396 0.7424497074927954 0.45786379659643434 0.7673430057636889 0.4455222682333874 0.791195386167147 0.44921845380875197 0.7957768083573487 0.458815620745543 0.7816253141210374 0.49678998055105345 0.7653919870317003 0.5027051077795787 0.7480973587896254 0.4945023638573744 0.7390350893371758 0.48439392220421396 0.7424497074927954
0 0.10330286142625607 0.2727709553314121 0.10506505834683955 0.2869526887608069 0.11193200972447326 0.2839403688760807 0.10451134846029174 0.27190094812680116 0.10974340842787682 0.26765149135446686 0.11517350081037277 0.2835380706051873 0.1153290964343598 0.299359242074928 0.12274975769854132 0.3113986628242075 0.10746583630470016 0.3248158919308357 0.1076355769854133 0.3420753530259366 0.09965915559157212 0.35602569596541783 0.10784775364667747 0.3636496772334294 0.10560052188006484 0.38264915129682997 0.10157694813614263 0.3860286023054755 0.10645332982171798 0.3868634423631124 0.10918149513776336 0.4167657708933718 0.11577763857374393 0.4274674783861671 0.11341724635332254 0.4349606455331412 0.11836435332252836 0.4429869265129683 0.11357284197730956 0.45078181700288183 0.12413597811993517 0.45235091930835736 0.12299821717990275 0.46041236887608067 0.11207940275526743 0.4639275619596542 0.11621613695299837 0.4720544178674352 0.11183688492706646 0.4805181657060519 0.10934918557536466 0.4750667377521614 0.09844451620745542 0.4800202190201729 0.10336333387358185 0.4851699221902017 0.10431515721231767 0.4994522319884726 0.10757079335494327 0.5004882204610951 0.10117268233387358 0.5099225504322766 0.102892443273906 0.5197894193083573 0.11029895867098866 0.5303905504322767 0.11058186142625609 0.5591563170028818 0.11383749756888169 0.5601923054755044 0.11574319529983793 0.5477154178674352 0.12612039546191248 0.5716282766570605 0.12334774311183144 0.5784525864553315 0.11645250243111832 0.5785883285302593 0.11976471880064829 0.5853774726224784 0.11910994165316047 0.6012992190201729 0.11188731361426257 0.6093958342939481 0.11198632901134521 0.6194638530259367 0.12763802350081038 0.6434421195965419 0.11717390275526741 0.6519410360230548 0.1204861191247974 0.6587301772334294 0.11650498136142626 0.6664244927953891 0.1202436021069692 0.6753207809798271 0.1339916482982172 0.6707344308357348 0.13871243435980551 0.6557480979827089 0.1494736021069692 0.6774532363112391 0.15845842787682335 0.6835383544668587 0.15959618881685575 0.6754769063400576 0.1522462536466775 0.6706289265129682 0.15401050081037276 0.6437691556195966 0.1654405907617504 0.6509908357348704 0.17023210129659644 0.6431959452449568 0.1743546912479741 0.6498845129682997 0.17839241004862236 0.6479433501440922 0.19394508914100486 0.6618535979827089 0.2028874797406807 0.6636238515850145 0.20703835899513776 0.6731889942363112 0.21101949756888166 0.6654946772334294 0.2192222406807131 0.674556946685879 0.22802318071312805 0.6619443170028819 0.24260989059967586 0.6601339682997118 0.24735896596434362 0.648024211815562 0.23193359319286871 0.6470585576368877 0.2271137925445705 0.6519768731988472 0.21855537034035655 0.6479988991354466 0.22417139951377632 0.6415417233429395 0.22289218719611023 0.6352202867435158 0.20912999513776337 0.63836834870317 0.2038130632090762 0.6339880763688761 0.20853384927066448 0.6190017449567724 0.20596128038897893 0.6049205850144093 0.2106820656401945 0.5899342521613833 0.20694344408427878 0.5810379654178675 0.19640859886547812 0.582345439481268 0.19421999756888167 0.566056560518732 0.2018124513776337 0.5543139365994236 0.22198690032414908 0.5431698328530259 0.23117180794165315 0.5283494827089337 0.229892595623987 0.5220280475504323 0.2500953346839546 0.5137605216138329 0.26735568071312804 0.4950578443804035 0.27509163533225284 0.4566565994236312 0.27568983144246356 0.43498169884726223 0.2703021750405186 0.4234099855907781 0.2654540842787682 0.42545172190201724 0.26155781604538086 0.44177576801152735 0.2552890607779579 0.42311318731988473 0.2596541677471637 0.4132111527377521 0.26571074635332254 0.41029940778097984 0.2627824991896272 0.40130254610951005 0.2744409602917342 0.39049533573487033 0.27181181037277147 0.370661023054755 0.28110988006482984 0.36734697838616714 0.2862712147487844 0.35590607925072043 0.27781180794165317 0.36199612536023057 0.27287884602917345 0.3554081325648415 0.2648175534846029 0.36072874639769453 0.26476097325769854 0.35497559365994236 0.2700071782820097 0.35216442363112394 0.26626855834683955 0.34326813688760804 0.2602685599675851 0.35193303458213254 0.25937331685575366 0.3434038804034582 0.26565826742301457 0.32246324351585015 0.25911870502431117 0.3175146902017291 0.25592170016207455 0.28119034870317006 0.25403014667747165 0.29510552593659944 0.24717734035656402 0.2995561325648415 0.2395727933549433 0.26881896397694527 0.22578231118314424 0.2690904495677233 0.2224418038897893 0.25942473054755044 0.21966915235008103 0.26624904034582136 0.22376345218800647 0.270061030259366 0.21931347406807133 0.2713333371757925 0.2175937131280389 0.2614664682997118 0.20984566369529983 0.25738792219020173 0.21459473987034036 0.2452781642651297 0.20679011021069693 0.23544646397694524 0.19460622771474878 0.23407851152737755 0.18230918557536469 0.2212042507204611 0.17756010940032416 0.23331400864553317 0.16359988573743922 0.2163260317002882 0.15097545542949756 0.21141264697406342 0.12879629173419774 0.22496561959654177 0.1149916645056726 0.22379881700288187 0.10940392544570503 0.23313257060518733 0.10046153484602917 0.23136231844380403 0.09854169124797407 0.24240091786743515 0.10752651782820098 0.24848603602305475 0.09312369448946516 0.2689941325648415 0.09603779740680714 0.2765527060518732 0.10330286142625607 0.2727709553314121
0 0.19679256726094002 0.5801377204610951 0.20775381766612638 0.5809373904899136 0.2184321653160454 0.5529712939481267 0.21513409400324152 0.5476204409221902 0.1977888776337115 0.5576933876080692 0.19345206077795785 0.5704720014409222 0.19679256726094002 0.5801377204610951
0 0.21440654132901135 0.5973922521613833 0.20668678200972448 0.5961902809798271 0.19947829740680711 0.6057251844380404 0.20246312641815234 0.6204752002881844 0.21730649918962724 0.6035125360230548 0.21440654132901135 0.5973922521613833
0 0.19667940680713128 0.5686314121037463 0.20843688492706644 0.5678922204610951 0.21419436385737442 0.5758179250720461 0.21517652917341976 0.5519353069164264 0.2026369683954619 0.5556516498559078 0.1966228265802269 0.5628782593659942 0.19667940680713128 0.5686314121037463
0 0.26432226499189626 0.5991174798270893 0.25613366612641814 0.5914934985590778 0.2548403087520259 0.5837337752161383 0.25168368881685577 0.5927658054755043 0.2383054659643436 0.5937061469740634 0.2582777811993517 0.6445090172910664 0.2656135713128039 0.6479187089337175 0.2563579376012966 0.6555476181556196 0.2552201758508914 0.6636090662824208 0.26537105429497565 0.6645093112391931 0.2798304570502431 0.6497543688760807 0.28456538735818476 0.6362063227665706 0.31602847487844404 0.6179010187319884 0.34737840113452184 0.5880894077809798 0.35492841896272287 0.5720319178674352 0.3492275186385737 0.5698593645533141 0.3165559457050243 0.5890346772334294 0.3004475064829822 0.6011141930835735 0.29727674068071314 0.6087079351585014 0.2786664570502431 0.613897734870317 0.2707041799027553 0.6292863674351585 0.2610079967585089 0.6333698443804034 0.25652972933549434 0.6317655734870317 0.2564731491085899 0.6260124193083574 0.26432226499189626 0.5991174798270893
0 0.10836128930307941 0.04461622190201729 0.11558391896272287 0.03651960662824207 0.11753205267423014 0.028357585014409225 0.11511576337115073 0.016417095100864552 0.11214439627228526 0.016785868876080693 0.10648593192868719 0.018928182997118154 0.09890762398703404 0.03210909510086456 0.09978872285251215 0.03919996109510086 0.10836128930307941 0.04461622190201729