0 0.4203650025295109 0.3317067957957958 0.3975222774030354 0.3317755930930931 0.3836188313659359 0.276341506006006 0.37147490809443506 0.2787358078078078 0.3753063996627319 0.28726756606606607 0.37648296458684655 0.3097317867867868 0.4061265126475548 0.3668104864864865 0.4263701517706577 0.3655845225225225 0.4387606854974705 0.3759766846846847 0.511311779089376 0.46873588888888895 0.5285083010118043 0.4739543138138138 0.5874803456998314 0.4690057717717718 0.6875339232715008 0.5052630915915917 0.7277074494097807 0.4968207042042042 0.7685084772344013 0.5003592342342342 0.7620778971332209 0.4906703093093093 0.7248504527824621 0.474583448948949 0.7067346247892075 0.4114231516516516 0.700684934232715 0.40092867717717723 0.6743803069139965 0.38336654354354355 0.6488932993254637 0.34910368618618615 0.6181748726812816 0.34420336486486486 0.5958360151770657 0.3215809774774775 0.5887107951096121 0.30670713963963964 0.589293102866779 0.2855135690690691 0.5973702200674537 0.2700946636636637 0.6382044915682968 0.24195631981981983 0.665203107925801 0.20814562312312312 0.6936355455311973 0.161321493993994 0.6970522529510962 0.14577793393393393 0.6856920548060709 0.10659064414414414 0.684750802698145 0.08861926726726727 0.6787795497470489 0.0796224069069069 0.6654816602023609 0.07613973423423423 0.65786386846543 0.0922507057057057 0.6666695219224283 0.10689757657657659 0.683485155143339 0.11292155105105105 0.6860284013490725 0.12916834684684683 0.6838328010118044 0.14379287537537536 0.6503025699831365 0.14982978828828827 0.6194272672849916 0.14193423873873875 0.5904344679595278 0.16998144294294293 0.57907492074199 0.1873518933933934 0.5834222327150084 0.23804382882882885 0.5780226391231029 0.2561175165165165 0.49877371332209103 0.29396889789789793 0.4819135379426644 0.31132817567567567 0.4639445902192243 0.35598496696696696 0.44876484907251263 0.37311728078078077 0.438368497470489 0.3684886126126126 0.4283417386172007 0.3547607717717718 0.4203650025295109 0.3317067957957958
0 0.35893814502529514 0.2170842972972973 0.35292234991568294 0.2314706906906907 0.3526311964586846 0.24206747447447446 0.3580088440134907 0.26396428228228225 0.366343870994941 0.269625466966967 0.3684610354131535 0.25350332282282284 0.35893814502529514 0.2170842972972973
0 0.39034860539629 0.0009385660660660661 0.38576663322091065 0.0023115255255255255 0.3725026374367622 0.02370971921921922 0.37420566779089376 0.0400699984984985 0.35922799494097807 0.09337203153153152 0.3621634308600337 0.1171069009009009 0.35443395784148396 0.16339713213213214 0.35713408094435073 0.18263915915915915 0.35211537689713324 0.1999072972972973 0.3592405969645868 0.2147811336336336 0.36563728161888703 0.19958919369369368 0.36205174957841485 0.14728616066066066 0.370588194772344 0.13255931981981983 0.3689968456998314 0.08601978228228228 0.3729626163575042 0.08095952702702702 0.3731753322091062 0.06886512462462463 0.37950487774030356 0.060469192192192184 0.3800087470489039 0.037778006006006004 0.39188346205733554 0.0060099924924924926 0.39034860539629 0.0009385660660660661
0 0.7784183431703204 0.09180440990990991 0.7825296913996627 0.08144576126126127 0.78037863153457 0.07268703753753754 0.7751804561551433 0.07037270270270271 0.7673944915682968 0.07519482282282282 0.7632831450252952 0.08555347147147147 0.7694112723440134 0.09754556006006007 0.7784183431703204 0.09180440990990991
0 0.746030781618887 0.09542467717717718 0.7165673558178752 0.1144861936936937 0.718102213322091 0.11955762012012013 0.7344585185497471 0.12488952852852854 0.7419978718381113 0.10728094144144144 0.7497053988195616 0.1009612057057057 0.746030781618887 0.09542467717717718
0 0.6422467462057336 0.06872045795795796 0.647892950252951 0.06343323573573574 0.6427732116357504 0.06261651651651651 0.6368245564924114 0.0702069009009009 0.6073385337268128 0.07268117117117116 0.6001687715008431 0.08119058858858859 0.5976820160202361 0.1064119024024024 0.592428 0.11918719669669671 0.5947359350758853 0.13094114864864864 0.6102633212478921 0.14468016066066067 0.617511521079258 0.13766835885885886 0.6497535059021923 0.139346484984985 0.655847739460371 0.1264577072072072 0.6604410118043845 0.13337836936936937 0.665403873524452 0.13119986036036035 0.666759258010118 0.11668881381381381 0.6544245640809443 0.09120702102102102 0.6576843962900506 0.07266823273273272 0.6484307141652613 0.06562291741741742 0.6446218187183811 0.0736784039039039 0.6422467462057336 0.06872045795795796
0 0.5171009536256324 0.23191931381381378 0.5181093440134907 0.2430946831831832 0.5206971332209106 0.23595822822822823 0.5171009536256324 0.23191931381381378
0 0.5457680531197301 0.1330302882882883 0.5465411306913996 0.1397128123123123 0.5535653161888702 0.13650178978978977 0.5457680531197301 0.1330302882882883
0 0.5848999451939292 0.1450894054054054 0.5863337681281618 0.13207597447447447 0.5778531627318718 0.13171318468468468 0.5758815758853288 0.14253693393393393 0.5808557377740303 0.14865204804804805 0.5848999451939292 0.1450894054054054
0 0.5298384831365935 0.21662506156156155 0.5267129291736932 0.22157183483483484 0.5291664392917369 0.22802739489489487 0.5368068271500843 0.2285036681681682 0.5411534881956155 0.22263786336336336 0.5377813220910623 0.21479817117117114 0.5298384831365935 0.21662506156156155
0 0.5410298566610455 0.18796575975975977 0.5385318035413154 0.20489345195195194 0.5470237057335582 0.21354986336336337 0.5503732748735245 0.2048023123123123 0.5448613490725126 0.196497518018018 0.5487486812816189 0.18993964714714714 0.5410298566610455 0.18796575975975977
0 0.5603987310286678 0.10541467117117116 0.5551673119730186 0.13477721021021022 0.5574639485666104 0.13823754204204206 0.5634910413153458 0.13214477177177178 0.5658322192242833 0.11222184984984984 0.5633002706576729 0.10426867417417418 0.5603987310286678 0.10541467117117116
0 0.545790650084317 0.1496175315315315 0.544816155143339 0.16332303003003004 0.5398645902192243 0.17379516066066067 0.5271829021922428 0.17399978378378378 0.5248304266441821 0.18562908258258257 0.5287290573355818 0.18736483333333334 0.5349801661045531 0.17747128528528527 0.5509442833052277 0.17531511861861862 0.5511457006745363 0.1549270960960961 0.545790650084317 0.1496175315315315
0 0.5571773549747049 0.544738509009009 0.5826756610455311 0.587294990990991 0.6060787487352445 0.6060031201201201 0.6052498305227656 0.6144102237237237 0.5924338634064081 0.6282068603603603 0.5845136205733559 0.646620996996997 0.5879755227655986 0.6642519249249249 0.5957840834738617 0.6760170495495496 0.6167895016863406 0.673179987987988 0.6328094595278246 0.6559341921921922 0.646745497470489 0.6231336651651652 0.6548671585160203 0.5843315075075075 0.6453781635750422 0.5727933468468468 0.628338516020236 0.5705701531531532 0.6184353878583474 0.5915144159159159 0.6093498794266442 0.5957579534534534 0.5883218642495784 0.5820077702702703 0.5671928161888702 0.5501727267267267 0.5571773549747049 0.544738509009009
0 0.5022508220910624 0.6592398918918919 0.49595452023608766 0.6359589504504505 0.4943857672849915 0.6060066561561561 0.46863020404721756 0.5989278273273274 0.46253597048903883 0.6118166036036036 0.4643174384485666 0.6296745 0.4730446543001687 0.6428237552552553 0.49529377571669475 0.655654906906907 0.4968625269814502 0.6856072027027027 0.5058137571669478 0.6949556801801802 0.500021976391231 0.7055412927927928 0.46893395784148395 0.7097401456456457 0.4481080134907251 0.7321596801801802 0.43981817959527825 0.7596729864864865 0.4480973659359191 0.7804237987987988 0.4588633077571669 0.7759532972972973 0.48601879932546377 0.7451378288288288 0.5072369325463744 0.7302063678678679 0.5162327048903879 0.7161715930930931 0.5133198667790894 0.7090239684684685 0.5125913313659359 0.6789581906906906 0.5022508220910624 0.6592398918918919
0 0.6758293364249578 0.7179931786786786 0.6946278541315345 0.7214870225225225 0.7033883136593592 0.7029594054054055 0.7108266332209107 0.667265960960961 0.6903922234401348 0.6406158288288288 0.6820684940978078 0.6432482687687687 0.6747976981450253 0.6336728258258258 0.6702157242833052 0.6350457852852853 0.6734423128161888 0.6481838708708708 0.6834690725126475 0.6619117102102102 0.6777557293423272 0.67399493993994 0.6547561281618887 0.6710685075075075 0.6519443246205734 0.6820057387387387 0.6363723954468803 0.6916499804804805 0.6094854612141652 0.6952814189189189 0.5855898018549747 0.7075580990990992 0.5684717175379427 0.7038372897897898 0.5645059468802698 0.7088975450450451 0.5375405741989882 0.7110313693693694 0.532353697301855 0.7170106561561561 0.5393220430016863 0.7288892642642643 0.557358781618887 0.7339942042042042 0.5795740067453625 0.7219444894894894 0.6109757748735244 0.7237360990990991 0.6583749047217538 0.6916946651651652 0.6758293364249578 0.7179931786786786
0 0.18923023018549748 0.6442055585585585 0.17590974283305227 0.6241356426426427 0.16345206913996627 0.6205394864864865 0.15482588701517708 0.6254750885885886 0.14751054806070826 0.6392828978978978 0.1460880244519393 0.6605899504504504 0.1588820455311973 0.6867638093093094 0.17340104215851604 0.6893274504504504 0.18667633642495784 0.67622287987988 0.19017148145025295 0.6621769354354354 0.18923023018549748 0.6442055585585585
0 0.48270442917369305 0.8918817282282283 0.47013442242833053 0.8619070915915916 0.4509663128161889 0.8675124174174175 0.4185448558178752 0.8462518183183183 0.41136379510961213 0.8464676111111111 0.3734310640809444 0.8734599594594594 0.36319158853288364 0.8718265180180181 0.31494094435075887 0.8956878108108108 0.3248779671163575 0.8996244144144144 0.3268050118043845 0.912183915915916 0.3329218423271501 0.9158823828828829 0.3353534072512648 0.96230843993994 0.3414928338954469 0.9825941516516516 0.33782598903878586 0.986946138138138 0.5302338431703204 0.9789711906906907 0.563302955311973 0.9745047672672673 0.5451390261382799 0.9611218543543544 0.5449143600337267 0.9083648933933933 0.5344282731871839 0.8939449864864865 0.5293085354131534 0.8931282657657659 0.523595192242833 0.9052114954954955 0.5220942310286678 0.9250209339339339 0.5159102622259696 0.9281184744744744 0.5021304477234401 0.907356490990991 0.48270442917369305 0.8918817282282283
0 0.6562151534569983 0.9008732822822824 0.6486419038785834 0.8936010015015016 0.6423794974704891 0.8952009279279278 0.6356803608768972 0.9126960315315314 0.6394560126475548 0.9363174204204204 0.6486791121416526 0.9629735795795796 0.6774565345699831 0.9590868048048048 0.6659733558178752 0.9417851531531533 0.6629594831365936 0.9165526666666667 0.6562151534569983 0.9008732822822824
0 0.6280612664418213 0.8156915225225224 0.624005760539629 0.8109605420420422 0.6204208794266441 0.8152152507507507 0.6230312647554807 0.8246660405405405 0.6158502040472175 0.8248818333333333 0.6196591003372681 0.8168263468468469 0.6156035927487352 0.8120953663663664 0.6094196247892074 0.815192906906907 0.6104280143338955 0.8263682762762763 0.5961443305227656 0.8282974774774775 0.5933770699831367 0.8158514594594595 0.5889406728499157 0.8119260270270271 0.5976452917369308 0.8084880390390391 0.6031572175379427 0.8167928333333333 0.606730800168634 0.804244503003003 0.6152898423271501 0.8061049069069068 0.6158608516020236 0.7766177162162162 0.6004119021922428 0.7643763183183183 0.59389223693086 0.8014538963963963 0.5919651922428331 0.7888943933933935 0.5823306214165261 0.7826546276276276 0.5806275910623946 0.7662943483483483 0.5879542284991568 0.7607801621621622 0.5823638650927487 0.7509777537537538 0.5798545134907251 0.7596118228228228 0.5726734527824621 0.7598276171171171 0.5705449898819561 0.7676561381381382 0.5730882377740303 0.7839029354354354 0.5671508794266442 0.7997869414414415 0.5742648010118043 0.8063671561561562 0.5739962445193929 0.8335511846846847 0.5804268246205734 0.8432401111111111 0.5840907951096121 0.8970407582582581 0.5808083650927487 0.8989923033033034 0.5767302622259696 0.8776740780780781 0.5741537715008431 0.8931041561561561 0.5524650118043846 0.8990499294294294 0.5489585682967959 0.9048022507507507 0.552409171163575 0.9141395585585586 0.5560611913996627 0.9030888438438439 0.5617971323777403 0.9075928588588589 0.5576073465430017 0.9164538918918919 0.5525660463743677 0.9171347867867868 0.5510537866779089 0.9286506051051051 0.5632090084317032 0.9345499234234235 0.5716563701517707 0.966589587087087 0.5753622782462058 0.9728759954954955 0.6461024477234402 0.9633215930930931 0.635702957841484 0.9292832762762763 0.6346832698145025 0.9098142837837838 0.6410015160202361 0.8931247297297297 0.6602367647554805 0.8807233963963964 0.6648632799325463 0.8559671831831832 0.663474 0.8455973633633633 0.6582532276559865 0.8266957837837837 0.6450111779089376 0.8081234804804804 0.6316461475548061 0.8114368153153153 0.630593215851602 0.8236446966966967 0.6250141509274874 0.8221359114114114 0.6280612664418213 0.8156915225225224
0 0.5051204198988195 0.8028862507507508 0.5452381062394603 0.809533493993994 0.5560266450252951 0.8216502357357358 0.5595330885328836 0.8158979144144144 0.5452939468802698 0.7944438633633634 0.5163902318718381 0.7757245645645646 0.5057698667790894 0.7748966726726727 0.49791676222596964 0.7865148003003003 0.5051204198988195 0.8028862507507508
0 0.7206806585160203 0.2738007657657658 0.7142726753794266 0.2806990840840841 0.7220925345699831 0.3007578303303303 0.7217229443507588 0.30985700150150153 0.7149899114671163 0.3024712387387387 0.7117187807757167 0.3127164054054054 0.7172978456998313 0.3142251906906907 0.7176115969645869 0.32021565015015013 0.7089741172006745 0.31685763063063066 0.7043250042158516 0.3250265990990991 0.695228197301855 0.3209765135135135 0.7012778878583473 0.331470987987988 0.7110580362563238 0.33241236186186185 0.7096355126475548 0.35371941441441446 0.7223284991568297 0.3618084159159159 0.7198975860033727 0.3719400990990991 0.7263168667790894 0.3733354024024024 0.7314479030354132 0.38244574474474474 0.7262051854974705 0.4035146621621622 0.7211412883642495 0.3876083138138138 0.7160215505902192 0.38679159309309313 0.7112268617200674 0.400258954954955 0.7132436424957842 0.4226096921921922 0.7236851863406408 0.4604128498498498 0.7426518785834738 0.47519554654654655 0.7639710463743676 0.4783489444444445 0.7630636905564924 0.4852584339339339 0.773471339797639 0.4981807252252252 0.7949473827993254 0.5043293528528529 0.803517723440135 0.5144833798798799 0.8023192141652613 0.5319896546546546 0.791396397133221 0.5334649264264264 0.7881252664418212 0.5437100930930931 0.7939509426644182 0.5580053453453453 0.7922146686340641 0.5733219414414414 0.7980403440134908 0.5876171921921922 0.7928534671163575 0.5935964804804805 0.7784913456998314 0.5940280675675677 0.7775839907251265 0.6009375570570571 0.7837792571669477 0.6061336381381381 0.7752315134907252 0.6125668558558558 0.7699549005059022 0.6087549069069069 0.7541476585160203 0.6139063033033033 0.7598164595278246 0.6252063258258258 0.7749403600337268 0.6231636411411412 0.7848102453625633 0.6338962522522523 0.7926633482293424 0.6222781246246246 0.7972566205733558 0.6291987852852853 0.8009086408094436 0.6181480705705706 0.8099941492411467 0.6139045345345345 0.8250954519392918 0.5952746051051051 0.8293749738617201 0.5962048078078078 0.8331838693086003 0.5881493213213214 0.8386173575042158 0.5949565 0.849909765598651 0.5843820585585585 0.8534614030354132 0.6118042237237237 0.8462132032040472 0.6188160255255256 0.8479049350758854 0.6268826816816817 0.8567551306913996 0.6181463018018017 0.8664229460370996 0.5927091936936937 0.8722486222596965 0.6070044474474475 0.8866891812816188 0.608070475975976 0.8899603119730185 0.5978253078078078 0.8853670404721754 0.5909046471471471 0.8883357192242832 0.5829626441441442 0.8770207150084316 0.5769498408408409 0.8915729544688027 0.5478366096096096 0.891023892074199 0.5373533078078078 0.8830697529510961 0.5308865765765766 0.881366723440135 0.5145262972972973 0.8843354021922429 0.5065842927927927 0.8772327782462058 0.5082977012012012 0.8739390505902193 0.5019556246246246 0.8830691020236087 0.47432883483483484 0.885836363406408 0.4867748528528528 0.8891187925801012 0.4848233093093093 0.8875500404721754 0.45487101501501503 0.8944844898819561 0.4418687552552552 0.8956158600337267 0.43115848798798795 0.8884235008431703 0.4230806576576577 0.8917059300168635 0.42112911411411413 0.8917617706576729 0.406039484984985 0.8964893212478922 0.39936813063063065 0.8849503010118043 0.3971561066066066 0.8827434013490726 0.4034870135135135 0.877690802698145 0.39587428678678677 0.881421260539629 0.3863211861861862 0.8699606787521079 0.3856067762762763 0.8682689468802698 0.37754011861861864 0.8790348887015177 0.37306961861861865 0.8736014005059022 0.3662624399399399 0.8781720758853288 0.35659585585585585 0.8752592377740304 0.3494482297297297 0.8813534704890388 0.33655945195195197 0.8822269308600338 0.3047690960960961 0.8871897934232715 0.3025905870870871 0.8828318347386171 0.30016276876876874 0.8792914957841483 0.2810342252252252 0.887223037099494 0.27091371321321317 0.878114931703204 0.2585700045045045 0.8771736812816189 0.24059862762762763 0.860582063237774 0.23077387687687687 0.8674380741989881 0.2162740015015015 0.866575260539629 0.19980024174174174 0.8711346374367622 0.18184003453453454 0.8767921399662731 0.18484643543543544 0.8699361281618887 0.19934631081081083 0.8771956264755479 0.20062813063063065 0.8780916838111299 0.18542501951951953 0.8858105092748735 0.1873989084084084 0.8883198600337269 0.17876483783783784 0.8721762706576729 0.16133853153153155 0.8810264662731871 0.15260214864864866 0.8783376433389545 0.14165374624624624 0.8692521349072512 0.1458972822822823 0.8628999915682968 0.13770597147147146 0.8487731829679596 0.1426304024024024 0.8250789418212479 0.13451905855855856 0.8124085522765598 0.14301730480480482 0.7991445573355818 0.164415496996997 0.7934757563237773 0.15311547297297298 0.7816568819561551 0.16979385735735736 0.7692105059021923 0.17449132282282281 0.7618167293423271 0.18680151801801803 0.7674855303541316 0.19810154054054055 0.7597780042158516 0.20442127627627626 0.7586466332209106 0.21513154354354352 0.7539862234401349 0.2150068903903904 0.7579519940978078 0.2099466336336336 0.754658265598651 0.20360455555555557 0.7518464620573355 0.21454178828828827 0.737641215851602 0.2179686051051051 0.7318048929173694 0.2519374714714715 0.7244669569983136 0.24915803603603606 0.721621258010118 0.2352144009009009 0.7206806585160203 0.2738007657657658
0 0.7808092757166948 0.5009601606606607 0.7777621593591906 0.5074045495495495 0.7905561795952782 0.5335784099099099 0.8017814494097807 0.529799972972973 0.8045932529510962 0.5188627417417417 0.7993053414839798 0.5067571681681682 0.7808092757166948 0.5009601606606607
0 0.7985555126475548 0.5732196291291292 0.800672676222597 0.5570974864864865 0.7926400994940977 0.5491331396396396 0.7847756981450252 0.5524576456456457 0.7821879089376054 0.5595941006006006 0.7985555126475548 0.5732196291291292
0 0.7810445885328837 0.5054530060060061 0.7835991332209106 0.529993424924925 0.7890100252951097 0.5202133588588589 0.8011539485666105 0.5178190555555555 0.8008401981450253 0.5118285975975976 0.7941856037099494 0.5059404504504504 0.7810445885328837 0.5054530060060061
0 0.7391580362563238 0.6023569714714715 0.7289185607082631 0.6007235315315315 0.7197320177065767 0.5868822102102103 0.7002501576728499 0.586497078078078 0.6964971037099494 0.5794629339339339 0.6791437065767285 0.5712492792792793 0.6442913347386171 0.5601203633633633 0.6385666939291736 0.5639099714714715 0.647372347386172 0.5785568408408408 0.6815526753794267 0.6010880915915916 0.715105502529511 0.6116384219219219 0.7208527411467116 0.62443606006006 0.7366825801011805 0.6358719084084085 0.74706763153457 0.6322069564564564 0.7453758996627319 0.6241402972972973 0.7353604392917369 0.618706081081081 0.7426870767284991 0.6131918948948949 0.7599500860033727 0.5550565705705706 0.7461257293423271 0.5576778378378378 0.74229423693086 0.5491460810810811 0.7414653195615515 0.5575531846846847 0.7335337774030354 0.5676736981981981 0.743347821247892 0.5934959384384385 0.7436615716694772 0.5994863963963964 0.7391580362563238 0.6023569714714715