0 0.71198184244373 0.11783366285714286 0.7891877942122186 0.09163355999999999 0.9413962234726688 0.10368723428571429 0.8872976430868167 0.05649826 0.7824972508038585 0.015734085714285712 0.6713434003215435 0.0015986314285714287 0.5771869067524116 0.014750965714285713 0.48952432475884244 0.04399466285714286 0.4631231816720257 0.09509802857142856 0.45917918971061095 0.11992899714285715 0.4174369372990354 0.1577354314285714 0.38782629260450163 0.21218513714285714 0.36231881832797425 0.2902199714285714 0.36087792765273313 0.34173324 0.3907882009646302 0.3784197085714286 0.4327364485530547 0.40326939428571423 0.4795878987138264 0.45015562 0.5005386141479099 0.4554604485714286 0.5176483344051447 0.5169243085714286 0.5636997508038585 0.56535912 0.6104856591639871 0.5923093085714286 0.678109922829582 0.5903882628571429 0.7280866061093247 0.6082960971428572 0.8863072684887461 0.7348219057142856 0.9670878938906753 0.816347677142857 0.9766365305466239 0.8293966685714286 0.9859637845659163 0.47350622571428574 0.9272161768488747 0.4435429828571429 0.8416353440514469 0.37130873428571426 0.7916492974276528 0.35055289142857143 0.7026155128617364 0.20761684 0.6646206221864952 0.16078419142857142 0.679096152733119 0.1556936742857143 0.6773369051446946 0.11037475142857144 0.6845559437299035 0.10213348 0.7103162299035369 0.10099479714285715 0.71198184244373 0.11783366285714286
0 0.8386078922829582 0.18513812571428573 0.8475768151125401 0.21936776857142856 0.8628617427652734 0.2155766685714286 0.85230211414791 0.18729220571428573 0.8386078922829582 0.18513812571428573
0 0.8872841350482314 0.29727931142857145 0.8783620305466238 0.2772896942857143 0.8711242636655948 0.2798349542857143 0.8858432443729903 0.34879257714285716 0.8963560546623793 0.3628370142857143 0.9003187733118971 0.3437020571428572 0.8872841350482314 0.29727931142857145
0 0.7917845305466238 0.14679591428571429 0.8015815755627009 0.18802098571428572 0.8266167363344051 0.2112149342857143 0.8257417926045016 0.1899794742857143 0.8095538327974277 0.16399110285714286 0.8248949421221865 0.1772880342857143 0.8304858199356914 0.16359992285714287 0.8167447813504823 0.1472058142857143 0.7917845305466238 0.14679591428571429
0 0.8311318954983922 0.3601123 0.8432447765273312 0.3710595657142857 0.8308790836012862 0.2832161542857143 0.8186912974276527 0.24948484285714284 0.8082346655948554 0.2525284428571429 0.8311318954983922 0.3601123
0 0.965089344051447 0.45335156 0.97881165755627 0.4640496571428572 0.98195561414791 0.4407672771428572 0.9866082781350483 0.4489149314285714 0.9875057041800643 0.41467274857142855 0.9874715868167202 0.40429511999999995 0.9858434276527331 0.39884827428571423 0.974549308681672 0.3920484342857143 0.9771085900321542 0.43581876857142854 0.9274824967845658 0.2796580828571429 0.8821000273311896 0.18980260571428573 0.8659682475884244 0.18090226571428572 0.8660244260450161 0.1979903 0.9373825418006432 0.35221121714285714 0.965089344051447 0.45335156
0 0.6772900884244373 0.09613472285714286 0.6725366977491962 0.11966627142857143 0.6822775643086817 0.14380331142857142 0.6799149131832798 0.15984109714285713 0.6879058971061094 0.14150722285714284 0.7007813569131833 0.13951387714285712 0.7192196077170419 0.1152884 0.7135163681672025 0.09480044857142858 0.6772900884244373 0.09613472285714286
0 0.8705062797427654 0.09186658857142857 0.8826566141479101 0.11420587714285714 0.9205765964630226 0.13825448285714287 0.8841911398713826 0.09117266285714286 0.8705062797427654 0.09186658857142857
0 0.7932254212218649 0.09528264857142858 0.7803686864951769 0.10297200285714286 0.793309691318328 0.12091469714285714 0.7941659067524116 0.13645414285714286 0.8021849790996785 0.12666428857142858 0.8504960498392283 0.1277332542857143 0.8528493376205789 0.10884746857142857 0.8640966382636657 0.10140728 0.7932254212218649 0.09528264857142858
0 0.8901191012861737 0.18001274857142857 0.8958223408360129 0.20050070285714286 0.9143823151125402 0.21329929714285714 0.897366229903537 0.18031549428571428 0.8901191012861737 0.18001274857142857
0 0.520310612540193 0.5920227 0.5163385305466238 0.6083096514285714 0.5055406720257235 0.7524541057142858 0.5152066318327975 0.7538071028571429 0.5221915852090032 0.6743656942857144 0.5248913183279742 0.7608561057142857 0.5064811591639871 0.7936255999999999 0.45484822508038586 0.7617269057142857 0.42920029903536977 0.7970416542857143 0.38890830225080386 0.7861828285714286 0.3728607926045016 0.8029145371428571 0.3472971382636656 0.8638613371428572 0.34405954662379423 0.8586636628571429 0.323221192926045 0.8875349000000001 0.291032538585209 0.8925182628571429 0.30587561575562705 0.9793911428571429 0.4811592041800643 0.9685131857142858 0.6132655176848875 0.9480608285714285 0.5816709035369775 0.8888394857142857 0.5782741350482316 0.8352257142857143 0.5668582909967845 0.7914018057142858 0.5329291173633441 0.7567622599999999 0.5387956800643087 0.5820372542857143 0.5386926832797427 0.5507091942857143 0.5322081366559486 0.5374658371428571 0.5291671752411575 0.59207628 0.520310612540193 0.5920227
0 0.40776683279742765 0.4000114857142857 0.4039913810289389 0.4761065542857143 0.4111261479099678 0.44223323142857146 0.4125951318327974 0.3992639828571428 0.40776683279742765 0.4000114857142857