0 0.2869305161016949 0 0.28629922711864403 0.0015968036253776433 0.28830717033898307 0.017829912386706948 0.3123037406779661 0.07012963897280966 0.33603083305084747 0.10910591389728097 0.37394800847457627 0.1449838021148036 0.3805780313559322 0.16196495619335347 0.37928265169491526 0.18333504682779456 0.3709194152542373 0.19692134592145014 0.34681936101694916 0.21543067975830812 0.31599341864406777 0.21459170392749244 0.2877506186440678 0.24418875830815712 0.26017363220338985 0.2568787764350453 0.2532612618644068 0.2662732703927493 0.22975978389830506 0.32624064501510575 0.1915058940677966 0.33540438066465256 0.18428780169491527 0.34391940785498487 0.22496934661016946 0.34801341238670697 0.2639720466101695 0.3640088912386707 0.3661681127118644 0.3463805649546828 0.4240788398305085 0.36239285649546826 0.44155412372881353 0.36037948036253775 0.5215283322033898 0.2809171012084592 0.5347053813559323 0.27281315407854984 0.5546264423728814 0.27783552567975833 0.588996556779661 0.22612874018126888 0.5921443923728813 0.20381346827794564 0.5966887288135594 0.19597236858006042 0.584884802542373 0.19129536858006044 0.5662333822033898 0.24430110876132932 0.5436385644067797 0.239952666163142 0.5337104703389831 0.26158560574018125 0.5225776110169491 0.2734786767371601 0.5118825847457626 0.27617438821752266 0.49837643728813563 0.25614374622356495 0.48454119322033895 0.2079785151057402 0.4693924449152543 0.18740537009063443 0.3943250262711865 0.13458682024169183 0.3905786161016949 0.11544405287009063 0.3993563118644068 0.06540527341389728 0.389650943220339 0.04585142598187311 0.3634418271186441 0.012283385196374622 0.33219617288135594 0.014419779456193355 0.29955401949152544 0.002082001510574018 0.29943241525423725 0 0.2869305161016949 0
0 0.6113166449152543 0.18367662084592146 0.6185709822033899 0.16271761027190332 0.6192186720338984 0.15203256495468276 0.6145369720338983 0.13647338368580061 0.6018988762711864 0.17122423262839878 0.6025699415254236 0.18779430513595166 0.6113166449152543 0.18367662084592146
0 0.6143019186440678 0 0.6161585601694916 0.0031074456193353477 0.6104743330508475 0.04949692598187311 0.617619933898305 0.06586986404833836 0.6094536830508475 0.11766758006042297 0.6144411050847458 0.13410622960725074 0.6228043423728814 0.12051993202416918 0.6193636533898305 0.10225663293051358 0.6237343788135593 0.08345923564954683 0.6201744483050847 0.03557366465256798 0.6251747406779661 0.012313212990936555 0.6229622474576272 0 0.6143019186440678 0
0 0.4567385906779661 0.12172488519637462 0.452823822881356 0.12510293051359517 0.4547540237288135 0.13274689577039275 0.4567385906779661 0.12172488519637462
0 0.437107493220339 0.017150651057401812 0.4290862245762712 0.01917243504531722 0.435752493220339 0.023709607250755285 0.437107493220339 0.017150651057401812
0 0.4064732847457627 0.021045983383685803 0.40547837372881357 0.009818432024169184 0.39705551525423727 0.008593593655589123 0.3973249923728813 0.021917046827794565 0.4010117813559322 0.02624867673716012 0.4064732847457627 0.021045983383685803
0 0.43754296355932204 0.11460661329305137 0.44514452118644066 0.11556020090634442 0.44814212288135596 0.10954374924471298 0.4454864889830508 0.10399568580060424 0.4377890652542373 0.10067494712990938 0.43376030762711865 0.10790782930513595 0.43754296355932204 0.11460661329305137
0 0.4262131186440678 0.08828826888217522 0.4287547627118644 0.09769117069486405 0.43792117711864403 0.09059811782477342 0.4369443889830508 0.07314857552870091 0.4291329754237288 0.07368267220543806 0.4324000533898305 0.08098967371601208 0.4262131186440678 0.08828826888217522
0 0.41929734745762715 0 0.4196503330508474 0.012942037764350453 0.42507558983050847 0.020183326283987914 0.4276534788135593 0.017142244712990938 0.42619859576271185 0 0.41929734745762715 0
0 0.4356203805084746 0.03378643655589124 0.42985315593220336 0.03810966163141994 0.4282520542372881 0.058600283987915405 0.4438567584745763 0.06375407854984894 0.44916802542372886 0.07485020694864049 0.4531786601694915 0.0738393157099698 0.4518780279661017 0.061732294561933534 0.4393486686440678 0.059151196374622364 0.4353742788135594 0.047718104229607254 0.4356203805084746 0.03378643655589124
0 0.30481196864406784 0.5254116193353474 0.31913941610169494 0.5457135135951662 0.3396719211864407 0.5524948217522658 0.34843674745762715 0.5421551450151058 0.3534189169491525 0.5251166842900302 0.34720860508474577 0.50516016163142 0.3357466483050847 0.4889186450151058 0.3356689033898305 0.4803295 0.36047626779661013 0.46594625679758306 0.3894626245762712 0.42803130966767367 0.37907332118644066 0.4316064894259819 0.3553567338983051 0.4595844380664652 0.3333371152542373 0.46943891389728093 0.32472252372881355 0.4634797688821752 0.3167737457627119 0.44061358610271906 0.29971817457627115 0.4396515936555891 0.28931074745762714 0.44944876435045317 0.29391995677966104 0.489895913897281 0.30481196864406784 0.5254116193353474
0 0.46631815 0.6784001903323263 0.4765753423728814 0.6849018398791541 0.4865993025423729 0.6656360558912386 0.48082682542372884 0.636482170694864 0.46220114406779655 0.6100897084592145 0.4318130347457627 0.6000533731117825 0.4270173457627119 0.5883490271903323 0.4366993381355932 0.5806477567975831 0.4408964533898306 0.5508940619335347 0.46404309322033893 0.5421903066465257 0.4738390754237288 0.5306341978851964 0.4771786449152542 0.5130532326283987 0.47228708898305083 0.49898173564954684 0.4461790915254237 0.5012579592145014 0.4419819762711864 0.5310116555891239 0.43369648389830506 0.5531870981873112 0.42172420169491526 0.5710309093655589 0.41834838644067796 0.6010558564954683 0.414835206779661 0.6076805256797584 0.42249638644067794 0.623445246223565 0.4421713457627119 0.6423992854984895 0.46631815 0.6784001903323263
0 0.3204271796610169 0.5975196344410876 0.3516547101694915 0.6016052326283987 0.3725706822033898 0.6178551540785499 0.39086726525423726 0.6161130271903323 0.39881079152542376 0.6055020996978853 0.3942068347457627 0.5985320634441088 0.3677153720338983 0.591339673716012 0.3642384381355932 0.5855203580060423 0.34697301016949156 0.5860460498489426 0.32441443813559323 0.5692536238670695 0.2981328313559322 0.5605735498489426 0.28357740508474577 0.547981332326284 0.2817611940677966 0.5364825287009063 0.2587466652542373 0.5351094546827795 0.2541608313559322 0.5219174259818732 0.2652936906779661 0.5100243534743203 0.269646293220339 0.49744894864048333 0.26523407033898305 0.49521321752265857 0.2571946779661017 0.5034569924471299 0.2491915322033898 0.4992567839879154 0.22662008983050846 0.5221634607250756 0.2308277101694915 0.5593639864048339 0.23785932203389828 0.5795917628398791 0.2567673491525424 0.5796085755287009 0.27635931355932203 0.5564963595166164 0.3204271796610169 0.5975196344410876
0 0.7804249093220339 0.5844025362537765 0.7723258966101695 0.5778351752265861 0.7596825474576271 0.5791089138972809 0.7447307864406779 0.5967471827794562 0.7422125169491526 0.6145994018126888 0.7444303169491525 0.6293448262839879 0.756407852542373 0.6449781253776435 0.7709995245762712 0.6451263610271903 0.7859694084745763 0.6212660996978853 0.7864434881355933 0.5996247552870091 0.7804249093220339 0.5844025362537765
0 0.5525108127118644 0.7925018806646527 0.5422354983050848 0.7922222220543806 0.5070879449152542 0.7580375604229608 0.5000019652542373 0.756475758308157 0.46604630932203395 0.7717300634441088 0.4475761161016949 0.7625158897280967 0.43249224322033897 0.7902309894259819 0.4119053686440678 0.802115657099698 0.39643802966101693 0.8203621435045317 0.39059306101694913 0.8160962235649547 0.3908572847457627 0.7959425649546829 0.3862714516949153 0.7827505362537763 0.3811337940677966 0.7826107069486405 0.36948535677966104 0.7951119954682779 0.3646043059322034 0.8479947190332328 0.33815434152542373 0.8618354577039276 0.3146476101694915 0.8883257190332327 0.28901894576271187 0.9024377099697886 0.29017423813559323 0.9067117567975832 0.4549822813559322 0.9611432099697885 0.5511160186440678 0.953162166163142 0.5663436932203391 0.9473204335347432 0.5643357491525424 0.9310873247734139 0.5705408076271187 0.9175667386706948 0.5641983847457627 0.9076870438066466 0.5720641661016949 0.8884869712990936 0.5785696940677966 0.8423687432024168 0.5849483627118643 0.8398044546827795 0.587964086440678 0.8275660120845921 0.5981435347457628 0.8254785166163142 0.5525108127118644 0.7925018806646527
0 0.27347622627118645 0.8054417296072507 0.2792978186440678 0.7824525302114803 0.27421452966101695 0.7636467265861027 0.2681597059322034 0.7608684909365558 0.2600244474576271 0.7667451117824773 0.2519669330508475 0.7812108776435046 0.2467567847457627 0.8059590151057401 0.22974271101694918 0.8260301510574017 0.21413800677966102 0.8208763564954683 0.17744372033898306 0.7885163444108763 0.16451277288135593 0.7826886223564954 0.1554603474576271 0.785926836858006 0.14688725423728816 0.801000820241692 0.14643129745762712 0.816420172205438 0.12861452711864407 0.8533531359516615 0.15437597881355933 0.8618614169184291 0.15803062033898305 0.8560619682779457 0.1572455652542373 0.8433467341389728 0.16517096779661017 0.8389577960725074 0.17439700338983052 0.8466758791540785 0.21485057033898305 0.8584795589123866 0.2583432372881356 0.8852999138972809 0.26216213898305085 0.8795547160120846 0.261682806779661 0.8677189501510574 0.24955503644067797 0.8683844712990937 0.23818894491525422 0.8545101087613294 0.2585840855932203 0.8378911359516616 0.27347622627118645 0.8054417296072507
0 0.31751782711864407 0.6790794516616314 0.3199454822033898 0.6923371918429003 0.3261324186440678 0.6850385966767372 0.3344412872881356 0.6901182734138973 0.3297052194915254 0.6932250664652567 0.3258681940677966 0.705192256797583 0.3119060898305085 0.7005809667673716 0.3138906584745763 0.6895589577039275 0.3080456898305085 0.6852930377643505 0.3036153440677966 0.6892792975830815 0.3066725661016949 0.6980739848942599 0.299586586440678 0.6965121812688821 0.3030039 0.6875203610271904 0.2998326881355932 0.6825805135951661 0.2954023423728814 0.6865667749244713 0.29784812033898306 0.6936025226586103 0.2921948847457627 0.6940709093655589 0.2922311305084746 0.6816269274924471 0.2793001822033898 0.6757992054380665 0.26455827711864405 0.6919497915407855 0.25772365084745763 0.7099334320241691 0.25543336016949153 0.7200759728096676 0.25782477033898304 0.7457776963746223 0.275761263559322 0.761822077039275 0.28053882966101695 0.7797484123867069 0.2778107050847458 0.7990883157099697 0.2608381305084746 0.840192578549849 0.26118535169491525 0.862105173716012 0.26632300847457624 0.862245003021148 0.2650872491525424 0.8984262311178247 0.27597400762711866 0.9004648262839879 0.2969805940677966 0.8856047900302114 0.31302313220338984 0.8815612235649547 0.3378848652542373 0.8485120060422962 0.3490720923728814 0.8179529592145015 0.3616195745762712 0.8143120679758308 0.36114024152542373 0.8024763021148037 0.3562124406779661 0.8008487885196374 0.3528494957627119 0.7911746344410876 0.35892244237288135 0.7877308761329306 0.3615599533898305 0.7995009320241693 0.3657985661016949 0.7907803640483384 0.36283721101694916 0.784352832326284 0.3419031161016949 0.7743249018126888 0.3407164720338983 0.7583630453172205 0.334799013559322 0.7789850906344411 0.33172366864406777 0.7764123972809668 0.3400997754237288 0.723126996978852 0.34731786694915256 0.7146119697885196 0.3494526694915254 0.6872911389728097 0.35707235 0.6820227341389729 0.3526005059322034 0.6649758670694864 0.3565515194915254 0.6491538398791541 0.3551368974576271 0.6409016570996979 0.3480509177966102 0.6393398549848942 0.34633057372881354 0.6302082054380664 0.3399337822033898 0.6389944864048338 0.3466959161016949 0.6458988111782478 0.3435662033898305 0.6619920921450151 0.33348262203389833 0.6664467401812689 0.33046689745762714 0.6786851827794561 0.3272904330508475 0.6402682235649547 0.31092405 0.6496543141993957 0.3088851135593221 0.6793422990936556 0.31751782711864407 0.6790794516616314
0 0.409420456779661 0.6673934561933534 0.3791697127118644 0.6807574018126888 0.36318679491525424 0.6996121057401813 0.3661481508474576 0.7060396374622356 0.3778924550847458 0.695905501510574 0.4181724127118644 0.6967528836858006 0.42674550423728813 0.6816789003021149 0.42000149237288137 0.6685525830815711 0.409420456779661 0.6673934561933534
0 0.09435912627118644 0 0.09586394491525424 0.00798763746223565 0.1036753593220339 0.0074535392749244716 0.10321940254237288 0.022872891238670697 0.11051523813559323 0.02294700906344411 0.1050122372881356 0.007116575528700906 0.11087532881355933 0.005160504531722054 0.11380043898305084 0.024032018126888217 0.11149202542372881 0.040396551359516614 0.11699502627118645 0.05622698489425982 0.09971147627118644 0.06297467069486404 0.09719320677966102 0.08082688670694864 0.0870915033898305 0.09150352567975831 0.09404537033898304 0.1031421586102719 0.08885334576271187 0.12166830362537763 0.08432713305084746 0.12328741238670694 0.0890450779661017 0.12640261027190333 0.08710200847457628 0.15845774924471298 0.09199356525423728 0.17252924622356494 0.08848038559322033 0.17915391238670694 0.09214905254237288 0.18970753625377643 0.08617197203389831 0.19551844561933535 0.09642916355932203 0.20202009365558912 0.09404300677966101 0.2097954818731118 0.08264067033898305 0.20836510271903325 0.08548803728813559 0.2186474743202417 0.07981667966101695 0.2253378519637462 0.07819220169491525 0.21857335649546827 0.06658000847457626 0.21863066163141995 0.07066838728813558 0.22620891389728098 0.06939113050847458 0.24135701510574017 0.07246647542372882 0.24392970845921452 0.06463693898305084 0.2506857990936556 0.06481054915254238 0.26164209818731116 0.0705234059322034 0.27598484743202417 0.0663262906779661 0.3057385422960725 0.06940163559322034 0.3083112356495468 0.07323866016949153 0.2963440468277945 0.07983243813559322 0.3257691842900302 0.07601353644067796 0.3315143821752266 0.06913741271186441 0.32846489425981873 0.07137333474576271 0.33698832930513595 0.06824362118644067 0.3530816102719033 0.05980263983050847 0.3580787613293051 0.05833365 0.36849255589123864 0.07016095084745763 0.40042467522658615 0.05843476949152543 0.4043368202416918 0.060670691525423724 0.41286025226586104 0.05551491186440678 0.418942413897281 0.057846700847457626 0.429833001510574 0.07222851610169491 0.4314689214501511 0.07925487457627119 0.41821958761329303 0.08657408644067796 0.4455488247734139 0.0945591093220339 0.45597102416918434 0.09694526694915254 0.4481956359516616 0.09039298813559322 0.43980362537764345 0.09632856949152542 0.4129595891238671 0.10656763813559322 0.42568322960725075 0.11254471864406779 0.4198723202416918 0.1156019406779661 0.4286670045317221 0.11991829745762712 0.428535583081571 0.13321458898305086 0.45005390785498484 0.14182918050847457 0.4560130543806647 0.1444666906779661 0.46778311027190334 0.14962247118644068 0.4617009471299094 0.15636648305084747 0.47482726435045314 0.1670796313559322 0.4659095619335347 0.18186303559322034 0.47079210271903327 0.18846968220338983 0.46051813897280963 0.17328468983050846 0.45238897432024167 0.16772732118644068 0.4552245151057402 0.15983816440677967 0.4471694682779456 0.16642668813559322 0.4431174954682779 0.16613908898305085 0.4360160362537764 0.15196712966101694 0.43289243051359516 0.14736317288135592 0.4259223942598187 0.1543895313559322 0.41267306042296076 0.1540241881355932 0.3969824561933535 0.1610505466101695 0.3837331223564955 0.15871875847457628 0.3728425362537764 0.14804185508474577 0.36931625528700907 0.14840194576271187 0.351529749244713 0.1577782161016949 0.3429490105740181 0.179569856779661 0.34080420996978855 0.19100843813559323 0.32979060725075526 0.19072083898305084 0.32268914652567976 0.21209276779661015 0.32351971601208457 0.2321640627118644 0.3122432658610272 0.24583331440677963 0.2762759848942598 0.2498024508474576 0.2542319652567976 0.2462477737288136 0.23982350302114805 0.2411101161016949 0.2396836737160121 0.23469520169491526 0.25469194410876134 0.2313685025423729 0.23257380815709972 0.2372497161016949 0.22439574471299092 0.2437242508474576 0.22419861027190333 0.24221376271186437 0.2135792764350453 0.25548667881355935 0.20784248489425983 0.2559607576271187 0.18620113897280965 0.26572049491525424 0.1870890151057402 0.27263286355932204 0.17769451812688822 0.26327471694915255 0.18005326586102718 0.2593961940677966 0.17098732779456194 0.25055362457627117 0.17273785951661633 0.25139304745762714 0.16678711933534743 0.2570462822033898 0.1663187326283988 0.2547144940677966 0.15542814501510574 0.24740053474576273 0.16157601963746224 0.24783837033898304 0.15237865861027192 0.2573467516949153 0.1337210906344411 0.25161577288135595 0.12560033232628398 0.254092543220339 0.08671498791540785 0.250045663559322 0.10016986253776435 0.2425399720338983 0.10158342900302116 0.23976509576271188 0.06641309365558913 0.22601284745762712 0.06031411933534744 0.2241966372881356 0.04881531570996979 0.22037773559322033 0.054560515105740184 0.2238546694915254 0.060379830815709974 0.2192325906779661 0.05963178549848942 0.21905897966101695 0.04867548640483384 0.21199112288135594 0.04089169335347432 0.21859777033898306 0.030617729607250756 0.21236933559322035 0.016883194864048337 0.2004695440677966 0.00983904078549849 0.19516149745762712 0 0.18439262711864407 0 0.1836419508474576 0.0011673731117824774 0.18309441016949152 0 0.09435912627118644 0
0 0.14876728898305083 0.36722035347432025 0.15954005847457628 0.37311378851963745 0.17450994237288134 0.3492535256797583 0.17206416440677968 0.3422177764350453 0.15325200338983053 0.3445681178247734 0.14695107881355932 0.3557215513595166 0.14876728898305083 0.36722035347432025
0 0.16359219152542373 0.3931360241691843 0.15610462288135593 0.3883275996978852 0.14745378644067797 0.39481243806646527 0.14812485169491527 0.4113825105740181 0.16552239152542372 0.40077998791540786 0.16359219152542373 0.3931360241691843
0 0.1504461347457627 0.3553188761329305 0.16225006101694917 0.35999587613293055 0.16674002796610168 0.37082075226586103 0.17143459745762712 0.34668083081571 0.15838966101694915 0.3447079471299094 0.15128555762711862 0.34936813746223566 0.1504461347457627 0.3553188761329305
0 0.21294794915254237 0.4180003081570997 0.2059940813559322 0.4063616752265861 0.2059163372881356 0.3977725302114804 0.2013720025423729 0.4056136299093656 0.18792547627118644 0.40039412537764346 0.19987201949152542 0.4619485181268882 0.20663415423728815 0.4688528429003021 0.19624485084745763 0.4724280226586102 0.19385869406779663 0.48020341087613294 0.20381016271186442 0.4858255921450151 0.22048226949152544 0.4773189712990937 0.2272987720338983 0.46555732175226583 0.26142803813559323 0.46125931419939575 0.29723615 0.445059829305136 0.3072419881355932 0.43201603474320244 0.30191259830508477 0.42714190030211485 0.26644645338983053 0.4317768716012085 0.2485514584745763 0.43676561782477347 0.24421697881355933 0.4431190317220544 0.2249073618644068 0.43985559818731124 0.2145958025423729 0.4520199229607251 0.20432048813559323 0.45174026435045317 0.20011812033898307 0.4480168504531722 0.20095754322033899 0.44206611178247734 0.21294794915254237 0.4180003081570997