0 1 0.7561754030303031 0.9311197881355933 0.6867562515151515 0.8456530983050848 0.5691781909090909 0.7946215576271187 0.5229597848484848 0.7092237322033899 0.3296188303030303 0.6720455169491525 0.26195132121212117 0.6873998118644068 0.2637053181818182 0.6879172830508474 0.21536460606060603 0.6958704508474576 0.21026488181818181 0.7227836118644069 0.22168410303030303 0.7236462474576271 0.2401412 0.805489813559322 0.25049197272727275 0.9635356627118644 0.33764125454545457 0.9095884779661016 0.26171609393939393 0.8024533033898306 0.1676985 0.6977805203389831 0.10476208484848486 0.5631394644067796 0.06279939393939395 0.4955742915254237 0.05386730000000001 0.4654005983050847 0.09448094242424242 0.46000076271186435 0.11856469090909091 0.4145244949152543 0.1377365181818182 0.380831393220339 0.1802846606060606 0.35019194915254237 0.24955119696969696 0.34601706271186444 0.30281477272727275 0.37529382711864406 0.3558941939393939 0.41773386610169494 0.40246631515151515 0.46414191525423726 0.4745261121212121 0.4857069610169492 0.49034127272727274 0.5003540559322034 0.5631121545454545 0.5458477491525423 0.6364026696969697 0.5932218728813559 0.6875439393939394 0.6638171661016949 0.7186400303030303 0.7149867169491526 0.7618700757575757 0.8733605847457627 0.9718922454545454 0.8913505949152541 1 0.9958976203389831 1 1 0.9150954303030303 1 0.7561754030303031
0 0.8521567372881356 0.3726501272727273 0.8597304457627118 0.4129027515151515 0.8758610847457629 0.416414396969697 0.8663206559322034 0.3816115636363636 0.8521567372881356 0.3726501272727273
0 0.8970812440677965 0.5139691666666667 0.8888174813559323 0.48865834848484846 0.881140333898305 0.48778135151515156 0.8929063559322034 0.5672327424242424 0.9031368372881355 0.5870937666666667 0.9082606508474577 0.5689867393939394 0.8970812440677965 0.5139691666666667
0 0.8053346576271186 0.3095554121212121 0.8134086898305085 0.35754240606060606 0.8383034101694915 0.39409923333333335 0.8384931406779661 0.37142305757575755 0.8229662627118645 0.33627015757575757 0.8382688389830508 0.3577119696969697 0.8448073305084746 0.3461085939393939 0.8313334627118644 0.3222053484848485 0.8053346576271186 0.3095554121212121
0 0.8352846067796611 0.5523055272727273 0.8473437949152542 0.5697051181818182 0.8390108881355932 0.47161976969696967 0.8280557847457627 0.4303132878787879 0.8169972389830509 0.42838243030303025 0.8352846067796611 0.5523055272727273
0 1 0.6936649090909092 0.9945554033898305 0.6686346333333333 0.9831345474576272 0.6559810515151515 0.9835314322033898 0.7030910454545455 0.939900740677966 0.5151889393939394 0.8972535457627119 0.3988306484848485 0.880898606779661 0.38160791515151515 0.8800705440677966 0.3995380818181818 0.9464566576271187 0.5960479060606061 0.9700921389830509 0.7155750666666666 0.9838420254237289 0.7335015878787878 0.9883275067796611 0.7106485515151515 1 0.7391584 1 0.6936649090909092
0 0.6886073338983051 0.20042279696969695 0.6824311559322034 0.22274890303030304 0.6913332508474577 0.2528057303030303 0.6880381457627118 0.26845132424242424 0.6973197000000001 0.253155796969697 0.7108452847457627 0.25737122727272727 0.7313233932203389 0.24101819696969698 0.7264410288135593 0.2167612393939394 0.6886073338983051 0.20042279696969695
0 0.8902490254237289 0.2905495 0.901756172881356 0.31990253636363636 0.940038472881356 0.36366315454545456 0.9045509559322034 0.2965225727272727 0.8902490254237289 0.2905495
0 0.8095095440677966 0.2562918363636364 0.7957079355932204 0.2580531272727273 0.8082674491525423 0.2831870878787879 0.8083537406779661 0.2998865424242424 0.8172212627118645 0.2935561 0.8675281779661017 0.3183290484848485 0.870961293220339 0.2996950909090909 0.8830722016949153 0.2974068696969697 0.8095095440677966 0.2562918363636364
0 0.9061210694915255 0.3925002090909091 0.9110034355932204 0.4167571696969697 0.9296874067796611 0.4392528363636364 0.9136602050847458 0.3963655696969697 0.9061210694915255 0.3925002090909091
0 0.5539225644067797 1 0.5477978813559322 0.9841027999999999 0.5470386830508475 0.9262700757575758 0.5374119644067796 0.8747677909090908 0.5038394491525423 0.8218652303030304 0.5190208813559323 0.6416829000000001 0.5205389966101694 0.6088109242424242 0.5144662559322034 0.591761403030303 0.5084626593220339 0.647486412121212 0.4992328254237288 0.6430941242424242 0.4942470220338983 0.6582127878787879 0.4755116101694915 0.8039423575757575 0.4855177898305084 0.810092290909091 0.4969212186440678 0.7302835333333333 0.4952479457627118 0.8222189454545454 0.4743558084745763 0.8475370606060606 0.4221856118644068 0.7888382818181819 0.39361632372881356 0.8132794 0.35217693220338986 0.7821760121212121 0.3345798966101695 0.7918485303030304 0.30476851525423726 0.8431848969696969 0.3016631406779661 0.8361543181818182 0.27844196949152544 0.856199496969697 0.24462800508474578 0.8456609212121212 0.2582941305084746 0.9681437454545455 0.36050778644067794 1 0.5539225644067797 1
0 0.3918730694915254 0.38682801515151516 0.38398904576271187 0.46470226969696976 0.3931843084745763 0.43270729393939394 0.3969451644067796 0.388408803030303 0.3918730694915254 0.38682801515151516