0 1 0.31418399999999996 0.960607531496063 0.2791075806451613 0.9123317874015747 0.2998775698924731 0.8955437322834646 0.273538188172043 0.916054094488189 0.2546232849462366 0.9027903897637796 0.23949053225806452 0.7790757637795276 0.16461033333333333 0.5921794251968504 0.18930229032258064 0.6433688976377953 0.24690670967741934 0.6381939133858269 0.27852752688172044 0.6649276496062992 0.3034396021505376 0.6582999842519685 0.3214269623655914 0.6272165787401575 0.3067219892473118 0.6127065275590551 0.2726023440860215 0.581210464566929 0.2686042311827957 0.5350147598425198 0.33805486021505377 0.507249374015748 0.3399099408602151 0.4983437086614173 0.365677564516129 0.45794198031496064 0.3874470806451613 0.3808524645669291 0.33462434946236563 0.3021123070866142 0.32462906451612905 0.29941327952755903 0.2920087096774194 0.24367617716535434 0.30107230645161287 0.1972657755905512 0.3247688870967742 0.19955214173228347 0.3680961021505376 0.08126068503937008 0.5117790376344086 0.02011299212598425 0.5240849892473118 0.023230444881889765 0.605316559139785 0.047082338582677165 0.5773755268817204 0.10613745275590551 0.5848719892473119 0.09017472440944882 0.5371188870967741 0.2780776023622047 0.3323373387096774 0.4641653582677165 0.43127405913978495 0.48923171653543307 0.3967986290322581 0.5605105157480316 0.39508752150537635 0.5615589055118111 0.4705353172043011 0.5841409370078741 0.4491935806451613 0.5748142401574803 0.43456059677419356 0.6510616968503937 0.40658209677419355 0.7138474921259842 0.41993175806451616 0.7521859251968505 0.45169655376344087 0.8313387401574803 0.45098497849462366 0.8089630433070866 0.4669732849462366 0.8006847401574803 0.5277880967741936 0.8390064251968504 0.45733794086021506 0.886044188976378 0.4686885430107527 0.9138263149606299 0.5690484193548387 0.9573397322834645 0.5691923924731183 1 0.6269222956989247 1 0.5947178924731182 0.933296657480315 0.525793193548387 0.9235489330708662 0.47075959139784945 0.9803176811023622 0.43492883870967747 1 0.39482942473118277 1 0.31418399999999996
0 0.8512468503937008 0.5503453279569893 0.8371578267716536 0.5566262956989247 0.8367451692913386 0.5673331612903225 0.8462781968503937 0.5766127204301076 0.8483498622047244 0.5741858817204302 0.8643042244094489 0.5708315107526881 0.8512468503937008 0.5503453279569893
0 0.750354062992126 0.6531998709677419 0.7538784133858267 0.6644064946236559 0.749528748031496 0.6746135967741935 0.7590617755905512 0.6838931559139785 0.7650704488188976 0.6819660860215053 0.771079125984252 0.6800390161290323 0.7814374724409449 0.6679048494623656 0.7801911181102362 0.6489179569892474 0.7565690748031496 0.6459193709677419 0.750354062992126 0.6531998709677419
0 0.7945032125984253 0.7394985107526881 0.7951222047244094 0.7234382204301075 0.78952618503937 0.7146584247311828 0.7816521732283465 0.7136588924731183 0.7712938267716536 0.725793064516129 0.7710874960629921 0.7311464946236559 0.7766835118110237 0.7399262849462367 0.7945032125984253 0.7394985107526881
0 0.6554532165354331 0.6519123924731183 0.6610492362204725 0.6606921827956989 0.668923251968504 0.6616917096774193 0.6726539291338582 0.6675449086021505 0.6747255984251969 0.6651180752688172 0.686949279527559 0.6559105053763441 0.673891905511811 0.6354243225806452 0.6660178897637795 0.6344247903225807 0.6556595472440945 0.6465589623655914 0.6554532165354331 0.6519123924731183
0 0.7816437992125984 0.6625514193548387 0.7801911181102362 0.6489179569892474 0.7505603976377953 0.647846440860215 0.7513940866141732 0.6775401935483871 0.7731507952755906 0.6776121827956989 0.773357122047244 0.672258752688172 0.7816437992125984 0.6625514193548387
0 0.8398903385826771 0.793676564516129 0.8452800236220472 0.8078097849462366 0.8709737440944881 0.8083815376344087 0.8751170787401575 0.803527870967742 0.8759423976377954 0.7821141451612903 0.8703463818897638 0.7733343548387097 0.8467243385826771 0.7703357688172043 0.8405093267716536 0.7776162688172044 0.8398903385826771 0.793676564516129
0 1 0.6827938064516129 0.9942422244094488 0.689538688172043 0.9956949015748032 0.7031721505376344 1 0.7067390806451613 1 0.6827938064516129
0 0.9362522362204724 0.8597049784946237 0.9366648976377953 0.8489981182795698 0.927544531496063 0.8290116989247313 0.9159398385826771 0.8221589784946237 0.9097248346456693 0.8294394784946237 0.9093121732283465 0.8401463333333334 0.9223695472440945 0.8606325215053764 0.9362522362204724 0.8597049784946237
0 0.3874466456692913 0.1122070752688172 0.3878593070866142 0.10150020967741935 0.37065859842519683 0.0858676935483871 0.36278458267716535 0.08486816129032258 0.352632562992126 0.09164889784946237 0.3524262362204725 0.09700233333333333 0.365689937007874 0.11213508064516128 0.3874466456692913 0.1122070752688172
0 0.3497355748031496 0.11548945698924731 0.32590720078740154 0.11784430107526882 0.3076748425196851 0.12897894086021505 0.3091275236220472 0.14261240322580646 0.3209385433070866 0.1441116935483871 0.3246692244094488 0.14996489247311828 0.3306778976377953 0.14803782258064516 0.3366865748031496 0.14611075268817206 0.3389645748031496 0.13833048924731184 0.3513945905511811 0.12376948387096774 0.3497355748031496 0.11548945698924731
0 0.6079190866141733 0.1401938709677419 0.6257387874015748 0.13976609677419355 0.6280167874015748 0.13198582795698924 0.6224207716535433 0.1232060376344086 0.6027357322834646 0.12070722043010754 0.5965207283464568 0.12798771505376344 0.5961080669291339 0.1386945752688172 0.6079190866141733 0.1401938709677419
0 0.5003818976377953 0.15882082258064517 0.48401487401574805 0.17288205913978497 0.4891982362204725 0.19236871505376343 0.5049462637795276 0.1943677741935484 0.5171699488188977 0.18516019892473118 0.5250439645669291 0.1861597311827957 0.5267029724409449 0.19443975806451613 0.5223533070866142 0.20464686021505377 0.5103359527559055 0.20850099462365593 0.5196626456692913 0.22313398387096775 0.5273303346456693 0.22948694623655916 0.5333390118110236 0.22755987634408603 0.5550957165354331 0.22763186021505377 0.5581990354330709 0.19843787096774193 0.5544683582677165 0.1925846774193548 0.5683510472440945 0.19165713440860213 0.5789157244094488 0.1741695376344086 0.5737323700787402 0.1546828870967742 0.5621276732283464 0.1478301559139785 0.5469986299212599 0.129770811827957 0.5351876062992127 0.12827151612903226 0.5269009330708662 0.13797884946236558 0.5072158937007875 0.13548003225806451 0.4991355472440945 0.1398339301075269 0.496651220472441 0.152967623655914 0.5003818976377953 0.15882082258064517
0 0.4388591929133858 0.2666730107526882 0.44093085826771655 0.26424617741935486 0.4610285590551181 0.2560381397849463 0.4394781811023622 0.2506127150537634 0.4332631771653543 0.25789321505376345 0.4388591929133858 0.2666730107526882
0 0.35182398818897637 0.21527758064516128 0.350783968503937 0.19093725806451614 0.33109892913385824 0.18843843548387096 0.3248839212598425 0.19571893548387098 0.32633660236220474 0.20935239784946236 0.33421061417322834 0.2103519247311828 0.3379412952755906 0.2162051182795699 0.35182398818897637 0.21527758064516128
0 0.41108543700787403 0.21742061290322579 0.41067277952755904 0.22812747849462364 0.40652943700787403 0.23298113978494622 0.41212545275590556 0.24176093548387098 0.4338821653543307 0.2418329247311828 0.4380255 0.23697925806451614 0.43843816141732284 0.2262723924731183 0.42911146850393705 0.21163940322580643 0.42123744881889763 0.21063987634408604 0.41108543700787403 0.21742061290322579
0 0.41441182677165356 0.2850881505376344 0.37897875590551183 0.28059026881720434 0.3746290866141732 0.29079737096774194 0.36074639370078737 0.2917249086021505 0.37442275590551183 0.2961508010752688 0.3818841102362205 0.307857188172043 0.4036408228346457 0.3079291774193548 0.40985582677165355 0.30064867741935486 0.4198015118110236 0.299221376344086 0.42000784251968504 0.29386794086021506 0.41441182677165356 0.2850881505376344
0 0.35141133070866143 0.22598444623655914 0.35514200393700784 0.23183763978494623 0.35079233858267717 0.2420447365591398 0.35866635433070865 0.2430442688172043 0.36488136220472445 0.23576376344086022 0.3768987165354331 0.23190962903225806 0.39782173228346457 0.20228786021505377 0.413776094488189 0.19893348924731183 0.41584776377952754 0.1965066559139785 0.4123234133858268 0.18530002688172045 0.4206100905511811 0.17559269354838708 0.4148077401574803 0.17216632795698925 0.40672739763779525 0.1765202311827957 0.39844072440944883 0.186227564516129 0.382280031496063 0.19493537096774194 0.3657066811023622 0.21435004301075267 0.35368932677165354 0.21820417741935483 0.35141133070866143 0.22598444623655914
0 0.6999731732283464 0.47196677956989247 0.6794628149606299 0.4908816774193548 0.6674454566929134 0.4947358225806452 0.6608177952755906 0.512723182795699 0.6765658267716536 0.5147222365591398 0.7343662244094488 0.4521243333333333 0.7285638779527559 0.4486979731182796 0.7204835314960629 0.45305187634408606 0.7039101811023621 0.4724665376344086 0.6999731732283464 0.47196677956989247
0 0.9564474488188976 0.18174629569892473 0.932825405511811 0.17874770430107528 0.9286820669291338 0.18360137634408602 0.9129340354330708 0.18160231720430106 0.9021546614173229 0.15333587096774196 0.8944869724409449 0.14698290860215055 0.8826759527559055 0.1454836182795699 0.8803979527559055 0.15326388172043012 0.8859939685039371 0.16204367741935483 0.8938679842519686 0.16304320430107527 0.8994639999999999 0.1718229946236559 0.8698332795275591 0.17075147849462366 0.8596812637795275 0.17753221505376343 0.8648646181102362 0.19701887096774195 0.878747311023622 0.19609132795698928 0.8930426653543307 0.1844569247311828 0.9009166811023622 0.18545645698924731 0.9083780393700788 0.1971628440860215 0.9241260669291339 0.19916190322580646 0.9282694094488189 0.19430823655913979 0.944017437007874 0.19630729032258065 0.9481607755905512 0.19145362903225804 0.98773718503937 0.19109783870967742 0.9939521889763779 0.18381733333333333 0.9941585196850394 0.17846390322580644 0.9844191653543307 0.17453777956989247 0.9802758267716536 0.17939144623655917 0.9605907913385827 0.176892623655914 0.9564474488188976 0.18174629569892473
0 0.46287715748031494 0.15674977419354838 0.4767598503937008 0.15582223655913977 0.4811095196850394 0.14561513978494625 0.4755135 0.13683534408602152 0.4616308070866142 0.1377628870967742 0.46287715748031494 0.15674977419354838
0 0.4862845039370079 0.11399431720430109 0.5043105354330709 0.10821310752688172 0.506588531496063 0.1004328440860215 0.5009925157480315 0.09165305376344085 0.4931185 0.09065352150537634 0.4786168188976378 0.10764135483870967 0.48027582677165354 0.1159213870967742 0.4862845039370079 0.11399431720430109
0 0.48194320472440944 0.17530889247311826 0.47406918897637795 0.17430936021505375 0.46992585433070866 0.17916303225806451 0.4543841535433071 0.1718105430107527 0.44816914566929134 0.1790910430107527 0.45977384251968506 0.18594376344086022 0.45521784251968506 0.20150429569892472 0.46081385826771654 0.21028408602150536 0.4786335590551181 0.20985631182795697 0.49085724409448817 0.20064874193548388 0.48961089370078736 0.1816618494623656 0.48194320472440944 0.17530889247311826
0 0.5076118110236221 0.022558215053763438 0.5214945039370079 0.02163066666666667 0.5200418228346456 0.007997209677419355 0.5082307992125984 0.006497919354838709 0.5020157952755906 0.01377841935483871 0.5076118110236221 0.022558215053763438
0 0.4630667440944882 0.04918139247311828 0.4551927322834646 0.048181860215053766 0.43696037007874017 0.05931650537634409 0.4386193779527559 0.06759653225806452 0.4643130984251968 0.06816828494623656 0.46845643307086615 0.0633146129032258 0.4630667440944882 0.04918139247311828