0 0.24033787762237763 0.17763724375 0.25070552797202794 0.1895643625 0.2541256258741259 0.18822935000000002 0.2595118916083916 0.1733475875 0.26780601048951047 0.1828892875 0.2712261083916084 0.18155427500000001 0.28272560139860137 0.15789662499999998 0.29029275874125876 0.16133245624999998 0.30895453146853147 0.182801275 0.31942954545454544 0.21066055 0.32565013286713285 0.21781682500000002 0.3304167972027972 0.212761375 0.33310993006993006 0.20532050000000002 0.3316560034965035 0.193108775 0.33900843706293704 0.164680275 0.3369349055944056 0.16229485 0.32398148251748254 0.17374076875 0.31972706293706293 0.1530377625 0.31350647202797205 0.14588149374999998 0.2998260839160839 0.15122155625 0.27981774475524473 0.133473175 0.27297755244755245 0.13614320625 0.2427089265734266 0.122399875 0.23866922727272727 0.13356118749999998 0.23670305944055944 0.14710793125 0.24033787762237763 0.17763724375
0 0.4338449265734266 0.600493925 0.4360258181818182 0.6188115125 0.44577386713286715 0.6405649312499999 0.4595616153846154 0.6511570375 0.47324200000000005 0.645816975 0.48474149650349646 0.62215933125 0.4930356153846154 0.631701025 0.5511772552447552 0.609005775 0.5553243181818182 0.61377661875 0.5669311713286713 0.6060511375 0.5662042097902098 0.59994526875 0.5769767377622377 0.5701817625000001 0.5762497762237762 0.5640759 0.5617350629370629 0.54737793125 0.5466007482517482 0.54050626875 0.5363404615384615 0.5445113125 0.5321933986013986 0.53974046875 0.518513013986014 0.545080525 0.5143659545454545 0.54030968125 0.48358508391608385 0.5523248125 0.48089195104895105 0.5597656875 0.46037137412587414 0.567775775 0.44887187762237757 0.591433425 0.4338449265734266 0.600493925
0 0.5056423846153846 0.467039325 0.5029492517482518 0.47448020625 0.4858487692307693 0.48115528125000007 0.4817017097902098 0.47638443124999996 0.4714414195804196 0.48038947500000007 0.46874828671328667 0.48783035625000004 0.45579486713286715 0.499276275 0.4544483006993007 0.50299671875 0.46481595104895107 0.51492383125 0.47030957692307696 0.51597424375 0.47663752797202796 0.539062675 0.48285811888111885 0.54621895 0.4876247832167832 0.54116349375 0.4937380104895105 0.53238760625 0.4963237832167832 0.5090145625 0.5065840734265734 0.50500951875 0.5231723146853147 0.52409290625 0.5265924125874126 0.5227578937499999 0.5339448461538462 0.4943294 0.5407850384615385 0.49165936875 0.5448247377622377 0.48049805 0.5433708076923077 0.46828633125 0.5344570839160839 0.46857093125000004 0.5303100244755244 0.4638000875 0.5234698321678322 0.46647011875000005 0.5193227727272727 0.46169926875 0.5056423846153846 0.467039325
0 0.6729541643356644 0.564665675 0.6654943706293707 0.5771620000000001 0.6606203461538461 0.56628529375 0.6565806468531468 0.5774466125 0.6575223321678322 0.6154168 0.6548291993006993 0.622857675 0.6570100909090909 0.6411752625 0.6632306818181818 0.6483315375 0.673490972027972 0.6443264937500001 0.6842635034965036 0.61456298125 0.6975390104895105 0.6509135500000001 0.7043792027972028 0.648243525 0.6971095629370629 0.58718489375 0.6929625034965035 0.58241405 0.6915085734265735 0.57020231875 0.6942017062937063 0.56276144375 0.6876590314685315 0.5078086875000001 0.6903521643356644 0.5003678 0.6888982377622378 0.48815608125 0.6928305734265734 0.4610626 0.6866099825174825 0.45390633124999996 0.6695095 0.46058140625000005 0.6654698006993007 0.47174271875 0.6698315839160839 0.5083778999999999 0.667138451048951 0.515818775 0.6729541643356644 0.564665675
0 0.26779691958041957 0.5886342625000001 0.2705974125874126 0.59712554375 0.2753640769230769 0.5920700937500001 0.27256358391608393 0.58357880625 0.26779691958041957 0.5886342625000001
0 0.24343588811188813 0.1285057375 0.23815698601398602 0.15931965625 0.2449971783216783 0.156649625 0.24769031118881119 0.14920875 0.24343588811188813 0.1285057375
0 0.2479541678321678 0.39191164375 0.26163455594405594 0.38657158125 0.25945366433566436 0.36825399375 0.2532330734265734 0.361097725 0.2463928811188811 0.36376775625 0.2479541678321678 0.39191164375
0 0.27638855944055946 0.5405531625 0.28675620979020977 0.5524802875 0.2915228706293706 0.547424825 0.29421600349650345 0.53998395 0.289341979020979 0.5291072375 0.28312138811188814 0.521950975 0.2797012937062937 0.52328598125 0.2756615944055944 0.5344473 0.27638855944055946 0.5405531625
0 0.1516300909090909 0.24421196250000002 0.15785068181818182 0.25136823124999996 0.17287763636363637 0.24230773125 0.17557076573426575 0.23486685624999998 0.17411683916083914 0.22265513124999997 0.1671692832167832 0.20939299375 0.15618203146853146 0.20729218125 0.14872223426573428 0.21978850625000002 0.1516300909090909 0.24421196250000002
0 0.6830333881118881 0.2284706125 0.6880147762237762 0.2552794875 0.7030417272727273 0.2462189875 0.6912201503496503 0.22208014375000001 0.6830333881118881 0.2284706125
0 0.7476012517482518 0.65054093125 0.7529875174825175 0.635659175 0.7515335909090909 0.62344745 0.745313 0.616291175 0.7350527097902098 0.62029621875 0.735887034965035 0.64233425 0.7428345909090909 0.65559638125 0.7476012517482518 0.65054093125
0 0.7138879615384615 0.53271333125 0.7098482622377622 0.5438746437499999 0.7139953216783217 0.5486454937499999 0.7154492517482517 0.56085721875 0.7257095384615385 0.55685216875 0.7193815874125874 0.5337637375 0.7138879615384615 0.53271333125
0 0.7707321713286713 0.72457708125 0.7734253041958041 0.71713620625 0.7719713741258741 0.70492448125 0.7657507832167832 0.6977682125 0.7623306888111888 0.69910321875 0.763165013986014 0.72114125 0.7693856048951049 0.728297525 0.7707321713286713 0.72457708125
0 0.7228508181818182 0.74326729375 0.7255439510489511 0.7358264125 0.7199429615384615 0.7188438374999999 0.7068821783216783 0.7143576 0.7035694440559441 0.731624775 0.7084434685314686 0.7425014875 0.7146640594405594 0.7496577624999999 0.7228508181818182 0.74326729375
0 0.23550389510489508 0.783344075 0.2505308496503496 0.774283575 0.24554946153846155 0.7474746999999999 0.2387092692307692 0.75014473125 0.23197643706293705 0.7687469250000001 0.23550389510489508 0.783344075
0 0.23501622377622378 0.9145218249999999 0.2418564160839161 0.91185179375 0.24454954895104894 0.9044109125 0.24029512587412588 0.8837079062500001 0.2328353321678322 0.8962042312499999 0.23501622377622378 0.9145218249999999
0 0.24131542657342656 0.99749046875 0.2403196958041958 0.9891271875 0.23409910489510488 0.9819709187500001 0.230679006993007 0.98330593125 0.23147157692307693 0.99759284375 0.24131542657342656 0.99749046875
0 0.15231430419580422 0.95638848125 0.14558147202797203 0.9749906749999999 0.14630843706293709 0.9810965375 0.15252902797202797 0.9882528125000001 0.1607157867132867 0.9818623437499999 0.1585348951048951 0.9635447562499999 0.15231430419580422 0.95638848125