0 0 0.5370588033707865 0.02660363223140496 0.5119193258426966 0.08737948760330579 0.5260733764044944 0.07604928925619835 0.4747396292134831 0.2949155082644628 0.2822359213483146 0.47802931404958676 0.40508480337078656 0.5080241157024793 0.3719684606741573 0.5825792685950413 0.377873893258427 0.5752620743801653 0.45637343258426966 0.6012008512396695 0.43663455617977526 0.5931017024793388 0.4204262752808989 0.6757689132231405 0.3995767696629213 0.7397844256198347 0.4202141292134831 0.776241326446281 0.4573487078651685 0.8588999297520661 0.4651413539325842 0.8337732190082645 0.47934051685393264 0.8183568801652892 0.5416317808988764 0.8661913099173554 0.47256826966292137 0.9139999297520661 0.4894312191011236 0.9317965289256199 0.5966948146067416 0.9771775537190083 0.6015347415730337 0.9855667231404959 0.6157645561797753 0.9887123595041323 0.594305797752809 0.956931847107438 0.5538535 0.9528973305785124 0.49562559550561797 0.9978383181818182 0.47351273033707864 0.9985595578512396 0.3049687584269663 0.9602446487603307 0.31687852808988765 0.945666194214876 0.2877036179775281 0.9691730743801653 0.270262797752809 0.9570222066115703 0.25311091011235953 0.8362997768595042 0.16197880337078652 0.6385601776859504 0.1674868370786517 0.6855438223140495 0.23285272471910115 0.6766197066115703 0.2651473764044944 0.7017335041322315 0.2939114438202247 0.6928136900826446 0.31188501685393255 0.6620240330578512 0.2932567752808989 0.6506895371900827 0.25624410112359547 0.6182757438016528 0.24869527528089885 0.5623378636363636 0.3158715786516854 0.5331637355371901 0.31480606741573036 0.520999958677686 0.3406174101123596 0.4764223966942149 0.3588799213483146 0.4018844504132232 0.2956901797752809 0.320849979338843 0.2768181179775281 0.32167065289256197 0.24263625280898876 0.262510326446281 0.2460449438202247 0.21144914049586777 0.26566190449438204 0.20900434297520662 0.3109231853932584 0.06957428099173554 0.44745192696629216 0 0.454065 0 0.5370588033707865
0 0.8685930867768594 0.5705177471910112 0.8531939545454545 0.5755246966292136 0.851569826446281 0.5866041235955056 0.8604810330578513 0.5972726910112359 0.8629129256198347 0.5949746404494382 0.8799318884297521 0.5932093426966292 0.8685930867768594 0.5705177471910112
0 0.7518664462809918 0.6665032247191012 0.7542940371900826 0.6785262471910112 0.7486181818181818 0.6886620674157303 0.757529388429752 0.6993306348314606 0.7640130123966943 0.6979761853932585 0.7704966280991735 0.6966217359550562 0.7826560991735537 0.6851314662921348 0.7834724669421488 0.6652706853932584 0.7591621280991735 0.6596090674157303 0.7518664462809918 0.6665032247191012
0 0.7883061363636363 0.760922106741573 0.7907423347107438 0.7443029775280898 0.7858828512396694 0.734578011235955 0.7777794008264463 0.7326908033707865 0.7656199297520662 0.7441810674157303 0.7648078636363637 0.7497207808988764 0.769667347107438 0.7594457471910112 0.7883061363636363 0.760922106741573
0 0.6530009462809917 0.6549361685393258 0.6578604338842975 0.6646611404494382 0.6659638801652893 0.6665483426966292 0.6692035371900826 0.6730316573033708 0.6716354338842975 0.6707336011235955 0.68541473553719 0.6624849943820225 0.6740759338842975 0.6397933988764045 0.6659724876033059 0.6379061910112359 0.6538130123966942 0.6493964550561797 0.6530009462809917 0.6549361685393258
0 0.7834681652892562 0.6795917584269663 0.7834724669421488 0.6652706853932584 0.7526785123966943 0.6609635168539326 0.7502380082644629 0.6919037191011236 0.772928520661157 0.6943236853932585 0.7737405867768595 0.68878397752809 0.7834681652892562 0.6795917584269663
0 0.8296182272727273 0.8221027303370786 0.8336656487603306 0.8373674101123596 0.8604078842975206 0.8407309775280899 0.865271673553719 0.8361348764044944 0.8685199380165289 0.8139760337078651 0.8636604504132231 0.8042510674157303 0.839350111570248 0.7985894494382022 0.8320544256198347 0.805483606741573 0.8296182272727273 0.8221027303370786
0 0.9227906570247933 0.9010899101123595 0.9244147892561984 0.8900104887640449 0.9171277107438016 0.8682625 0.9057846074380165 0.8598919775280898 0.8984889214876033 0.8667861348314607 0.8968647933884297 0.8778655617977529 0.9082035909090909 0.9005571516853932 0.9227906570247933 0.9010899101123595
0 0.4335593223140496 0.06532043258426966 0.43518345454545454 0.05424101123595505 0.41898086363636367 0.036145522471910115 0.4108774132231405 0.03425831460674157 0.39953000826446283 0.04020887078651685 0.3987179421487604 0.0457485786516854 0.41086880991735536 0.06290046629213483 0.4335593223140496 0.06532043258426966
0 0.39384985123966937 0.06466576404494381 0.3687274421487603 0.06454385393258427 0.348464520661157 0.07414691573033708 0.34846021900826446 0.08846798876404494 0.36061539256198344 0.091298797752809 0.36385504958677684 0.09778211235955056 0.3703386652892562 0.09642766292134831 0.37682228099173554 0.09507321348314607 0.38006624380165294 0.08723544943820224 0.3946576115702479 0.07344712921348315 0.39384985123966937 0.06466576404494381
0 0.6604558388429752 0.11816220786516853 0.6790946280991735 0.11963856741573034 0.6823385867768594 0.11180080337078652 0.6774791033057851 0.10207583707865167 0.6572204834710744 0.09735782022471912 0.6499247975206611 0.10425198314606741 0.6483006652892561 0.11533139887640449 0.6604558388429752 0.11816220786516853
0 0.5461869090909091 0.12592318539325842 0.5275438140495868 0.13876789325842698 0.530779173553719 0.15957228651685396 0.5469860661157026 0.16334669662921347 0.5607653677685951 0.1550980842696629 0.5688688140495868 0.15698529213483145 0.5696765785123966 0.1657666629213483 0.5640007231404959 0.17590247752808988 0.5510334876033057 0.1786113764044944 0.559132632231405 0.1948196629213483 0.5664240082644628 0.20224657303370785 0.572907632231405 0.20089212359550562 0.5955981446280991 0.20331208988764043 0.602090367768595 0.17331548876404493 0.5988507107438017 0.16683217415730336 0.6134377727272727 0.16736492696629213 0.6264093140495869 0.15033495505617978 0.6231739545454545 0.12953056741573032 0.6118308553719007 0.12116004494382022 0.5980601570247934 0.10076650561797752 0.5859049876033058 0.09793569101123595 0.5761774049586778 0.10712791011235955 0.5559187892561983 0.10240989325842698 0.5470032768595042 0.10606239325842697 0.5429472520661157 0.11943986516853933 0.5461869090909091 0.12592318539325842
0 0.4699775 0.23134469101123595 0.4724093966942149 0.2290466404494382 0.49429214462809923 0.22268523595505615 0.47241369834710745 0.21472556179775282 0.4651180165289256 0.2216197191011236 0.4699775 0.23134469101123595
0 0.3849042148760331 0.168565797752809 0.3865326487603306 0.1431653033707865 0.3662740330578513 0.13844728651685392 0.3589783512396694 0.14534144943820226 0.3589740454545455 0.15966252247191012 0.36707749173553716 0.16154972471910112 0.37031715289256195 0.1680330449438202 0.3849042148760331 0.168565797752809
0 0.4464921363636364 0.17718013483146067 0.4448680041322314 0.1882595561797753 0.4400042148760331 0.19285566292134831 0.44486369834710743 0.20258062921348313 0.4675542107438016 0.20500059550561797 0.472418 0.20040448876404493 0.474042132231405 0.18932506741573035 0.4659429917355372 0.17311678651685394 0.457839541322314 0.1712295786516854 0.4464921363636364 0.17718013483146067
0 0.44241889669421486 0.24784191011235954 0.40595338842975204 0.2393494775280899 0.40027753305785124 0.249485297752809 0.38569046694214876 0.24895253932584271 0.39946546694214874 0.25502500561797753 0.40594478099173553 0.26799162921348313 0.42863529338842976 0.27041159550561794 0.43593097520661156 0.2635174382022472 0.4464663181818182 0.26310658988764046 0.4472783842975207 0.2575668820224719 0.44241889669421486 0.24784191011235954
0 0.38328008264462815 0.1796452191011236 0.3865197396694215 0.18612852808988767 0.38084388429752064 0.19626434269662923 0.3889473347107438 0.19815155056179773 0.396243020661157 0.19125739325842697 0.4092102520661157 0.18854849438202248 0.4343412644628099 0.16002825280898877 0.4513602272727273 0.15826295505617977 0.4537921198347108 0.1559648988764045 0.45136452892561985 0.14394187640449438 0.4610921074380165 0.13474966853932585 0.4554205578512397 0.13056441011235956 0.44650504545454545 0.13421691011235953 0.43677746280991736 0.14340912359550562 0.41894644214876037 0.15071412921348315 0.39949128099173553 0.16909855056179776 0.3865240454545455 0.17180745505617978 0.38328008264462815 0.1796452191011236
0 0.7195085950413224 0.47278041573033713 0.6960017107438017 0.49022124157303376 0.683034479338843 0.49293014044943817 0.6741146570247935 0.5109037191011235 0.6903215537190083 0.5146781292134831 0.757602541322314 0.45587234831460677 0.7519309876033058 0.45168708988764045 0.7430154752066115 0.4553395898876405 0.7235603140495868 0.47372401685393256 0.7195085950413224 0.47278041573033713
0 0.9610954462809916 0.18244913483146066 0.9303014834710743 0.17814196629213483 0.9189540785123967 0.18409252247191013 0.9221894338842974 0.20489691011235953 0.9367765 0.20542966853932587 0.952987694214876 0.19488300561797753 0.9610911446280992 0.19677020786516855 0.9675704545454545 0.20973683707865168 0.9837773512396694 0.21351125280898878 0.9886411404958678 0.2089151460674157 0.9989603099173553 0.21131837078651683 0.9990337809917356 0.1941489831460674 0.9951290619834711 0.19323961797752812 0.9902652727272727 0.19783572471910113 0.9740583760330579 0.19406130898876403 0.9659635371900825 0.1635319550561798 0.958672152892562 0.1561050393258427 0.9465169876033057 0.15327423033707865 0.9432730247933885 0.16111198876404495 0.9481325123966943 0.1708369606741573 0.9562359545454545 0.17272416853932585 0.9610954462809916 0.18244913483146066
0 0.5072895000000001 0.11972880898876403 0.5218765661157024 0.12026156179775281 0.5275524214876033 0.1101257415730337 0.5226929380165289 0.10040077528089889 0.5081058719008265 0.09986801685393258 0.5072895000000001 0.11972880898876403
0 0.536476541322314 0.07783108988764045 0.5559273966942149 0.07376774157303372 0.5591713553719009 0.06592998314606742 0.5543118719008264 0.056205005617977526 0.5462084256198346 0.05431780337078652 0.5291851611570247 0.07040417415730336 0.5299929214876032 0.0791855393258427 0.536476541322314 0.07783108988764045
0 0.5251119214876033 0.14106594943820225 0.5170084752066115 0.1391787415730337 0.5121446859504132 0.14377485393258427 0.4967498595041322 0.13446072471910112 0.489454173553719 0.14135488764044943 0.5007972768595041 0.14972541011235954 0.49430935537190085 0.16540093258426966 0.49916884297520664 0.17512590449438203 0.517807632231405 0.17660226404494384 0.5315869380165289 0.16835365168539326 0.532403305785124 0.14849287078651685 0.5251119214876033 0.14106594943820225
0 0.5194790950413224 0.007991011235955057 0.5113756487603306 0.006103803370786517 0.49111272727272726 0.015706865168539325 0.4919204917355372 0.024488230337078653 0.5186627272727272 0.02785179775280899 0.5235265165289256 0.023255691011235955 0.5194790950413224 0.007991011235955057