0 1 0.4990606684210526 0.9851592384615385 0.5123648368421052 0.9282388884615385 0.4950522 0.9398208807692308 0.543896994736842 0.7396919269230768 0.709637 0.5665959461538461 0.5823407789473685 0.5393032423076923 0.6113636052631579 0.4697060961538462 0.6008592578947368 0.4749605346153846 0.5278093105263159 0.4511810884615385 0.5445706947368422 0.4590518961538462 0.5602946684210526 0.3824282269230769 0.5743132105263158 0.3223595576923077 0.5507109736842105 0.28764448846153845 0.5134921526315789 0.21045796153846155 0.5006794578947369 0.23359103846153845 0.4890534789473684 0.24671628076923074 0.43172750000000004 0.20351494615384613 0.4932356947368421 0.15862503846153847 0.4742501631578947 0.13990210769230768 0.3725793315789474 0.09751415384615385 0.3650188052631579 0.03432125384615385 0.2566776263157895 0.03357678076923077 0.2625925210526316 0.05141501923076923 0.32433745789473684 0.1173318923076923 0.41103654210526314 0.1222523 0.4658531947368421 0.06395571153846154 0.4907780315789474 0.01681888846153846 0.564836494736842 0.017395365384615388 0.5841965736842105 0.0701997576923077 0.6446394210526315 0.11896786538461539 0.6328124736842106 0.13313531923076924 0.6611156210526316 0.11157640769230769 0.6758863894736843 0.1232419076923077 0.6927645368421053 0.23756195384615386 0.7861877105263158 0.42172966923076927 0.7942152789473684 0.37664183461538464 0.7298474842105263 0.3843147230769231 0.7001891894736841 0.3603373615384615 0.6715683052631579 0.3682916769230769 0.6553256263157895 0.3973564653846154 0.6748298578947368 0.4086570269230769 0.7102590421052631 0.43901454615384616 0.719492447368421 0.48980526153846154 0.6602926105263158 0.5170144538461539 0.6632364368421052 0.5278356653846153 0.6398677263157895 0.5690143961538462 0.6257324263157895 0.6397372615384616 0.6898992473684211 0.7156310576923077 0.7129827684210526 0.71554755 0.7449494210526316 0.7706123038461538 0.745701652631579 0.8178062538461539 0.730729905263158 0.8191824923076924 0.6884924368421051 0.9463989576923076 0.5698917947368421 1 0.5686035736842106 1 0.4990606684210526
0 0.21486811153846155 0.38738265263157895 0.20635093846153846 0.37679408947368426 0.2041304076923077 0.3787847105263158 0.18830528076923075 0.3793034157894737 0.1993244153846154 0.4013169789473684 0.21357538076923077 0.3976534736842105 0.21486811153846155 0.38738265263157895
0 0.3087766538461539 0.2986412789473684 0.30025948076923076 0.2880527210526316 0.2942442615384615 0.28888916315789476 0.2882290423076923 0.2897256052631579 0.27712640384615383 0.2996786947368421 0.2767614692307692 0.3182297263157895 0.29952960384615385 0.3251547789473684 0.3061911884615384 0.31918293157894734 0.3036892346153846 0.3077579315789474 0.3087766538461539 0.2986412789473684
0 0.2731337923076923 0.25314225263157897 0.28072316923076923 0.2554506 0.2918258153846154 0.24549751578947368 0.2924721769230769 0.2403621 0.2877496923076923 0.2309277157894737 0.27035040384615383 0.22830163157894737 0.2684113076923077 0.24370786842105266 0.2731337923076923 0.25314225263157897
0 0.3862446115384615 0.3248696 0.3830962884615385 0.3185800052631579 0.38087576153846153 0.3205706263157895 0.3681989576923077 0.32737892105263156 0.3792180923076923 0.3493924842105263 0.38680747307692304 0.3517008315789474 0.39791011153846156 0.34174774736842106 0.39855647692307694 0.3366123315789474 0.39383399230769234 0.32717794736842104 0.3862446115384615 0.3248696
0 0.30554482692307694 0.32431834210526317 0.3072024923076923 0.29549648947368423 0.28600851538461536 0.29171622105263156 0.28536215 0.29685163684210525 0.27648003846153846 0.3048141052631579 0.2767614692307692 0.3182297263157895 0.30554482692307694 0.32431834210526317
0 0.20156663846153844 0.14872857368421052 0.1971255846153846 0.1527098105263158 0.19454011923076922 0.17325145789473684 0.19926260384615382 0.18268584210526315 0.22203073846153845 0.1896108947368421 0.22869232307692308 0.18363904210526316 0.23063142307692308 0.1682328105263158 0.22655530384615385 0.15366301052631579 0.20156663846153844 0.14872857368421052
0 0.06111051153846154 0.24730627368421051 0.06490520384615385 0.24846044736842104 0.07156678846153847 0.24248859473684212 0.07128535769230769 0.22907297368421053 0.06434234615384615 0.2216292105263158 0.054532438461538456 0.2213114789473684 0.05323970384615385 0.2315823 0.06111051153846154 0.24730627368421051
0 0.14815955384615384 0.1191544894736842 0.15889725384615383 0.12775243157894736 0.16555883846153846 0.12178057368421052 0.16685156923076924 0.11150975263157895 0.1558324423076923 0.08949618947368422 0.1422278423076923 0.08802427894736843 0.14093511153846155 0.09829511052631579 0.14815955384615384 0.1191544894736842
0 0.6289778615384616 0.9318990947368421 0.6365672423076923 0.9342074421052632 0.6470235153846153 0.9293897684210527 0.6476698807692308 0.924254352631579 0.6360043846153847 0.9073762052631579 0.6148104076923077 0.9035959421052632 0.6135176730769232 0.9138667684210525 0.6289778615384616 0.9318990947368421
0 0.6939360307692308 0.9010024052631579 0.6936546038461538 0.8875867894736842 0.6822705346153847 0.8841242578947368 0.6791222115384615 0.8778346736842105 0.6731069923076922 0.8786711105263157 0.6670917769230769 0.879507552631579 0.6642248807692307 0.8866335842105264 0.6509017115384615 0.8985772894736842 0.6518295076923077 0.9068575 0.6752440153846154 0.9086471421052631 0.6939360307692308 0.9010024052631579
0 0.38204159615384614 0.8434620210526315 0.38676408076923074 0.8528964052631579 0.4057375307692308 0.8586672842105263 0.4123991153846154 0.8526954315789474 0.4136918461538462 0.8424246052631579 0.40230777307692306 0.8389620789473684 0.38490848846153847 0.8363359894736843 0.38204159615384614 0.8434620210526315
0 0.5223307038461539 0.8088176210526317 0.5071519423076923 0.8042009157894736 0.4944751423076923 0.8110092105263157 0.4868857615384616 0.8087008631578948 0.4859579692307693 0.8004206578947368 0.4910453923076923 0.7913040052631578 0.5030758269230768 0.7896311263157895 0.4952050153846154 0.7739071526315789 0.48826200384615387 0.7664633894736842 0.48224678846153846 0.7672998315789473 0.46105280769230766 0.7635195631578947 0.45560045000000005 0.7911872421052633 0.4587487730769231 0.7974768368421052 0.4451441730769231 0.7960049210526317 0.43339516538461537 0.8110934263157895 0.43682492307692306 0.8307986315789474 0.44756262307692307 0.8393965736842106 0.46080228461538464 0.8594195157894736 0.4721863538461538 0.8628820421052631 0.48106846923076924 0.8549195684210527 0.5000419153846154 0.860690452631579 0.5082776615384615 0.8578633947368421 0.5117909230769231 0.8456019526315789 0.5086426 0.8393123578947368 0.5257604576923077 0.8285228263157896 0.5223307038461539 0.8088176210526317
0 0.5550757653846154 0.7521271157894738 0.575623376923077 0.7610427894736842 0.5822849615384615 0.7550709315789474 0.5775624730769231 0.7456365526315789 0.57534195 0.7476271684210526 0.5550757653846154 0.7521271157894738
0 0.6760573961538462 0.8395784315789474 0.6827189807692308 0.8336065789473684 0.68243755 0.820190957894737 0.6748481692307692 0.8178826052631579 0.6716998461538461 0.8115930210526315 0.6580952499999999 0.810121105263158 0.6570839461538461 0.833807547368421 0.6760573961538462 0.8395784315789474
0 0.6062623269230769 0.7836918210526316 0.6015398423076923 0.7742574368421052 0.5803458615384616 0.7704771736842104 0.5759048076923077 0.7744584052631579 0.5746120730769231 0.7847292315789474 0.5824828807692307 0.8004532 0.5900722615384616 0.8027615578947369 0.6005285346153846 0.7979438789473685 0.6018212692307693 0.7876730526315789 0.6062623269230769 0.7836918210526316
0 0.6421557115384615 0.7332909 0.6557603076923078 0.7347628105263158 0.6428020769230769 0.7281554842105263 0.6365054307692307 0.7155763105263158 0.61531145 0.7117960473684211 0.6086498653846154 0.7177679 0.5988399576923077 0.7174501684210526 0.5981935961538462 0.7225855789473684 0.6029160807692308 0.7320199578947367 0.6370682884615384 0.7424075421052632 0.6421557115384615 0.7332909
0 0.6613270807692307 0.7844440421052631 0.6537377 0.7821356947368421 0.6470761192307692 0.788107547368421 0.6350456807692307 0.7897804315789473 0.6121940346153846 0.8148220263157894 0.5963689076923077 0.8153407315789474 0.5941483846153846 0.8173313473684211 0.5966503384615385 0.8287563473684211 0.587768226923077 0.8367188210526315 0.5931370807692308 0.8410177894736843 0.6013728269230769 0.8381907315789473 0.6102549346153846 0.8302282578947369 0.6267264269230769 0.8245741421052631 0.6444906499999999 0.8086491947368422 0.6565210884615384 0.8069763157894737 0.6593879807692308 0.7998502842105263 0.6562396576923076 0.7935606947368421 0.6613270807692307 0.7844440421052631
0 0.3737966384615385 0.48637573157894737 0.3817509538461538 0.470133052631579 0.3665721961538461 0.465516347368421 0.3050437769230769 0.5161182421052631 0.31041263076923076 0.5204172105263158 0.31864837692307696 0.517590147368421 0.3364126 0.5016652052631579 0.3402072923076923 0.5028193789473684 0.3617662 0.4880486105263158 0.3737966384615385 0.48637573157894737
0 0.09336373846153846 0.7423290210526317 0.10854249615384616 0.7469457210526317 0.11669473846153845 0.7760853105263158 0.12363774999999999 0.7835290736842104 0.13502181923076925 0.7869916052631578 0.13788871153846152 0.7798655736842106 0.13316622692307692 0.7704311894736842 0.12557685 0.7681228421052632 0.12085436153846153 0.7586884578947368 0.14963771923076924 0.7647770736842106 0.16009399615384617 0.7599593894736841 0.1566642423076923 0.7402541842105262 0.14305964615384614 0.7387822736842105 0.12816231538461537 0.7475811894736842 0.12057293461538462 0.7452728368421053 0.11427628846153846 0.7326936578947368 0.09909752692307693 0.7280769578947368 0.09465646923076923 0.7320581894736843 0.07947771153846153 0.7274414894736843 0.07503665384615385 0.7314227263157894 0.03644339230769231 0.7250163736842105 0.02978180769230769 0.7309882263157895 0.029135442307692307 0.7361236421052632 0.038298980769230766 0.7415767894736841 0.04274003846153846 0.7375955526315789 0.061713488461538464 0.7433664315789473 0.06615454615384617 0.739385194736842 0.08892268076923078 0.7463102578947368 0.09336373846153846 0.7423290210526317
0 0.5263233153846154 0.8553540684210525 0.5310458 0.864788452631579 0.5446504 0.8662603578947369 0.5450153346153847 0.8477093315789473 0.5314107346153846 0.8462374157894738 0.5263233153846154 0.8553540684210525
0 0.49773788076923076 0.8946477210526316 0.5024603653846154 0.9040821 0.5100497461538461 0.906390452631579 0.5255934423076922 0.8924561315789473 0.5246656461538461 0.8841759263157895 0.5186504307692308 0.8850123631578947 0.5006047730769231 0.8875216947368421 0.49773788076923076 0.8946477210526316
0 0.5400114192307692 0.8248593315789474 0.5545438115384616 0.8346114421052632 0.5612053961538461 0.8286395894736842 0.5504676961538462 0.820041652631579 0.5562014846153845 0.8057895842105263 0.5514789999999999 0.7963552105263157 0.5340797115384616 0.7937291210526316 0.5214029076923077 0.8005374157894738 0.5210379692307693 0.819088447368421 0.5279809846153847 0.8265322105263159 0.5355703653846154 0.8288405631578947 0.5400114192307692 0.8248593315789474
0 0.47693974615384616 0.981631994736842 0.4883238153846154 0.9850945210526315 0.49498539999999996 0.9791226684210527 0.49026291538461536 0.9696882842105262 0.4766583153846154 0.9682163736842104 0.47693974615384616 0.981631994736842
0 0.5621641 0.9462353631578947 0.5612363038461539 0.9379551578947368 0.5362476384615384 0.9330207210526316 0.5318065807692308 0.9370019578947368 0.5358826999999999 0.9515717473684211 0.5434720807692308 0.9538801052631579 0.5621641 0.9462353631578947
0 0.019712165384615385 0.4666570894736842 0.01391943076923077 0.4674625947368421 0.015364373076923078 0.5159887631578948 0.023058411538461537 0.5183289473684211 0.03989484230769231 0.4941238 0.02952207307692308 0.46697482631578946 0.019712165384615385 0.4666570894736842