0 0 0.5230546555555555 0.07571729918032788 0.45165543333333336 0.12013067213114753 0.46321878333333333 0.16045520491803278 0.3680895111111111 0.2098020286885246 0.36914389444444445 0.24049235655737705 0.4514842 0.23930485655737704 0.3870803277777778 0.21838355327868852 0.36471231111111113 0.29905723770491804 0.3867418166666667 0.34196484426229506 0.36458388888888893 0.40761779098360656 0.3678326611111111 0.4820726393442623 0.41695747777777775 0.4708101639344262 0.4294079333333334 0.4913030081967213 0.4573047333333333 0.501377987704918 0.38045039999999997 0.5738986106557377 0.4013827166666667 0.5953585655737705 0.4433757611111111 0.7970304713114754 0.3923055055555556 0.9643030204918033 0.6522398666666667 0.9423167172131147 0.6967658166666666 0.9810437581967213 0.7019774944444445 0.9863531967213114 0.633465438888889 0.976422418032787 0.6287318444444445 0.8728808975409835 0.44999778888888886 0.880385106557377 0.4063161388888889 0.8358615450819673 0.36959897222222227 0.7800755 0.34533227222222224 0.7734282090163935 0.37795635555555557 0.6918976024590164 0.3669844111111111 0.6069393114754098 0.40024271111111115 0.5683163114754098 0.36711283333333333 0.5623055532786885 0.3383717333333333 0.5341983032786884 0.3290027722222222 0.4953549180327869 0.24556527222222221 0.46274267622950815 0.2411764888888889 0.44386579098360657 0.2721547888888889 0.4103966270491803 0.2788235722222222 0.40578144672131145 0.25864994444444445 0.436031 0.24037499999999998 0.43452523360655737 0.20665371666666665 0.49362877049180326 0.1615363611111111 0.30588798770491804 0.08599326111111111 0.1707259549180328 0.1292547388888889 0.15538694672131148 0.1411566 0.1740557581967213 0.16601470555555556 0.15378329918032788 0.1884255388888889 0.10700723360655738 0.1541984611111111 0.03159757786885246 0.19712142777777777 0.06829866393442624 0.3082028333333333 0.12194240163934426 0.36011344444444443 0.10542820491803279 0.41375545555555554 0.020580106557377048 0.4721675722222222 0 0.5085419833333333 0 0.5230546555555555
0 0.1704446106557377 0.4783694222222223 0.18632227459016393 0.48609259444444447 0.18814630737704918 0.48913128333333333 0.1989803237704918 0.4822096 0.19983724590163934 0.4711520444444444 0.1862120819672131 0.4609387833333333 0.1704446106557377 0.4783694222222223
0 0.27516132786885245 0.6153633222222222 0.2719417172131148 0.6037571666666667 0.27687517213114754 0.5932482 0.2714030655737705 0.5841321388888888 0.24694388524590163 0.58084055 0.2434060081967213 0.5999169833333333 0.25252618032786883 0.6151104333333333 0.25842674590163933 0.6186977166666666 0.2643273073770492 0.6222850055555555 0.27516132786885245 0.6153633222222222
0 0.2377258237704918 0.6466373222222223 0.22957276639344262 0.6455401277777777 0.2228152786885246 0.6530104055555556 0.2215298975409836 0.6695967444444444 0.23966005327868853 0.6748298222222222 0.24641754098360658 0.66735955 0.246846 0.6618307666666666 0.2377258237704918 0.6466373222222223
0 0.3589444303278689 0.6238451833333334 0.367097487704918 0.6249423722222223 0.37385497540983603 0.6174721 0.3742834385245902 0.6119433166666667 0.36516326229508195 0.5967498722222222 0.35701020081967216 0.5956526777777778 0.3412427336065574 0.6130833222222222 0.35261540163934424 0.6257866722222222 0.3544394344262295 0.6288253666666667 0.3589444303278689 0.6238451833333334
0 0.25113060655737707 0.6065429611111112 0.2507021475409836 0.6120717444444445 0.27290882786885245 0.6178534166666667 0.2773036270491803 0.5877194222222222 0.24694388524590163 0.58084055 0.24383446721311475 0.5943882055555556 0.25113060655737707 0.6065429611111112
0 0.17004077049180327 0.696186261111111 0.16456866803278689 0.6870702 0.1401094836065574 0.6837786111111112 0.13335199590163935 0.6912488888888889 0.1316381557377049 0.713364011111111 0.13528622540983606 0.7194413888888889 0.16156944262295084 0.7257716611111111 0.16875538934426232 0.7127726055555555 0.17004077049180327 0.696186261111111
0 0.018229725409836063 0.5556478777777778 0.014153196721311476 0.5550992888888889 0.0028907172131147543 0.5675497444444444 0.0020337991803278687 0.5786073 0.012010893442622952 0.5827431888888889 0.02059241393442623 0.5783116055555556 0.023701831967213115 0.56476395 0.018229725409836063 0.5556478777777778
0 0.08776343442622951 0.7214256944444445 0.07510538524590164 0.7253086777777779 0.06341444672131147 0.7432879166666666 0.06255752459016393 0.7543454833333333 0.07661115163934427 0.7590299611111111 0.09237861885245902 0.7415993222222222 0.09323554098360656 0.7305417555555554 0.08776343442622951 0.7214256944444445
0 0.7401425 0.11650067222222221 0.7319894426229508 0.11540347777777778 0.7125739016393443 0.12675674444444443 0.7117169836065573 0.13781430555555554 0.7339236680327869 0.14359597777777777 0.7492626721311475 0.1316941222222222 0.7496911352459016 0.1261653388888889 0.7401425 0.11650067222222221
0 0.771261286885246 0.19331220000000002 0.7757662745901639 0.18833201666666666 0.7879958688524591 0.18997780555555555 0.7911052868852458 0.1764301611111111 0.7738320491803279 0.16013951666666668 0.7498013319672131 0.15131914999999999 0.7471203729508197 0.15933802222222224 0.7580645819672132 0.17757015555555555 0.759460155737705 0.1861376277777778 0.7653607213114755 0.18972491111111112 0.771261286885246 0.19331220000000002
0 0.47066304098360656 0.08582203333333333 0.46390555737704914 0.09329231111111111 0.4653011270491803 0.10185977777777777 0.4834312868852459 0.10709285555555555 0.4956608770491803 0.10873864999999999 0.4965177991803279 0.09768108333333334 0.4910456967213115 0.08856502222222222 0.47066304098360656 0.08582203333333333
0 0.5909268401639344 0.15507766666666667 0.5954318278688525 0.15009748333333334 0.5944647172131148 0.13600123333333333 0.586740118852459 0.12937525555555554 0.5663574631147541 0.12663227222222223 0.5590613237704919 0.11447751666666667 0.5468317336065573 0.11283172222222222 0.5292402336065574 0.12722367222222222 0.5165821803278688 0.13110666666666668 0.508967774590164 0.14963450555555557 0.517659487704918 0.17035673333333332 0.5317131147540983 0.17504121111111112 0.5272081229508196 0.18002139444444445 0.5268898565573771 0.2107039888888889 0.5490965409836066 0.21648566666666666 0.5549971065573771 0.22007295000000002 0.5635786270491803 0.2156413611111111 0.5748411024590163 0.20319090555555555 0.5630399754098361 0.19601633333333335 0.5598203647540984 0.18441017222222225 0.5625013237704919 0.1763913 0.570654381147541 0.17748849444444442 0.5820270532786885 0.19019185 0.5983331721311476 0.1923862388888889 0.6059475819672131 0.1738584 0.5909268401639344 0.15507766666666667
0 0.6408246270491803 0.2819011166666667 0.6475821106557377 0.27443084444444443 0.6421100081967214 0.2653147722222222 0.6194748606557378 0.26506188333333336 0.6390005901639344 0.27886242777777775 0.6408246270491803 0.2819011166666667
0 0.7655811065573771 0.2400325388888889 0.760109 0.23091647222222222 0.7397263524590164 0.2281734888888889 0.7357600122950819 0.2527787 0.7498136393442624 0.25746318333333335 0.7543186270491803 0.252483 0.7624716885245901 0.25358019444444446 0.7655811065573771 0.2400325388888889
0 0.6778316680327869 0.2561559 0.6741835983606558 0.2500785222222222 0.6750405204918033 0.2390209611111111 0.6654918852459016 0.22935629444444444 0.6573388237704918 0.2282591 0.6460763442622951 0.24070956111111108 0.6452194262295081 0.2517671222222222 0.6488674959016393 0.25784450000000003 0.6710741844262295 0.26362617777777775 0.6778316680327869 0.2561559
0 0.694039905737705 0.33934050555555556 0.7030498893442623 0.3293801388888889 0.717531975409836 0.32853584444444445 0.7034783442622952 0.32385135555555555 0.7002587377049181 0.3122452 0.6635699672131147 0.3073078222222222 0.6568124795081968 0.3147781 0.6563840163934427 0.32030688333333335 0.6663611147540983 0.32444276111111114 0.6718332213114754 0.33355883333333336 0.694039905737705 0.33934050555555556
0 0.6776112827868852 0.20584827222222224 0.6726778319672131 0.2163572388888889 0.6745018647540983 0.21939592777777778 0.6903795286885246 0.22711910000000002 0.7081914139344263 0.26303477222222227 0.7199925450819672 0.27020934444444444 0.7254646475409836 0.2793254111111111 0.7336177090163934 0.2804226055555556 0.7303981024590164 0.26881645 0.7349030901639344 0.26383626666666665 0.7335075163934426 0.25526879444444445 0.7217063852459017 0.24809422222222222 0.707114106557377 0.22378470555555555 0.6916649098360655 0.2105327611111111 0.6843687704918033 0.19837799999999997 0.6766441680327869 0.1917520277777778 0.6703151434426229 0.19369351666666665 0.6776112827868852 0.20584827222222224
0 0.3803797663934426 0.4535501666666667 0.3685786393442623 0.4463756 0.3499098278688525 0.4215174888888889 0.34583329918032785 0.4209688888888889 0.3312410204918033 0.3966593777777778 0.3235164180327869 0.39003340000000003 0.317187393442623 0.39197489444444444 0.3686888278688525 0.4715294111111111 0.3849949508196721 0.47372380000000003 0.3803797663934426 0.4535501666666667
0 0.16728595901639345 0.06734095555555555 0.15097984016393443 0.06514656666666666 0.14733177049180327 0.05906918888888889 0.12287258606557376 0.0557776 0.11922451639344263 0.04970022777777777 0.09884186475409837 0.04695723888888889 0.09519379508196721 0.04087985555555556 0.0847882418032787 0.042272755555555555 0.0843597786885246 0.04780153888888889 0.08983188114754098 0.056917605555555556 0.13016872950819672 0.0679323611111111 0.13381679918032788 0.07400973333333333 0.15012291393442623 0.07620412222222223 0.15377098360655736 0.08228150555555555 0.17007710655737707 0.08447589444444444 0.17908709016393443 0.07451552777777777 0.18724014754098361 0.07561272222222223 0.2004368524590164 0.09135476111111111 0.21449047950819672 0.09603924999999999 0.22210488524590166 0.07751141111111111 0.21255625409836065 0.06784673888888888 0.1821965081967213 0.06096787222222222 0.18895399180327868 0.053497600000000006 0.19710705327868852 0.05459479444444445 0.20386453688524592 0.04712452222222222 0.20246896721311475 0.038557049999999995 0.1902393770491803 0.03691125555555556 0.18165785245901642 0.04134284444444444 0.16728595901639345 0.06734095555555555
0 0.6294396475409836 0.16305373333333334 0.632977524590164 0.1439773 0.6189239016393443 0.13929282222222222 0.6121664139344263 0.14676309444444444 0.6153860204918032 0.15836925 0.6294396475409836 0.16305373333333334
0 0.5983208606557376 0.08624220555555556 0.5915633729508197 0.09371247777777778 0.5929589508196721 0.10227995000000001 0.6106606475409836 0.1130418111111111 0.6165612131147541 0.11662909444444444 0.6192421680327869 0.10861022222222222 0.6064739262295081 0.08733940555555555 0.5983208606557376 0.08624220555555556
0 0.6070248852459016 0.21310846666666666 0.6251550409836066 0.21834154444444445 0.6319125286885245 0.21087126666666667 0.629121381147541 0.1937363277777778 0.6417794303278688 0.1898533388888889 0.6363073278688524 0.18073726666666667 0.6195727418032787 0.18407166111111112 0.6159246721311475 0.1779942833333333 0.6077716147540984 0.1768970888888889 0.5991900942622951 0.18132867222222224 0.595652213114754 0.20040511111111112 0.6070248852459016 0.21310846666666666
0 0.6348994426229507 0.06602577222222222 0.6385475122950819 0.07210315 0.6648307295081967 0.07843342222222223 0.6675116885245902 0.07041454999999999 0.6502384508196721 0.05412391111111112 0.6420853893442623 0.05302671666666667 0.6348994426229507 0.06602577222222222
0 0.013749 0.21483064999999998 0.018082606557377052 0.2120619777777778 0.01797241393442623 0.18690816666666668 0.015891303278688526 0.18718674444444441 0.013749 0.21483064999999998
0 0.04469640163934426 0.2938536888888889 0.03278507786885246 0.26152530555555553 0.020555487704918034 0.25987951111111113 0.013798000000000001 0.2673497833333333 0.012512618852459016 0.28393612777777777 0.007579168032786886 0.29444509444444444 0.012622811475409838 0.3090899388888889 0.018523377049180327 0.3126772277777778 0.028500471311475407 0.3168131111111111 0.04469640163934426 0.2938536888888889