0 0.35 0.19345238095238096 0.35333333333333333 0.1875 0.35333333333333333 0.17559523809523808 0.36333333333333334 0.15178571428571427 0.3616666666666667 0.1488095238095238 0.34833333333333333 0.15476190476190477 0.3466666666666667 0.13392857142857142 0.3416666666666667 0.125 0.3283333333333333 0.125 0.31166666666666665 0.10119047619047619 0.305 0.10119047619047619 0.2783333333333333 0.07738095238095238 0.2733333333333333 0.08630952380952381 0.27 0.09821428571428571 0.27 0.12797619047619047 0.2783333333333333 0.14285714285714285 0.2816666666666667 0.14285714285714285 0.28833333333333333 0.13095238095238096 0.295 0.14285714285714285 0.29833333333333334 0.14285714285714285 0.31166666666666665 0.125 0.31833333333333336 0.13095238095238096 0.3333333333333333 0.15773809523809523 0.34 0.1875 0.345 0.19642857142857142
0 0.5266666666666666 0.6458333333333334 0.5266666666666666 0.6398809523809523 0.54 0.6160714285714286 0.54 0.6101190476190477 0.5283333333333333 0.5892857142857143 0.515 0.5773809523809523 0.505 0.5773809523809523 0.5016666666666667 0.5714285714285714 0.48833333333333334 0.5714285714285714 0.485 0.5654761904761905 0.455 0.5654761904761905 0.45166666666666666 0.5714285714285714 0.43166666666666664 0.5714285714285714 0.41833333333333333 0.5892857142857143 0.4033333333333333 0.5922619047619048 0.4033333333333333 0.6101190476190477 0.41 0.6339285714285714 0.4216666666666667 0.6488095238095238 0.435 0.6488095238095238 0.4483333333333333 0.6309523809523809 0.455 0.6428571428571429 0.5116666666666667 0.6428571428571429 0.515 0.6488095238095238
0 0.46 0.5565476190476191 0.4666666666666667 0.5505952380952381 0.4716666666666667 0.5297619047619048 0.4816666666666667 0.5297619047619048 0.495 0.5535714285714286 0.49833333333333335 0.5535714285714286 0.5083333333333333 0.5297619047619048 0.515 0.5297619047619048 0.52 0.5208333333333334 0.52 0.5089285714285714 0.5116666666666667 0.5059523809523809 0.5083333333333333 0.5 0.5016666666666667 0.5 0.49833333333333335 0.49404761904761907 0.485 0.49404761904761907 0.4816666666666667 0.5 0.465 0.5 0.46166666666666667 0.49404761904761907 0.45166666666666666 0.49404761904761907 0.4483333333333333 0.5 0.435 0.5059523809523809 0.43333333333333335 0.5089285714285714 0.44166666666666665 0.5238095238095238 0.44666666666666666 0.5267857142857143 0.45 0.5505952380952381 0.455 0.5595238095238095
0 0.65 0.7351190476190477 0.65 0.6755952380952381 0.6466666666666666 0.6696428571428571 0.6466666666666666 0.6577380952380952 0.65 0.6517857142857143 0.65 0.5982142857142857 0.6533333333333333 0.5922619047619048 0.6533333333333333 0.5803571428571429 0.66 0.5565476190476191 0.655 0.5476190476190477 0.6383333333333333 0.5476190476190477 0.6333333333333333 0.5565476190476191 0.6333333333333333 0.5922619047619048 0.63 0.5982142857142857 0.63 0.6458333333333334 0.6216666666666667 0.6547619047619048 0.6183333333333333 0.6428571428571429 0.6133333333333333 0.6517857142857143 0.61 0.6875 0.6066666666666667 0.6934523809523809 0.6066666666666667 0.7113095238095238 0.6116666666666667 0.7202380952380952 0.6216666666666667 0.7202380952380952 0.635 0.6964285714285714 0.6433333333333333 0.7351190476190477
0 0.25666666666666665 0.5267857142857143 0.255 0.5178571428571429 0.25 0.5208333333333334 0.25166666666666665 0.5297619047619048
0 0.27666666666666667 0.11011904761904762 0.28 0.10416666666666667 0.2783333333333333 0.08333333333333333 0.27 0.11011904761904762
0 0.26666666666666666 0.33035714285714285 0.26666666666666666 0.3125 0.26166666666666666 0.30357142857142855 0.255 0.30357142857142855 0.25333333333333335 0.33035714285714285
0 0.27666666666666667 0.49107142857142855 0.28 0.4851190476190476 0.27666666666666667 0.4732142857142857 0.27166666666666667 0.4642857142857143 0.2683333333333333 0.4642857142857143 0.2633333333333333 0.4732142857142857 0.2633333333333333 0.4791666666666667 0.27166666666666667 0.49404761904761907
0 0.2 0.1636904761904762 0.20333333333333334 0.15773809523809523 0.20333333333333334 0.14583333333333334 0.19833333333333333 0.13095238095238096 0.18833333333333332 0.125 0.18 0.13392857142857142 0.18 0.15773809523809523 0.185 0.16666666666666666
0 0.6933333333333334 0.3601190476190476 0.685 0.3333333333333333 0.6766666666666666 0.33630952380952384 0.6783333333333333 0.3630952380952381
0 0.69 0.7529761904761905 0.6966666666666667 0.7410714285714286 0.6966666666666667 0.7291666666666666 0.6916666666666667 0.7202380952380952 0.6816666666666666 0.7202380952380952 0.68 0.7410714285714286 0.685 0.7559523809523809
0 0.68 0.6577380952380952 0.6766666666666666 0.6339285714285714 0.6716666666666666 0.6309523809523809 0.6666666666666666 0.6398809523809523 0.67 0.6458333333333334 0.67 0.6577380952380952
0 0.7033333333333334 0.8303571428571429 0.7066666666666667 0.8244047619047619 0.7066666666666667 0.8125 0.7016666666666667 0.8035714285714286 0.6983333333333334 0.8035714285714286 0.6966666666666667 0.8244047619047619 0.7016666666666667 0.8333333333333334
0 0.6566666666666666 0.8303571428571429 0.66 0.8244047619047619 0.6566666666666666 0.8065476190476191 0.645 0.7976190476190477 0.64 0.8125 0.6433333333333333 0.8244047619047619 0.6483333333333333 0.8333333333333334
0 0.21333333333333335 0.6875 0.21166666666666667 0.6607142857142857 0.205 0.6607142857142857 0.19666666666666666 0.6755952380952381 0.19833333333333333 0.6904761904761905
0 0.19 0.8125 0.19333333333333333 0.8065476190476191 0.19166666666666668 0.7857142857142857 0.18333333333333332 0.7946428571428571 0.18333333333333332 0.8125
0 0.17666666666666667 0.9077380952380952 0.18 0.9017857142857143 0.18 0.8839285714285714 0.175 0.875 0.17166666666666666 0.875 0.17 0.9017857142857143 0.175 0.9107142857142857
0 0.10666666666666667 0.8482142857142857 0.10666666666666667 0.8303571428571429 0.10166666666666667 0.8214285714285714 0.09333333333333334 0.8363095238095238 0.09333333333333334 0.8422619047619048 0.09833333333333333 0.8511904761904762