0 0.5592764139344263 0.5973063483146067 0.5419981188524591 0.565438511235955 0.5238179918032787 0.6405410224719101 0.45435423360655736 0.6057280674157304 0.43762719262295086 0.5595482921348315 0.23276956147540984 0.5722599157303371 0.09518208606557377 0.27984066292134835 0.12168190983606557 0.23941034831460675 0.062103983606557375 0.21949836516853932 0.039926590163934426 0.1685977415730337 0.022947987704918033 0.25993008988764044 0.08068549180327868 0.3010887808988764 0.16394470081967213 0.49997042134831465 0.15185383606557376 0.5423172247191012 0.1919484262295082 0.5876091460674157 0.24450986475409836 0.6225715168539325 0.25457097950819674 0.5911432752808988 0.3340082131147541 0.6176925898876404 0.42156445901639344 0.6005676292134832 0.4562086967213115 0.6411387022471909 0.4590780368852459 0.6710900505617978 0.4858661967213114 0.6858416011235955 0.5153484098360656 0.7768736910112359 0.5471233032786885 0.7874934213483147 0.5691000081967212 0.7600475786516854 0.6029046516393443 0.7597487359550562 0.605310381147541 0.7808474269662921 0.5734478442622951 0.7933923033707865 0.5713304508196722 0.8274754719101124 0.5080689918032787 0.8614178820224718 0.6856126106557378 0.972942320224719 0.8238758237704918 0.9553691011235955 0.8403145286885245 0.9463670168539325 0.8245147254098361 0.9178925561797753 0.8469550450819672 0.8992993707865169 0.8895430081967214 0.9425253764044944 0.9279867622950819 0.9286181404494381 0.948721868852459 0.817078584269663 0.9442840778688525 0.7955643146067415 0.896797024590164 0.7333055280898876 0.9188613688524591 0.6826950842696629 0.978952868852459 0.654458106741573 0.9837614508196721 0.6285914943820224 0.9522900409836065 0.6503789831460675 0.9096144385245901 0.6303175786516854 0.8595717704918033 0.7179649606741573 0.8108945573770492 0.7074946573033708 0.7893560655737705 0.6191174943820225 0.7836427827868853 0.6838904550561797 0.8019359549180327 0.7102990112359551 0.7245284713114754 0.6728311292134832 0.679735475409836 0.686852893258427 0.6151708114754098 0.6710727303370787 0.5468095696721311 0.6076358932584269 0.5592764139344263 0.5973063483146067
0 0.8614884795081967 0.6055353314606742 0.846615905737705 0.5947661797752809 0.8451374139344262 0.591372808988764 0.8336854467213115 0.5962430674157303 0.8316556926229508 0.6071616348314607 0.8440348975409836 0.6199966910112359 0.8614884795081967 0.6055353314606742
0 0.7726036229508197 0.44826205056179774 0.7745457336065574 0.46050808426966294 0.768544118852459 0.47009918539325846 0.7729795983606558 0.48027930898876403 0.7968107704918033 0.4882441011235955 0.802348762295082 0.4698003426966292 0.7949563032786885 0.45283347191011236 0.7895059467213115 0.44811262921348316 0.7840555942622951 0.44339178651685396 0.7726036229508197 0.44826205056179774
0 0.8129611434426229 0.4240601629213483 0.8209048688524591 0.42671508988764045 0.8283849713114754 0.4205173651685393 0.8314295983606557 0.4041395168539326 0.8140636639344262 0.3954362752808989 0.8065835573770491 0.40163400000000005 0.8055686803278689 0.4070932921348314 0.8129611434426229 0.4240601629213483
0 0.6906730204918032 0.4237786460674157 0.6827292950819672 0.42112371348314603 0.6752491885245903 0.4273214438202247 0.6742343114754098 0.43278073033707865 0.6816267786885246 0.44974759550561794 0.6895705 0.4524025337078652 0.7070240819672131 0.43794116853932585 0.69713825 0.423040202247191 0.6956597540983607 0.41964682584269664 0.6906730204918032 0.4237786460674157
0 0.7954199180327869 0.46168612359550565 0.7964347909836065 0.45622684269662916 0.7750969959016394 0.44619614044943817 0.7675292459016394 0.47555846629213483 0.7968107704918033 0.4882441011235955 0.8013338893442622 0.47525962359550566 0.7954199180327869 0.46168612359550565
0 0.8851812008196722 0.3873133988764045 0.8896166762295082 0.39749352247191005 0.9134478483606557 0.4054583146067416 0.9209279549180328 0.3992605842696629 0.9249874590163935 0.3774234550561798 0.9220304713114754 0.370636702247191 0.8967208073770492 0.35927853370786517 0.8882258278688525 0.3709355505617977 0.8851812008196722 0.3873133988764045
0 0.9647937213114754 0.36753350561797754 0.9692292008196721 0.3777136348314607 0.9821596598360656 0.37623674719101124 0.9941203647540984 0.3622292247191012 0.9943668975409835 0.3477097865168539 0.9842770532786885 0.3421535786516854 0.9668234713114754 0.3566149382022472 0.9647937213114754 0.36753350561797754
0 0.259520881147541 0.8595273820224718 0.267464606557377 0.8621823146067417 0.28787517213114755 0.8545077022471911 0.28990493032786885 0.8435891348314606 0.2685671270491803 0.8335584325842696 0.2521284180327869 0.8425605112359551 0.2511135450819672 0.8480197921348314 0.259520881147541 0.8595273820224718
0 0.23696751639344263 0.7766095056179775 0.23198077459016395 0.7807413258426966 0.22006519262295082 0.7767589269662922 0.2155420737704918 0.7897433988764044 0.2308782581967213 0.8093652078651685 0.25369455737704916 0.8227892865168539 0.25720279918032785 0.8152640898876404 0.24833184016393442 0.7949038483146067 0.24786822540983605 0.7860511853932585 0.24241786885245903 0.7813303426966292 0.23696751639344263 0.7766095056179775
0 0.5226786352459016 0.9416808314606742 0.5301587418032787 0.9354831011235956 0.5296951270491803 0.9266304494382023 0.5123291844262294 0.9179272078651686 0.5004135983606557 0.9139448146067416 0.49838384836065575 0.924863382022472 0.5028193237704918 0.9350435 0.5226786352459016 0.9416808314606742
0 0.41117817622950825 0.8493299325842696 0.40619143852459016 0.8534617528089887 0.4056401762295082 0.8677736966292134 0.4125690245901639 0.8758879101123596 0.4324283319672131 0.8825252359550562 0.4383423032786885 0.8960987359550562 0.45025789344262296 0.9000811292134832 0.4691899631147541 0.8890131404494381 0.4821204262295082 0.8875362584269664 0.4916302868852459 0.8704199606741573 0.4852527008196721 0.8479938033707864 0.47185861885245906 0.8406180337078651 0.47684535655737703 0.836486213483146 0.48044124590163934 0.805796415730337 0.45910344262295083 0.7957657191011236 0.4536530860655738 0.7910448764044945 0.44469448770491804 0.7938492303370787 0.43222764344262293 0.8041787752808989 0.44312835655737703 0.8136204606741573 0.4450704672131148 0.8258664887640449 0.4415622172131147 0.8333916797752808 0.43361849590163937 0.8307367471910112 0.42373266393442627 0.815835786516854 0.40784521311475413 0.8105259269662922 0.39833535655737706 0.8276422191011236 0.41117817622950825 0.8493299325842696
0 0.3754060163934426 0.7127070786516854 0.36792590983606555 0.7189048089887641 0.3723613852459016 0.7290849269662921 0.3947140655737705 0.7336563483146068 0.37688450819672126 0.7161004550561798 0.3754060163934426 0.7127070786516854
0 0.2475798975409836 0.7308693258426966 0.25201537295081966 0.7410494438202248 0.2718746803278689 0.7476867808988764 0.2784275532786885 0.7237837303370787 0.265033475409836 0.7164079606741574 0.26004673770491804 0.7205397752808989 0.252103012295082 0.7178848483146067 0.2475798975409836 0.7308693258426966
0 0.33606336885245897 0.7314496853932585 0.33902035655737706 0.7382364325842696 0.33699060655737706 0.749155 0.3453979467213115 0.7606625898876405 0.3533416680327869 0.7633175224719101 0.36580851639344264 0.7529879775280899 0.36783826639344264 0.7420694101123596 0.3648812827868852 0.7352826573033708 0.3435434795081967 0.7252519550561799 0.33606336885245897 0.7314496853932585
0 0.32893383606557375 0.6449890056179776 0.31896036065573774 0.6532526460674157 0.3045514057377049 0.6513361573033708 0.3179454836065574 0.6587119269662921 0.31988759426229507 0.6709579606741572 0.35563434836065577 0.6829051516853933 0.36311445491803274 0.6767074213483145 0.3641293319672131 0.6712481404494381 0.35470711475409833 0.6651998314606742 0.35027163524590166 0.655019713483146 0.32893383606557375 0.6449890056179776
0 0.33090134836065577 0.781910702247191 0.3369029631147541 0.7723196011235955 0.33542446721311475 0.7689262303370786 0.3205518975409836 0.7581570786516855 0.3067818442622951 0.7187640505617977 0.29588113524590165 0.7093223651685393 0.2914456598360656 0.6991422471910113 0.2835019344262295 0.6964873146067416 0.2854440450819672 0.7087333483146067 0.2804573073770492 0.7128651685393258 0.2809209262295082 0.721717820224719 0.29182163524590166 0.7311595056179775 0.3036495737704918 0.7583065 0.3175072704918033 0.7745349325842698 0.3234212418032787 0.7881084325842697 0.33035009016393446 0.7962226460674158 0.33681531967213113 0.7954842022471911 0.33090134836065577 0.781910702247191
0 0.6512681352459017 0.590361511235955 0.6621688483606557 0.5998031910112359 0.6779686516393443 0.6282776573033708 0.681940512295082 0.6296051235955056 0.6937684549180329 0.6567521179775281 0.7006973032786885 0.6648663370786517 0.7071625327868853 0.6641278932584269 0.664749856557377 0.5745726797752809 0.6488624098360656 0.5692628202247191 0.6512681352459017 0.590361511235955
0 0.7980970245901639 1 0.7904471516393442 0.9876851966292135 0.7770530737704918 0.9803094325842697 0.767543213114754 0.9974257191011235 0.7694239590163934 1 0.7980970245901639 1
0 0.37395292622950815 0.8339893707865168 0.3684149303278689 0.852433129213483 0.3818090081967213 0.8598088988764045 0.3892891106557377 0.8536111741573034 0.38734700409836065 0.8413651404494381 0.37395292622950815 0.8339893707865168
0 0.3965062950819672 0.9169072471910111 0.40398639754098364 0.9107095224719101 0.40352278278688525 0.9018568651685392 0.3871717172131147 0.8876943426966292 0.38172136475409835 0.8829735056179776 0.378213118852459 0.890498691011236 0.38856256557377045 0.9142523146067415 0.3965062950819672 0.9169072471910111
0 0.4014676270491803 0.7880997696629213 0.3841016844262295 0.7793965280898877 0.3766215819672131 0.7855942584269663 0.37754881147540986 0.8032995730337079 0.36461835245901636 0.8047764606741573 0.36905383196721314 0.8149565898876405 0.38595615163934427 0.8148071685393258 0.3889131393442623 0.8215939157303371 0.39685686065573766 0.8242488426966292 0.4058154590163935 0.8214444943820225 0.4113534590163934 0.8030007303370787 0.4014676270491803 0.7880997696629213
0 0.35817852459016397 0.9301905730337079 0.3552215368852459 0.9234038146067416 0.3299118729508197 0.9120456516853932 0.326403631147541 0.9195708426966291 0.3417398155737705 0.9391926460674157 0.3496835450819672 0.9418475786516853 0.35817852459016397 0.9301905730337079