0 0.7444855666666667 0.19618844642857144 0.7455514466666667 0.16655944642857143 0.7426512333333333 0.15411985714285714 0.73798115 0.14434916666666667 0.7105159166666667 0.16334842857142856 0.7038627833333334 0.16217244642857143 0.6863772466666667 0.1829356845238095 0.67307098 0.18058372023809524 0.6677613666666666 0.18859043452380952 0.66535197 0.2090367380952381 0.65225888 0.20075897023809525 0.65048901 0.20342786904761906 0.6596160033333334 0.22889504761904764 0.65918965 0.24074664285714287 0.6623030433333333 0.2472604404761905 0.6671863 0.2511053214285714 0.6724959166666666 0.2430986130952381 0.68021493 0.21464560119047618 0.69614377 0.19062546428571428 0.70301008 0.1858756488095238 0.7156768133333333 0.20600501785714287 0.7190033833333334 0.20659300595238095 0.7260828666666667 0.19591739285714285 0.7323096466666666 0.20894497023809525 0.7356362133333334 0.20953296428571427 0.7444855666666667 0.19618844642857144
0 0.5672654866666667 0.6091429166666666 0.54730609 0.6056149642857143 0.5441927 0.5991011726190476 0.5142536033333334 0.59380925 0.51071386 0.5991470535714286 0.4974075966666666 0.5967950892857142 0.49386785666666666 0.6021328988095238 0.4838881566666667 0.6003689226190476 0.47015553666666665 0.6098685535714286 0.45776644000000005 0.628550880952381 0.4575532633333333 0.6344766785714286 0.4700068233333333 0.6605318452380953 0.46979365 0.6664576428571428 0.48133004333333335 0.6714785178571429 0.48486978333333336 0.6661407142857143 0.54142141 0.6761365714285714 0.5485008966666666 0.6654609523809524 0.5611676333333333 0.6855903154761905 0.5744738966666667 0.6879422857142857 0.58664982 0.6751857619047619 0.5941556566666667 0.6526585476190476 0.5947951866666666 0.6348811488095238 0.5799322233333334 0.6292722797619048 0.5672654866666667 0.6091429166666666
0 0.5199251066666667 0.5292134464285715 0.5168117166666667 0.5226996547619047 0.50350545 0.5203476845238095 0.49996571 0.525685494047619 0.49331257666666667 0.5245095119047619 0.4897728333333333 0.5298473154761905 0.48134983 0.5313402380952381 0.48092347999999996 0.5431918333333333 0.4855935633333333 0.5529625238095238 0.4922466966666667 0.554138505952381 0.5013736933333333 0.5796056845238096 0.5047002566666666 0.5801936726190476 0.5188592266666667 0.5588424464285714 0.5288389266666667 0.5606064166666667 0.5330826566666667 0.5822287023809524 0.5395226133333334 0.589330488095238 0.5444058766666667 0.5931753750000001 0.54971549 0.5851686666666667 0.55389476 0.5620534583333333 0.5589911966666666 0.5599725416666667 0.5678405533333334 0.5466280297619048 0.56628386 0.543371125 0.55319077 0.5350933630952381 0.55007738 0.5285795714285714 0.54009768 0.5268155952380953 0.5365579399999999 0.5321534047619048 0.5199251066666667 0.5292134464285715
0 0.36667009333333334 0.6482299047619048 0.36837550333333335 0.6008235000000001 0.3652621133333333 0.5943097142857143 0.3665411666666667 0.5587549166666667 0.36187108333333334 0.5489842261904762 0.34523825333333336 0.5460442678571429 0.33992864 0.5540509821428572 0.3457290666666667 0.5789301607142857 0.3453027133333333 0.5907817619047618 0.34841610666666667 0.5972955535714286 0.34649752333333333 0.6506277500000001 0.34961091 0.6571415357142857 0.3491845566666667 0.6689931428571428 0.34564481666666663 0.6743309464285714 0.34351305666666665 0.7335889464285714 0.3501661866666667 0.7347649285714285 0.35986824666666667 0.6977172083333334 0.37232181000000003 0.723772380952381 0.38230151 0.7255363511904762 0.38761112333333336 0.7175296428571428 0.38825065 0.6997522380952381 0.3851372566666667 0.6932384523809524 0.38308975 0.6570956607142857 0.3784196633333333 0.6473249702380952 0.37466674666666666 0.6585885773809524 0.36667009333333334 0.6482299047619048
0 0.7454920833333334 0.5869742857142858 0.7435090400000001 0.5955689880952381 0.7483922966666666 0.5994138809523809 0.7503753466666667 0.5908191726190476 0.7454920833333334 0.5869742857142858
0 0.7353585733333333 0.1707212738095238 0.7384719633333333 0.17723505952380952 0.7451250933333333 0.17841104166666666 0.7377679733333333 0.15027497023809525 0.7353585733333333 0.1707212738095238
0 0.7538704133333334 0.4006055952380952 0.7531664233333334 0.3736455 0.74651329 0.3724695119047619 0.7412036766666668 0.3804762261904762 0.74056415 0.398253625 0.7538704133333334 0.4006055952380952
0 0.7387744900000001 0.5410608095238095 0.7341044033333334 0.5312901250000001 0.7307778366666666 0.530702130952381 0.7254682233333334 0.5387088452380953 0.7217153066666666 0.5499724464285715 0.7248286966666667 0.556486244047619 0.7297119566666667 0.5603311249999999 0.7385613133333334 0.5469866071428571 0.7387744900000001 0.5410608095238095
0 0.8340896833333333 0.21799001785714286 0.82609303 0.20763134523809526 0.8159001566666667 0.2117931726190476 0.8103773666666667 0.22572567857142858 0.8099510133333334 0.23757727976190474 0.8130644033333333 0.24409107142857142 0.8279273633333333 0.24969993452380954 0.8332369766666666 0.24169322619047617 0.8340896833333333 0.21799001785714286
0 0.32297349333333336 0.32742355357142855 0.31369778666666664 0.35261967261904764 0.3285607466666667 0.3582285297619047 0.33118332 0.33185643452380953 0.32297349333333336 0.32742355357142855
0 0.30246392 0.7114245535714285 0.29715430333333337 0.7194312619047619 0.29672795333333335 0.7312828571428571 0.30295473333333334 0.7443104404761905 0.30783799333333334 0.7481553333333333 0.31336078333333334 0.7342228154761905 0.3124436166666667 0.7131885238095238 0.30246392 0.7114245535714285
0 0.32052452 0.6281464166666667 0.31634525 0.651261625 0.32632494666666667 0.6530255952380952 0.3267513 0.641174 0.33029104 0.6358361904761904 0.3256209566666666 0.626065505952381 0.32052452 0.6281464166666667
0 0.28949975333333333 0.7926217678571429 0.28419014 0.8006284761904762 0.28376379 0.8124800773809524 0.28687718 0.8189938690476191 0.28843387333333337 0.8222507678571428 0.29374348666666666 0.8142440535714286 0.29282632000000003 0.793209755952381 0.28949975333333333 0.7926217678571429
0 0.34626455666666667 0.7966918273809523 0.33430181 0.8035225535714287 0.33033571666666667 0.8207119642857144 0.33344910666666666 0.8272257619047619 0.34165893333333336 0.8316586369047618 0.34696854666666666 0.8236519226190476 0.3507214666666667 0.8123883154761904 0.34626455666666667 0.7966918273809523
0 0.7958616033333333 0.7688183333333334 0.79805783 0.7542978392857143 0.7902743566666666 0.7380133511904762 0.7836212233333333 0.7368373690476191 0.7809986433333332 0.7632094702380952 0.7958616033333333 0.7688183333333334
0 0.8064610466666666 0.8929431964285713 0.8071005733333333 0.8751657916666666 0.7991039233333334 0.8648071130952382 0.7966945233333333 0.8852534166666667 0.7998079133333333 0.8917672142857143 0.8064610466666666 0.8929431964285713
0 0.8125391133333333 0.9566340654761906 0.8072294966666667 0.9646407857142857 0.80658997 0.9824181785714285 0.80970336 0.9889319702380952 0.8112600566666667 0.9921888690476189 0.81656967 0.9841821547619047 0.81586568 0.9572220595238096 0.8125391133333333 0.9566340654761906
0 0.8823325433333334 0.9242444047619047 0.8816930133333333 0.9420218035714285 0.88990284 0.9464546845238095 0.8952124533333333 0.9384479702380952 0.89542563 0.9325221726190476 0.8876421533333333 0.9162376904761904 0.8823325433333334 0.9242444047619047