0 0.19280190942028985 0.16736435064935065 0.20275707608695653 0.1817084935064935 0.20636041304347827 0.18099216883116884 0.21280964130434782 0.16665153896103896 0.22077377536231885 0.17812685714285714 0.22437711594202897 0.17741053246753247 0.23765429710144925 0.15518325974025973 0.24523970289855074 0.1602045909090909 0.2631590036231884 0.18602405194805197 0.2722593152173913 0.21686132467532468 0.27823241666666665 0.22546781168831168 0.28344806159420294 0.22116633116883117 0.2866726775362319 0.2139960194805195 0.2859152246376812 0.20108804545454545 0.29521034057971013 0.1731231233766234 0.29321930434782606 0.1702542987012987 0.27918467028985505 0.1795735844155844 0.2760574601449275 0.1573428051948052 0.27008435869565217 0.14873631818181818 0.255671 0.15160162987012987 0.2361393913043478 0.12936732467532466 0.22893271376811594 0.13079997402597401 0.19859108695652175 0.11071465584415584 0.19375416304347826 0.12147012337662338 0.19090827536231883 0.13509442207792208 0.19280190942028985 0.16736435064935065
0 0.3664761702898551 0.6421221233766234 0.367612347826087 0.661484077922078 0.3763339347826087 0.6858673636363637 0.3898924384057971 0.6994951883116882 0.4043058007246377 0.6966298766233766 0.41758298188405796 0.674402603896104 0.425547115942029 0.6858779220779221 0.48680389855072465 0.6737003571428571 0.49078596739130437 0.6794380194805195 0.5032082934782609 0.6737038766233767 0.5028295652173913 0.6672498896103897 0.5157280217391305 0.6385686428571429 0.5153492971014493 0.6321146558441558 0.5014120615942028 0.6120328506493506 0.48624125 0.6019901883116884 0.4754312282608696 0.6041391688311688 0.4714491630434782 0.598401512987013 0.4570358007246377 0.6012668246753247 0.4530537355072464 0.5955291623376623 0.4206236739130435 0.6019761103896103 0.41739906159420287 0.6091464285714285 0.39577901811594207 0.6134443896103896 0.38250183695652173 0.6356716558441559 0.3664761702898551 0.6421221233766234
0 0.448509018115942 0.5180813441558442 0.44528440579710143 0.5252516493506494 0.4272677065217391 0.5288332857142857 0.4232856376811594 0.5230956298701298 0.412475615942029 0.5252446103896103 0.4092510036231884 0.5324149220779221 0.3952163695652174 0.5417342207792207 0.3936040615942029 0.5453193766233766 0.40355922826086954 0.5596635194805195 0.4091536014492754 0.5618160194805195 0.41427184782608695 0.5869156363636363 0.4202449456521739 0.5955221298701299 0.42546059420289856 0.5912206428571428 0.43228854710144926 0.583334 0.43636801811594206 0.559670564935065 0.44717803623188407 0.5575215779220779 0.46310630434782607 0.5804722077922078 0.4667096449275362 0.5797558896103896 0.47600475724637675 0.5517909610389611 0.48321143840579706 0.5503583051948052 0.48804835869565216 0.5396028311688312 0.48729090942028985 0.5266948636363636 0.4780931956521739 0.5252586948051948 0.4741111268115942 0.5195210324675325 0.46690444565217387 0.5209536883116883 0.4629223804347826 0.5152160324675326 0.448509018115942 0.5180813441558442
0 0.6149118405797102 0.6514977272727273 0.606471579710145 0.662969525974026 0.6021107862318841 0.6507778766233766 0.597273865942029 0.6615333506493507 0.595942884057971 0.700973590909091 0.592718268115942 0.7081439025974026 0.5938544492753624 0.7275058571428571 0.5998275471014493 0.7361123441558441 0.6106375688405797 0.7339633636363637 0.6235360217391305 0.7052821103896104 0.6350060942028986 0.7454421948051948 0.6422127753623188 0.7440095389610389 0.6384255108695652 0.6794696883116883 0.6344434456521739 0.6737320324675324 0.6336859927536231 0.6608240584415584 0.6369106086956522 0.6536537467532467 0.6335020688405798 0.5955678766233766 0.6367266847826087 0.5883975649350649 0.635969231884058 0.5754895974025974 0.6416610072463768 0.5482409935064935 0.6356879057971014 0.5396345129870129 0.6176712065217391 0.5432161428571429 0.6128342862318841 0.5539716168831169 0.6151066413043478 0.592695525974026 0.6118820289855073 0.5998658441558441 0.6149118405797102 0.6514977272727273
0 0.19617780434782608 0.5976253571428571 0.1985475652173913 0.6069481688311688 0.20376321014492754 0.6026466883116883 0.2013934528985507 0.5933238701298701 0.19617780434782608 0.5976253571428571
0 0.19896981159420288 0.11716863636363638 0.19166572826086956 0.1480023896103896 0.19887240942028986 0.14656973376623378 0.20209702536231883 0.13939942857142856 0.19896981159420288 0.11716863636363638
0 0.18766190217391304 0.3903814935064935 0.20207526449275362 0.3875161818181818 0.20093908333333332 0.3681542272727273 0.19496598550724636 0.35954774025974023 0.1877593043478261 0.3609803961038961 0.18766190217391304 0.3903814935064935
0 0.20794007971014491 0.5495821493506493 0.2178952463768116 0.5639262922077922 0.22311089492753622 0.5596248116883117 0.22633550724637683 0.5524544935064934 0.22197471376811592 0.5402628571428572 0.216001615942029 0.5316563701298701 0.21239827536231884 0.5323726948051948 0.2075613550724638 0.5431281623376624 0.20794007971014491 0.5495821493506493
0 0.09740535507246377 0.2189751168831169 0.10337845289855073 0.2275816038961039 0.11940412318840579 0.22113113636363638 0.12262873550724639 0.21396082467532468 0.12187128260869565 0.20105285714285714 0.11551945652173913 0.18599238311688313 0.10433071014492754 0.18168737662337664 0.09589044927536232 0.19315917532467533 0.09740535507246377 0.2189751168831169
0 0.6456648333333334 0.30586189610389614 0.6491707717391304 0.33454666883116885 0.665196438405797 0.3280962012987013 0.6544838224637681 0.3008440909090909 0.6456648333333334 0.30586189610389614
0 0.686589036231884 0.7547755714285714 0.6930382644927536 0.7404349480519481 0.6922808115942028 0.727526974025974 0.686307713768116 0.718920487012987 0.6754976920289856 0.7210694675324675 0.6750215652173913 0.7440165844155844 0.6813733913043478 0.7590770519480519 0.686589036231884 0.7547755714285714
0 0.6590067753623189 0.6264086688311689 0.6541698550724638 0.6371641428571428 0.6581519202898551 0.6429017987012987 0.6589093731884058 0.6558097662337662 0.6697193949275363 0.6536607857142857 0.6646011485507246 0.6285611688311687 0.6590067753623189 0.6264086688311689
0 0.7059258405797102 0.8358120714285714 0.7091504528985507 0.8286417597402598 0.708393 0.8157337857142857 0.702419902173913 0.8071273051948052 0.6988165615942029 0.8078436298701299 0.6983404347826088 0.8307907402597402 0.7043135326086957 0.8393972272727274 0.7059258405797102 0.8358120714285714
0 0.6554790760869565 0.8458406558441558 0.6587036920289855 0.8386703441558442 0.6539641702898551 0.8200247142857143 0.6407843913043478 0.8128508831168831 0.6363261956521739 0.8300603376623377 0.6406869891304348 0.8422519805194806 0.6466600905797101 0.8508584675324676 0.6554790760869565 0.8458406558441558
0 0.15111973188405797 0.7926670194805195 0.16714539855072463 0.786216551948052 0.16363946014492753 0.7575317857142857 0.15643277898550725 0.758964435064935 0.1483712463768116 0.7768902142857143 0.15111973188405797 0.7926670194805195
0 0.14266859057971015 0.9281971948051947 0.14987526811594204 0.926764538961039 0.153099884057971 0.9195942272727273 0.1499726702898551 0.8973634415584416 0.14153240942028986 0.9088352337662337 0.14266859057971015 0.9281971948051947
0 0.05495484420289855 0.9554281948051948 0.04689330797101449 0.973353974025974 0.04727203623188406 0.979807961038961 0.053245134057971016 0.988414448051948 0.062064123188405804 0.9833966363636364 0.06092794202898551 0.9640346818181819 0.05495484420289855 0.9554281948051948