0 1 0.5410445806451613 0.9675020669291338 0.5327728978494624 0.8429595354330708 0.38240732795698923 0.8433988503937008 0.3391741451612903 0.7959306102362205 0.31288060215053765 0.739750937007874 0.30071293548387096 0.7384415511811023 0.33320817204301073 0.6600493188976377 0.3388356935483871 0.5851373897637795 0.3874150215053764 0.5437660905511812 0.36338390322580644 0.5337516771653543 0.33710177419354836 0.5058793622047244 0.33370243010752687 0.4566731102362204 0.26163190322580643 0.42531622047244094 0.2638829139784946 0.412248 0.2972222741935484 0.3817611811023622 0.3102112365591398 0.37435913385826775 0.29184188172043013 0.4000562637795275 0.26839634946236557 0.39352642913385827 0.23646386559139784 0.44230832677165355 0.18166001612903226 0.25417125196850393 0.14656390860215054 0.13352909842519683 0.21462668279569894 0.12089805118110236 0.22903394086021506 0.1422362598425197 0.2491029623655914 0.12655567322834646 0.2745295483870968 0.07734514960629922 0.25106117741935485 0.013085905511811024 0.3068160430107527 0.013112 0.3074279139784946 0.06426624015748031 0.40590594086021503 0.12262109842519686 0.4449184838709678 0.11521264173228346 0.4994523709677419 0.044218185039370084 0.5720514032258065 0.029761141732283464 0.6125782365591398 0.03093030708661417 0.6270073602150538 0.09299794881889764 0.5415486344086022 0.13654871259842521 0.5438224731182796 0.1600749291338583 0.4449298978494624 0.20667522834645669 0.4361844086021506 0.24804225590551182 0.508817688172043 0.2371599094488189 0.4474965268817204 0.21407941338582676 0.43025268279569895 0.29334172047244095 0.43536311290322577 0.33036264960629924 0.4057044677419355 0.39264138976377955 0.3958334731182796 0.4701592716535433 0.42807016129032255 0.4614478385826772 0.44219604301075266 0.4849633661417323 0.46480886559139784 0.4827924527559055 0.38936182258064517 0.5542155354330709 0.3950350053763441 0.580778468503937 0.4309295806451613 0.7628292952755906 0.3422578655913978 0.9596607047244095 0.5576367311827957 0.9457202716535433 0.6045392204301075 1 0.6006426559139785 1 0.5410445806451613
0 0.1861964094488189 0.5483587365591398 0.2023098937007874 0.5526022096774194 0.20448722047244094 0.5551460107526882 0.21363369291338583 0.5463891021505376 0.21276361811023622 0.5356511505376343 0.19839241732283466 0.5285825053763441 0.1861964094488189 0.5483587365591398
0 0.3055163543307086 0.6585976774193548 0.30072666535433074 0.6481411021505376 0.3037762047244094 0.6371217741935484 0.2972442322834646 0.629490376344086 0.27372656299212594 0.6311786290322581 0.27328938976377953 0.6501107365591398 0.28417600787401576 0.6628297365591398 0.29027294488188976 0.6650921559139784 0.2963698818897638 0.6673545806451613 0.3055163543307086 0.6585976774193548
0 0.27502739763779527 0.6958877204301075 0.2671881732283465 0.6964504731182795 0.2619613149606299 0.7049259999999999 0.2632664291338583 0.7210329247311827 0.28112219685039375 0.7224512204301075 0.2863490590551181 0.7139756935483871 0.2859140196850394 0.7086067204301075 0.27502739763779527 0.6958877204301075
0 0.38565087007874016 0.6501449784946236 0.3934900905511811 0.6495822258064516 0.3987169566929134 0.6411066989247312 0.39828191732283463 0.6357377258064516 0.3873952952755905 0.6230187258064517 0.37955607086614174 0.6235814784946236 0.3673600590551181 0.6433577096774193 0.3799889724409449 0.6532515322580645 0.3821662992125984 0.6557953333333333 0.38565087007874016 0.6501449784946236
0 0.2815636496062992 0.6549169569892473 0.2819986850393701 0.660285935483871 0.3037740669291339 0.6614228548387097 0.3033411653543307 0.6317527956989247 0.27372656299212594 0.6311786290322581 0.27285435039370076 0.6447417580645161 0.2815636496062992 0.6549169569892473
0 0.21884131496062992 0.7566232956989247 0.21230934251968503 0.7489918978494623 0.18879167322834647 0.7506801559139785 0.18356481102362204 0.7591556827956989 0.18530496062992124 0.7806315860215054 0.18965961023622047 0.7857191827956989 0.21535460629921258 0.7865747311827956 0.2201464251968504 0.7727302258064517 0.21884131496062992 0.7566232956989247
0 0.05466335826771654 0.6523046666666666 0.05074374409448819 0.6525860430107527 0.042032311023622045 0.6667119247311828 0.04290238582677166 0.677449876344086 0.05291893307086614 0.6794309247311827 0.060323118110236225 0.6734991989247312 0.06119533070866141 0.6599360698924731 0.05466335826771654 0.6523046666666666
0 0.1452366338582677 0.7970084731182795 0.1339128346456693 0.8032215806451612 0.12563643700787402 0.8227164354838711 0.12650651181102363 0.8334543870967742 0.14044267322834644 0.8351540591397849 0.15263868110236223 0.8153778279569893 0.1517686062992126 0.804639876344086 0.1452366338582677 0.7970084731182795
0 0.6674748818897638 0.08989316129032257 0.6596356574803149 0.09045591397849462 0.643085 0.10514454838709676 0.6439550748031496 0.11588249999999999 0.6657304566929134 0.11701941935483871 0.6783615039370079 0.10261216129032258 0.6779264645669291 0.09724318817204301 0.6674748818897638 0.08989316129032257
0 0.7084068700787403 0.15715746774193548 0.7118914448818897 0.15150711290322583 0.7236502755905513 0.15066298387096774 0.7245224881889765 0.13709986021505377 0.7057966456692913 0.12494361290322581 0.6818439370078739 0.12126289247311829 0.6805366929133859 0.1294570430107527 0.6936006377952756 0.1447198440860215 0.696213 0.1526326182795699 0.7023099330708661 0.1548950430107527 0.7084068700787403 0.15715746774193548
0 0.40921556299212597 0.11383296236559139 0.4039886968503937 0.12230848924731183 0.40660106299212595 0.1302212688172043 0.4244568307086614 0.13163956451612904 0.43621566929133854 0.13079543548387096 0.435345594488189 0.12005748387096773 0.4288136181102362 0.1124260806451613 0.40921556299212597 0.11383296236559139
0 0.5328965669291339 0.15625626344086022 0.5363811417322835 0.15060590860215053 0.5333337401574803 0.13732416129032257 0.5250594803149606 0.13251793548387097 0.5054614212598425 0.13392481720430108 0.49675212598425195 0.12374961827956989 0.48499329133858265 0.12459374731182796 0.4706199566929134 0.14182617741935483 0.4592961614173228 0.14803927956989246 0.4549393740157481 0.1672527634408602 0.46626103543307085 0.18534073655913977 0.48019719291338586 0.18704040860215054 0.4767126181102362 0.19269076344086022 0.4810651299212599 0.22207944086021505 0.5028405118110236 0.22321636021505376 0.5089374488188977 0.22547878494623655 0.5163416338582677 0.21954705376344086 0.5250530669291339 0.20542117741935484 0.5128591968503937 0.20089632795698925 0.5080695118110237 0.19043975268817204 0.5093767598425197 0.18224560215053764 0.5172159842519685 0.1816828494623656 0.5298448937007874 0.19157667204301074 0.5455233385826772 0.19045116666666667 0.5498801220472441 0.17123768817204302 0.5328965669291339 0.15625626344086022
0 0.5990842362204725 0.2676092956989247 0.6043110984251969 0.25913376344086025 0.5977791259842519 0.2515023655913979 0.5764387795275591 0.2557344247311828 0.5969069133858267 0.2650654946236559 0.5990842362204725 0.2676092956989247
0 0.7101448818897638 0.20293445161290322 0.7036129094488189 0.19530304838709675 0.6840148503937007 0.1967099301075269 0.6840127125984252 0.22101101075268814 0.697948874015748 0.22271068279569894 0.7014334448818897 0.21706033333333333 0.7092726692913386 0.21649758064516128 0.7101448818897638 0.20293445161290322
0 0.6300082283464566 0.23568823118279572 0.6256535787401575 0.23060062903225806 0.6247835039370079 0.21986267741935483 0.6143319212598426 0.2125126505376344 0.6064926968503938 0.21307540322580645 0.5977812637795276 0.22720128494623656 0.5986513346456692 0.2379392365591398 0.6030059842519685 0.24302683870967742 0.6247813661417323 0.24416375806451612 0.6300082283464566 0.23568823118279572
0 0.6578741377952756 0.31199081182795696 0.6648432834645669 0.3006901075268817 0.6783444015748031 0.2970208010752688 0.664408248031496 0.29532113440860214 0.6596185590551181 0.2848645537634409 0.6243420551181103 0.28739694086021506 0.6191151929133858 0.2958724677419355 0.6195502322834645 0.30124144623655913 0.6295667795275591 0.3032224946236559 0.636098751968504 0.3108538924731183 0.6578741377952756 0.31199081182795696
0 0.6221732834645669 0.18764882258064516 0.6191237440944882 0.1986681505376344 0.6213010708661417 0.20121195161290323 0.6374145511811025 0.20545541935483871 0.6596228307086613 0.23626239784946237 0.6718167047244095 0.2407872419354839 0.6783486771653544 0.24841864516129034 0.6861879015748031 0.2478558924731183 0.681398216535433 0.23739931720430107 0.6848827874015748 0.23174896236559142 0.6822704291338583 0.223836188172043 0.6700765551181103 0.2193113387096774 0.6526579606299213 0.19896094086021504 0.6361094409448819 0.1893484946236559 0.6274001417322834 0.17917329032258064 0.6191258818897637 0.1743670698924731 0.6134639842519685 0.177473623655914 0.6221732834645669 0.18764882258064516
0 0.38000393307086616 0.48314397311827956 0.3678100590551181 0.47861912365591397 0.34647185433070865 0.4585501021505376 0.3425522440944882 0.45883147849462363 0.3251336456692913 0.4384810752688172 0.3168593858267717 0.43367485483870966 0.31119748818897636 0.4367814032258065 0.3717275354330709 0.5026388279569892 0.3874059803149606 0.5015133225806452 0.38000393307086616 0.48314397311827956
0 0.12090446062992126 0.1561306989247312 0.1052260157480315 0.15725620430107526 0.10087136614173228 0.15216860215053765 0.0773536968503937 0.15385686021505376 0.07299905118110236 0.14876925806451613 0.05340099212598425 0.15017613978494623 0.04904634251968504 0.1450885430107527 0.03946483464566929 0.1484764677419355 0.03989987401574803 0.15384544623655913 0.04643184645669292 0.1614768440860215 0.08606299606299213 0.16403205913978494 0.09041764566929134 0.16911966129032258 0.1060960905511811 0.16799415591397848 0.11045074015748031 0.17308175268817205 0.1261291850393701 0.17195625268817205 0.1330983346456693 0.16065554838709678 0.1409375590551181 0.16009279569892473 0.15574379133858268 0.1725304193548387 0.16967994881889764 0.17423009139784945 0.17403673622047244 0.15501660752688173 0.16358514960629922 0.14766658602150537 0.1339705433070866 0.14709241935483872 0.1391974094488189 0.13861689247311829 0.14703662992125985 0.13805413978494624 0.15226349212598425 0.12957860752688172 0.14965112992125984 0.12166583333333333 0.13789229527559055 0.1225099623655914 0.13048811023622048 0.12844168817204302 0.12090446062992126 0.1561306989247312
0 0.5703503937007874 0.15626767741935485 0.5707875708661417 0.1373355752688172 0.556851409448819 0.13563590322580646 0.5516245511811024 0.14411143010752686 0.5564142322834645 0.1545680053763441 0.5703503937007874 0.15626767741935485
0 0.5294184015748031 0.08900337634408603 0.5241915433070866 0.09747890322580645 0.526803905511811 0.10539167741935483 0.5450947125984252 0.11217895161290323 0.5511916496062992 0.11444137634408602 0.5524988976377952 0.10624722043010754 0.5372576299212598 0.08844062365591399 0.5294184015748031 0.08900337634408603
0 0.5568449960629921 0.20853914516129032 0.5747007677165354 0.20995744086021506 0.5799276299212598 0.2014819086021505 0.574702905511811 0.18565636021505377 0.5860267047244094 0.17944325268817202 0.5794947322834646 0.17181185483870967 0.5642513188976378 0.17830633333333332 0.5598966732283465 0.1732187365591398 0.5520574488188976 0.17378148924731185 0.5446532637795275 0.17971321505376345 0.544216090551181 0.19864531720430106 0.5568449960629921 0.20853914516129032
0 0.5198433031496063 0.01948806451612903 0.5250701692913385 0.011012537634408601 0.5185381968503937 0.0033811344086021504 0.5067793582677166 0.0042252634408602155 0.5059071456692914 0.01778839247311828 0.5198433031496063 0.01948806451612903
0 0.5607774330708661 0.06245128494623656 0.5651320826771654 0.06753888709677419 0.5908270748031496 0.06839443010752688 0.5921343267716536 0.060200279569892476 0.5734084803149607 0.048044032258064515 0.5655692559055119 0.04860678494623656 0.5607774330708661 0.06245128494623656
0 0.02376715354330709 0.3683116935483871 0.015733330708661418 0.36888841397849464 0.017911141732283465 0.4199499569892473 0.01810098031496063 0.42002040322580647 0.028117523622047245 0.42200145161290326 0.039878496062992125 0.396856247311828 0.02376715354330709 0.3683116935483871