0 1 0.5170567356321839 0.9658976134453782 0.4888720977011494 0.9503899705882353 0.43155781609195404 0.9986848823529412 0.39131581609195404 0.9907115 0.2348748563218391 0.9711310252100841 0.22112590804597698 0.9222917100840337 0.2506865344827586 0.9021082100840336 0.22510591954022988 0.9218960756302521 0.20176527011494252 0.9064909285714287 0.18762074137931034 0.7691197142857142 0.12649577011494254 0.574730012605042 0.18140479310344826 0.6341079663865546 0.23514061494252875 0.631674718487395 0.26971657471264365 0.6621918613445378 0.29225413218390806 0.6569297268907563 0.31248478735632185 0.6228067731092437 0.30151716666666667 0.6042796050420168 0.2672758333333333 0.5707429285714286 0.26781123563218395 0.5287339537815126 0.34906849425287356 0.4996825042016807 0.3552884712643678 0.4927640294117647 0.3841798563218391 0.45230888235294114 0.4136066321839081 0.3661220924369748 0.36893308045977014 0.28228040756302525 0.3702715747126437 0.27632949159663867 0.3358294655172414 0.218519731092437 0.3540209310344828 0.1719230294117647 0.3864238448275862 0.1784602268907563 0.43236897701149424 0.06763343697478992 0.6039457643678161 0.012002903361344538 0.6237359482758621 0.01646336974789916 0.7112521091954023 0.03790757142857143 0.6792507356321839 0.10078883193277312 0.678246867816092 0.07943276890756303 0.629660224137931 0.2577141848739496 0.3821761379310345 0.46303816386554625 0.4594848275862069 0.4861386932773109 0.41882274137931036 0.5610099285714286 0.4061150747126437 0.569305962184874 0.48656924137931035 0.5910432983193278 0.46031937356321845 0.5798302394957983 0.4461079195402299 0.6574278613445378 0.40457580459770115 0.7247943487394959 0.4092565172413793 0.7681808865546219 0.4373447988505747 0.8514362899159664 0.4245032931034483 0.8294058109243697 0.4450016494252874 0.8264887857142857 0.5112443563218391 0.8601135966386554 0.43012094827586206 0.910711743697479 0.43506935057471263 0.9495249201680672 0.5380610632183908 0.995344705882353 0.5315733850574713 1 0.5366682873563218 1 0.5170567356321839
0 0.881865294117647 0.5276288505747126 0.8676327100840336 0.5364903505747126 0.8682189873949581 0.5479933620689655 0.8791389075630253 0.5564533045977011 0.8810883781512605 0.5535440862068965 0.8975635798319328 0.5475248850574712 0.881865294117647 0.5276288505747126
0 0.7854617268907562 0.6529258908045977 0.7902400882352941 0.6643619770114942 0.7866342857142857 0.6759319195402299 0.7975542016806723 0.6843918620689655 0.8036957605042018 0.6814157183908046 0.8098373151260504 0.6784395862068966 0.8195846764705882 0.6638935057471265 0.8164626470588235 0.6437966954022988 0.7913101428571429 0.6441982413793104 0.7854617268907562 0.6529258908045977
0 0.8401638235294118 0.7383953850574713 0.8392844033613445 0.7211408620689655 0.8325565672268908 0.7126139942528735 0.8241723991596639 0.7127478448275862 0.814425037815126 0.7272939252873564 0.8147181764705883 0.7330454252873563 0.821446012605042 0.7415722988505747 0.8401638235294118 0.7383953850574713
0 0.685437987394958 0.6660350977011494 0.6921658193277311 0.6745619712643678 0.700549987394958 0.6744281206896552 0.7050352142857144 0.6801127011494252 0.7069846848739496 0.6772034885057471 0.7189746596638655 0.6654997011494252 0.7032763781512604 0.6456036666666667 0.6948922100840336 0.6457375172413793 0.6851448487394958 0.660283591954023 0.685437987394958 0.6660350977011494
0 0.8192915378151261 0.6581419942528736 0.8164626470588235 0.6437966954022988 0.7851685882352941 0.6471743850574713 0.7888768907563025 0.6787742011494253 0.8117867857142856 0.6755303678160919 0.8114936470588235 0.6697788563218391 0.8192915378151261 0.6581419942528736
0 0.8931070840336134 0.7893558390804598 0.9001280546218487 0.8036342183908046 0.9272300336134454 0.8003234540229885 0.931128974789916 0.7945050229885058 0.9299564243697479 0.771499 0.9232285840336134 0.7629721264367816 0.8980760798319328 0.7633736724137932 0.8922276638655463 0.7721013275862069 0.8931070840336134 0.7893558390804598
0 1 0.8332535689655173 0.9887481008403362 0.8137318103448277 0.9758787058823529 0.8081810747126437 0.9700302899159664 0.8169087241379311 0.9706165672268907 0.828411735632184 0.9863148487394957 0.8483077701149425 1 0.8453777471264369 1 0.8332535689655173
0 0.35186077731092436 0.13027904022988504 0.3512745 0.11877602873563219 0.33167727310924366 0.10469842528735632 0.3232931050420168 0.10483227586206896 0.3132526008403361 0.1136268448275862 0.31354574369747895 0.1193783448275862 0.3289508823529412 0.1335228735632184 0.35186077731092436 0.13027904022988504
0 0.3124756848739496 0.13954208620689654 0.2876163235294118 0.1456951379310345 0.26948478991596636 0.16037506896551723 0.2723136806722689 0.17472036781609196 0.28488993277310926 0.17451959770114941 0.28937515546218484 0.1802041724137931 0.2955167142857143 0.17722803448275862 0.30165826890756303 0.17425189655172413 0.3033146008403361 0.16559117241379312 0.31501143697478995 0.14813587931034483 0.3124756848739496 0.13954208620689654
0 0.5866174873949579 0.1265312471264368 0.605335294117647 0.12335433333333333 0.6069916302521009 0.11469361494252873 0.6002637899159664 0.10616673563218391 0.5793033739495798 0.10650136206896552 0.5734549537815127 0.11522900574712644 0.574041231092437 0.12673202298850575 0.5866174873949579 0.1265312471264368
0 0.47519005042016804 0.16284725287356322 0.45930113025210084 0.18036947126436784 0.466615243697479 0.20039935632183906 0.4833835798319328 0.20013165517241377 0.49537355462184873 0.1884278735632184 0.5037577226890757 0.18829402298850575 0.5062934747899159 0.19688781609195402 0.5026876680672269 0.2084577528735632 0.49040455042016806 0.21441003448275864 0.5016176092436975 0.22862148850574712 0.5102949159663865 0.2342391436781609 0.516436474789916 0.231263 0.5393463697478992 0.22801916666666666 0.5398301470588236 0.1963524195402299 0.5353449201680672 0.19066783908045976 0.5498706470588235 0.1875578448275862 0.5593248697478991 0.1672602643678161 0.5520107605042016 0.14723037931034483 0.5391413655462184 0.14167964942528735 0.5214936134453781 0.1246928275862069 0.5089173613445378 0.12489360344827587 0.5011194705882354 0.13653046551724138 0.4801590504201681 0.136865091954023 0.47206802100840334 0.14275044827586206 0.47070482773109246 0.15716267241379311 0.47519005042016804 0.16284725287356322
0 0.4207073193277311 0.28747504597701146 0.42265679411764706 0.2845658275862069 0.4430309369747899 0.27272819540229887 0.41982790336134457 0.2702205287356322 0.413979487394958 0.2789481724137931 0.4207073193277311 0.28747504597701146
0 0.32418688655462186 0.24584455747126435 0.320771718487395 0.21999624137931031 0.29981129831932773 0.22033086781609193 0.29396287815126054 0.22905851149425288 0.2967917731092437 0.24340381609195402 0.3051759369747899 0.2432699655172414 0.30966115966386554 0.24895455172413794 0.32418688655462186 0.24584455747126435
0 0.3867750084033614 0.23908917816091954 0.38736128571428574 0.2505921896551724 0.38346234033613447 0.2564106206896552 0.39019017226890756 0.2649374942528736 0.41310007142857147 0.2616936551724138 0.416999012605042 0.255875224137931 0.4164127394957983 0.24437221264367814 0.4051996806722689 0.23016075862068966 0.39681551260504205 0.2302946091954023 0.3867750084033614 0.23908917816091954
0 0.39672737394957985 0.31088262068965516 0.3589986176470588 0.31148494252873565 0.35539281092436975 0.3230548793103448 0.3408670882352941 0.32616486781609194 0.3556859495798319 0.3288063850574713 0.3646563949579832 0.3401755459770115 0.38756628991596637 0.3369317068965517 0.39341470588235294 0.3282040632183908 0.4037483487394958 0.32516100000000003 0.4034552100840336 0.31940948850574713 0.39672737394957985 0.31088262068965516
0 0.3247731638655462 0.25734756896551725 0.32925838655462186 0.2630321551724138 0.3256525840336134 0.27460209195402296 0.33403675210084033 0.27446824137931036 0.33988516806722685 0.265740591954023 0.35216828151260504 0.2597883103448276 0.37136986974789915 0.22494464942528736 0.3878450630252101 0.21892544827586205 0.3897945378151261 0.21601622988505748 0.38501617226890755 0.2045801436781609 0.39281406302521005 0.19294328160919538 0.38637936974789916 0.19016791379310344 0.37828834033613445 0.19605327011494253 0.3704904495798319 0.20769013218390805 0.3543083907563025 0.21946084482758618 0.3387126092436975 0.24273456896551726 0.3264295 0.24868685057471265 0.3247731638655462 0.25734756896551725
0 0.715149487394958 0.4669723505747127 0.6953616218487395 0.49031300000000005 0.6830785084033614 0.4962652816091954 0.6778163697478992 0.5164959367816092 0.694584705882353 0.5162282413793103 0.749463075630252 0.4405217126436782 0.7430283823529412 0.4377463448275862 0.7349373529411765 0.44363170689655174 0.7193415714285715 0.46690542528735635 0.715149487394958 0.4669723505747127
0 0.889810731092437 0.10730043103448277 0.8965385630252102 0.11582730459770114 0.8652445042016806 0.11920499425287358 0.8552040042016807 0.1279995632183908 0.8625181176470589 0.14802944827586206 0.8770438445378151 0.14491945977011494 0.8909832857142858 0.13030645977011496 0.8993674537815126 0.1301726091954023 0.9083379033613445 0.1415417701149425 0.9251062394957983 0.14127406896551725 0.9290051848739496 0.1354556379310345 0.9457735210084034 0.13518794252873562 0.9496724663865546 0.12936950574712644 0.985056012605042 0.12391186781609195 0.9842791932773108 0.10867037356321839 0.982329718487395 0.11157959195402299 0.9613692983193277 0.1119142183908046 0.9574703571428572 0.11773264367816091 0.9323178529411765 0.11813419540229886 0.9284189075630251 0.12395262643678161 0.9116505714285714 0.1242203275862069 0.8976086218487395 0.09566356896551724 0.8889313109243697 0.09004591379310345 0.8763550630252102 0.09024668965517241 0.874698731092437 0.09890740804597702 0.88142656302521 0.1074342816091954 0.889810731092437 0.10730043103448277
0 0.43551182352941176 0.16635879310344828 0.4500375462184874 0.16324880459770114 0.45364335294117647 0.15167886781609197 0.4469155168067227 0.14315199425287356 0.4323897899159664 0.14626198275862068 0.43551182352941176 0.16635879310344828
0 0.45607660084033613 0.11710290804597702 0.47450126890756306 0.10817448275862068 0.47615760504201676 0.09951376436781609 0.469429768907563 0.0909868908045977 0.46104560084033613 0.09112074137931035 0.4473992899159664 0.11148524712643679 0.44993504201680673 0.1200790459770115 0.45607660084033613 0.11710290804597702
0 0.45735165966386554 0.1832786896551724 0.4489674915966387 0.18341253448275863 0.4450685420168067 0.1892309655172414 0.4280070672268908 0.18374716091954024 0.4221586512605042 0.19247481034482758 0.4350280462184874 0.19802554022988506 0.4317153781512605 0.2153469827586207 0.43844321008403364 0.22387385632183907 0.45716102100840333 0.22069694252873565 0.46915099579831937 0.2089931551724138 0.4660289663865546 0.18889634482758622 0.45735165966386554 0.1832786896551724
0 0.4254569537815126 0.051395597701149424 0.4170727857142857 0.051529448275862075 0.39894125630252103 0.06620937356321839 0.40147700840336137 0.07480317241379311 0.42857898739495803 0.07149240229885058 0.4324779285714286 0.06567397701149426 0.4254569537815126 0.051395597701149424