0 0.368086375 1 0.37397295955882354 0.9869686118421053 0.3883596764705882 0.9810488486842106 0.39260794485294115 0.9692134407894738 0.3917305441176471 0.9460373223684211 0.40688175735294113 0.9465278815789474 0.4082978455882353 0.94258275 0.3944498198529412 0.9213812565789473 0.39292082352941177 0.9085605986842106 0.38855965073529414 0.9036302105263158 0.3827823823529412 0.9026449539473684 0.3785341102941176 0.9144803618421052 0.37516324264705886 0.9494918881578948 0.3624184264705882 0.9849981052631578 0.3559895661764706 0.994368322368421 0.3393093602941177 0.9810570986842105 0.33571268014705885 0.9825370394736842 0.3300483198529412 0.9983175789473684 0.3213259632352941 0.9884568026315789 0.31772928676470585 0.9899367434210525 0.3141171213235294 1 0.368086375 1
0 0.42813267279411765 0.46031573684210525 0.4497127463235294 0.4514360855263158 0.4540739227941176 0.45636647368421057 0.48644402941176473 0.4430470065789474 0.48927620955882356 0.4351567368421052 0.5036629264705883 0.42923697368421054 0.5064951102941176 0.421346697368421 0.517285143382353 0.416906875 0.5301428639705882 0.39816645394736844 0.5400555 0.3705505065789474 0.539291 0.36414017763157897 0.521846294117647 0.344418625 0.5210817977941177 0.33800829605263155 0.5081111727941177 0.33998292763157895 0.5052789889705883 0.34787319736842104 0.44413545220588235 0.373032197368421 0.4384710919117647 0.38881273684210527 0.4217908860294117 0.37550151315789476 0.4074041691176471 0.3814212763157895 0.3967270367647059 0.4026268947368421 0.39259167279411766 0.4312280921052632 0.39488516544117647 0.4504590789473684 0.4114524669117647 0.44700451315789475 0.42813267279411765 0.46031573684210525
0 0.4912568272058824 0.515040572368421 0.4956180036764706 0.5199709605263158 0.5100047169117647 0.5140511973684211 0.5128368970588235 0.5061609210526316 0.5200302573529412 0.5032010394736842 0.5228624374999999 0.4953107697368421 0.5314718860294118 0.48840574999999997 0.5299428897058823 0.4755850921052631 0.523401125 0.46818951315789475 0.5162077683823529 0.4711493947368421 0.5023597426470588 0.4499479013157895 0.4987630625 0.4514278421052631 0.48743433823529414 0.4829889210526316 0.47664430514705886 0.48742874999999997 0.46857354411764707 0.46721250657894736 0.46061568750000004 0.4637620592105263 0.4548384227941176 0.46277680263157894 0.4505901470588235 0.4746122105263158 0.45005146323529416 0.5017334671052631 0.44503869117647055 0.5071585460526316 0.4379582389705882 0.5268842236842106 0.4401388272058823 0.5293494144736842 0.4552900404411765 0.5298399802631579 0.4596512132352941 0.5347703684210526 0.4704412536764706 0.5303305460526315 0.47327343382352943 0.5224402763157895 0.4912568272058824 0.515040572368421
0 0.6325788345588235 0.29213011842105263 0.6386948161764705 0.3434127565789474 0.6430559926470588 0.3483431447368421 0.6476429779411765 0.38680511842105264 0.6541847463235294 0.3942007039473684 0.6721681360294118 0.3868009934210526 0.6764164080882353 0.3749655921052632 0.6661650588235295 0.3522841578947369 0.6646360661764706 0.3394634934210526 0.6602748897058824 0.3345331052631579 0.6533944080882352 0.2768401447368421 0.649033231617647 0.2719097565789474 0.6475042389705882 0.25908909868421054 0.6503364191176471 0.25119882894736845 0.6426914448529412 0.18709553289473685 0.6354980882352941 0.1900554144736842 0.6314756213235294 0.2354224078947368 0.6140309191176471 0.21570085526315788 0.6032408823529413 0.22014067763157893 0.5989926102941177 0.2319760855263158 0.6012861029411765 0.25120707236842105 0.6056472794117648 0.25613746052631575 0.6138309448529412 0.29311949342105265 0.6203727058823529 0.3005150789473684 0.6224403897058823 0.2862144802631579 0.6325788345588235 0.29213011842105263
0 0.24438918382352945 0.5964455789473684 0.2450407757352941 0.5860901184210526 0.23926350735294116 0.5851048618421053 0.23861191911764704 0.5954603289473684 0.24438918382352945 0.5964455789473684
0 0.2666725220588235 0.799110927631579 0.27191109926470586 0.8272174407894737 0.27910445955882357 0.824257552631579 0.2833527279411765 0.8124221513157895 0.28105923529411764 0.7931911644736842 0.2666725220588235 0.799110927631579
0 0.2591146139705882 0.640823197368421 0.265656375 0.6482187828947369 0.26925305514705883 0.6467388421052632 0.2735013272058823 0.6349034342105263 0.2755690110294117 0.6206028355263158 0.2712078345588235 0.6156724473684211 0.2654305661764706 0.6146871907894736 0.2583501139705882 0.6344128684210526 0.2591146139705882 0.640823197368421
0 0.7320601580882353 0.6042533815789474 0.7376116176470588 0.5717070460526316 0.7210443161764706 0.5751616184210526 0.7226862169117647 0.604748072368421 0.7320601580882353 0.6042533815789474
0 0.6895611691176471 0.18462209210526315 0.6938094448529412 0.17278668421052631 0.6922804448529413 0.15996602631578946 0.6835580919117646 0.15010525 0.6777808272058823 0.14912 0.6742970514705882 0.1673657302631579 0.6787711360294119 0.18906191447368423 0.6895611691176471 0.18462209210526315
0 0.684461330882353 0.2842316052631579 0.6850000220588236 0.2571103421052632 0.6742099852941177 0.26155016447368423 0.6757389816176471 0.2743708289473684 0.6729067977941177 0.2822610986842105 0.6794485661764706 0.28965667763157893 0.684461330882353 0.2842316052631579
0 0.6896482426470588 0.09043765789473684 0.6938965110294117 0.07860225 0.6923675147058823 0.06578159210526316 0.6880063382352941 0.06085120394736842 0.68582575 0.058386006578947366 0.681577481617647 0.07022141447368421 0.6860515588235294 0.09191759868421052 0.6896482426470588 0.09043765789473684
0 0.6292691985294118 0.12200698684210527 0.6407108272058823 0.10721169736842107 0.6420140147058824 0.0865007697368421 0.6376528382352942 0.08157038157894736 0.6282788897058824 0.08206506578947369 0.6240306213235295 0.09390047368421052 0.6219629375000001 0.10820107236842107 0.6292691985294118 0.12200698684210527
0 0.16107521691176468 0.4357050263157895 0.16118811764705882 0.45247082236842107 0.1720910588235294 0.46479678947368425 0.17928441544117646 0.4618369078947368 0.17764251838235293 0.4322504605263158 0.16107521691176468 0.4357050263157895
0 0.1292179595588235 0.3109530131578947 0.13151145220588237 0.330184 0.14164989705882353 0.33609963815789473 0.14077249264705882 0.31292351973684207 0.1364113161764706 0.30799313157894737 0.1292179595588235 0.3109530131578947
0 0.11219903676470588 0.24734440789473686 0.11644730882352941 0.235509 0.1141538161764706 0.21627801315789472 0.10979263970588235 0.211347625 0.10761204779411765 0.20888242763157897 0.1033637794117647 0.22071783552631583 0.10860236029411764 0.24882434868421052 0.11219903676470588 0.24734440789473686
0 0.04420085661764706 0.32576067105263157 0.04190736397058823 0.3065296842105263 0.032533415441176466 0.30702436842105263 0.02828514705882353 0.3188597763157895 0.02904964338235294 0.3252701052631579 0.03995258455882353 0.33759607236842104 0.04420085661764706 0.32576067105263157