0 1 0.3479955106382979 0.9323987635658916 0.4321336329787234 0.889718003875969 0.42919860638297874 0.8595220697674419 0.5266771968085107 0.8130555426356589 0.5345972127659575 0.7775404069767442 0.4620797765957447 0.783873023255814 0.5229248829787234 0.8053487054263566 0.5403498404255319 0.7277391240310078 0.5340463138297872 0.6892049379844961 0.5628094468085106 0.6272345348837209 0.571596414893617 0.5532754186046511 0.5384804095744681 0.5628525891472869 0.5246406914893618 0.5413318023255813 0.501896579787234 0.5380872480620156 0.5765814042553192 0.46822960465116276 0.5698444042553191 0.4446580852713178 0.5339107925531915 0.25924298449612404 0.6187823404255319 0.08096960465116279 0.4025801170212766 0.09802810852713179 0.35639202659574465 0.039888573643410856 0.35964311170212765 0.0026384069767441862 0.31117021276595747 0.0034611937984496124 0.40820873936170216 0.07148263565891472 0.4270581382978723 0.18327823255813952 0.5777959787234043 0.17976306976744186 0.6205659095744681 0.22458477131782945 0.6473287287234043 0.2789836395348837 0.660251835106383 0.282589 0.6281202021276595 0.36010837984496125 0.6237854308510637 0.4372669534883721 0.5768974627659574 0.4762521472868217 0.6013258191489362 0.4842295930232558 0.6274880904255319 0.511406476744186 0.6312900638297873 0.5546735465116279 0.7033740265957447 0.5856812984496124 0.7016401170212766 0.6009145697674418 0.6688582659574468 0.6318321201550388 0.6564860585106383 0.6378039263565892 0.6747779734042554 0.6108525465116279 0.6975717393617021 0.6149991240310078 0.7292698936170213 0.563102 0.7827277819148937 0.7456784534883721 0.8204134042553192 0.8692133488372094 0.7549671276595744 0.882666488372093 0.7409106702127659 0.8631062403100775 0.7207177659574469 0.8803451434108528 0.6958062712765957 0.9270822790697675 0.7198011542553192 0.9944832751937984 0.6654763085106382 0.9509906976744187 0.5667966063829787 0.8963663255813953 0.527277755319149 0.9075432209302325 0.47343605319148935 0.9825608565891473 0.40272028191489356 1 0.3620865638297872 1 0.3479955106382979
0 0.8412007403100775 0.42392911702127656 0.8256517635658915 0.41947692553191485 0.8236912286821706 0.41692571808510637 0.814068957364341 0.4254462925531915 0.8141591589147287 0.4360845904255319 0.8277927015503875 0.44330472872340426 0.8412007403100775 0.42392911702127656
0 0.7316813875968993 0.3129765265957447 0.7356475581395349 0.32339808510638296 0.7318617906976744 0.33425312234042553 0.7377433953488371 0.3419067393617022 0.7609992093023256 0.3406063031914894 0.7627793410852712 0.32188091489361703 0.7529766666666666 0.3091248882978723 0.7471401627906976 0.3067904255319149 0.7413036550387596 0.30445595744680853 0.7316813875968993 0.3129765265957447
0 0.764333965116279 0.2765597819148936 0.7720859031007752 0.2761263031914894 0.7778322054263567 0.2678224680851064 0.7776969031007752 0.25186502127659577 0.760232492248062 0.25018077127659577 0.7544861899224806 0.2584846063829787 0.7545312906976744 0.26380375531914896 0.764333965116279 0.2765597819148936
0 0.6522465736434109 0.3200792446808511 0.6444946356589147 0.3205127234042553 0.6387483333333333 0.3288165531914894 0.6387934341085272 0.3341357021276596 0.6485961085271318 0.34689172872340424 0.6563480465116279 0.34645825 0.6697560852713178 0.3270826436170213 0.6580379767441861 0.31709456382978723 0.6560774418604651 0.31454335638297876 0.6522465736434109 0.3200792446808511
0 0.7549823023255814 0.31699524468085105 0.7549372015503876 0.31167609574468086 0.7335968217054263 0.310208585106383 0.7319068914728681 0.3395722712765957 0.7609992093023256 0.3406063031914894 0.7628244418604652 0.3272000638297872 0.7549823023255814 0.31699524468085105
0 0.8239379263565891 0.21734926595744683 0.8298195310077519 0.2250028829787234 0.8530753449612403 0.22370244680851065 0.8588216472868218 0.2153986170212766 0.8586412403100775 0.19412202127659575 0.8547201705426357 0.18901961170212767 0.8295038217054264 0.1877688404255319 0.8238026201550388 0.2013918191489362 0.8239379263565891 0.21734926595744683
0 0.9780083720930232 0.3231497872340426 0.9818843410852712 0.32293304787234045 0.991461511627907 0.30909332978723403 0.9913713100775193 0.29845503191489364 0.9816588372093022 0.2963373031914894 0.973952 0.30208993085106384 0.9721267674418604 0.3154961755319149 0.9780083720930232 0.3231497872340426
0 0.8992261627906977 0.1785483936170213 0.9108089689922481 0.17257902659574467 0.92034103875969 0.15342015957446808 0.9202508372093022 0.14278186170212767 0.9066623953488373 0.1408808723404255 0.8932543565891472 0.16025647872340426 0.893344558139535 0.17089477659574467 0.8992261627906977 0.1785483936170213
0 0.3350512441860465 0.8699834521276596 0.3428031821705426 0.8695499734042553 0.3601322906976744 0.8552767765957446 0.36004208914728686 0.8446384787234043 0.33870170930232557 0.8431709680851064 0.3252485697674419 0.857227425531915 0.32529367054263564 0.8625465744680851 0.3350512441860465 0.8699834521276596
0 0.29958120930232557 0.802785164893617 0.2957503410852713 0.8083210531914894 0.28412243410852717 0.8089712659574468 0.2822972015503876 0.8223775106382979 0.29985181782945736 0.8347000585106382 0.32315273255813953 0.8387187712765957 0.3250230658914729 0.8306316808510639 0.3132598527131783 0.8153244521276597 0.3112542170542636 0.8074540957446809 0.3054177131782946 0.8051196276595746 0.29958120930232557 0.802785164893617
0 0.5908200968992249 0.8503595478723404 0.5965663992248061 0.8420557180851064 0.5945607635658915 0.8341853617021278 0.5770963527131783 0.8325011117021277 0.5654684457364342 0.833151329787234 0.5655586472868217 0.8437896276595745 0.5714402519379845 0.8514432393617021 0.5908200968992249 0.8503595478723404
0 0.47217458139534885 0.8064381648936171 0.4683437131782946 0.8119740531914893 0.47039445348837206 0.8251635531914894 0.478191492248062 0.8300492234042552 0.4975713372093023 0.8289655319148935 0.5054134767441861 0.8391703510638298 0.5170413837209302 0.8385201382978723 0.5324099573643412 0.8216957340425532 0.5439927635658914 0.8157263670212767 0.5496488604651163 0.7967842393617021 0.5398010852713178 0.7787090638297872 0.5262126434108527 0.7768080744680851 0.530043511627907 0.7712721914893617 0.527857472868217 0.742125239361702 0.5065170930232558 0.7406577287234042 0.5006805891472867 0.7383232606382979 0.49297375193798454 0.7440758882978724 0.48339658139534886 0.7579156063829787 0.4950695891472868 0.7625845372340425 0.4990357596899225 0.7730061010638297 0.4971654263565891 0.7810931914893616 0.48941348837209303 0.781526670212766 0.47769537984496124 0.771538585106383 0.46219150387596897 0.7724055425531915 0.45653540310077523 0.7913476702127659 0.47217458139534885 0.8064381648936171
0 0.4150033604651163 0.6952191702127659 0.40925705813953484 0.7035230053191489 0.41513866279069767 0.7111766170212765 0.43643394186046514 0.7073249840425532 0.4169638953488372 0.6977703776595745 0.4150033604651163 0.6952191702127659
0 0.3011358372093023 0.7574640265957446 0.3070174418604651 0.7651176436170213 0.32639728682170543 0.7640339521276596 0.32813231782945734 0.7399894095744681 0.31454387596899225 0.738088420212766 0.310713007751938 0.7436243085106382 0.30296106976744186 0.7440577872340426 0.3011358372093023 0.7574640265957446
0 0.38230568217054267 0.7263167712765957 0.3862267519379845 0.7314191808510639 0.3863169534883721 0.7420574787234043 0.396074527131783 0.7494943563829788 0.40382646511627907 0.7490608776595744 0.4134036356589147 0.7352211595744681 0.41331343410852717 0.7245828617021276 0.40939236046511623 0.7194804521276595 0.38805198062015506 0.7180129414893617 0.38230568217054267 0.7263167712765957
0 0.3603338875968992 0.6503811755319149 0.35267215116279066 0.6614529468085106 0.3391288100775194 0.6648711117021276 0.35271725193798453 0.6667720957446809 0.3566834224806201 0.6771936595744681 0.3915671434108527 0.6752430106382978 0.39731344573643407 0.6669391755319148 0.3972683449612403 0.6616200265957447 0.3875558720930232 0.6595023031914894 0.38167426744186045 0.6518486861702127 0.3603338875968992 0.6503811755319149
0 0.38658755813953494 0.7739723723404256 0.39037332558139537 0.763117335106383 0.3884127906976744 0.7605661329787234 0.3728638139534884 0.7561139361702127 0.35321336046511626 0.7252827340425532 0.3415403527131783 0.7206138031914893 0.3356587480620155 0.7129601861702128 0.3279068100775194 0.713393664893617 0.331872980620155 0.7238152234042553 0.32804211627906976 0.7293511117021276 0.3300477519379845 0.7372214680851064 0.3417207596899225 0.7418903989361701 0.35740503875968993 0.7623000425531915 0.3729991162790698 0.7720713829787234 0.38084125581395345 0.7822762021276596 0.3886382945736434 0.7871618776595745 0.3944296976744186 0.7841771914893616 0.38658755813953494 0.7739723723404256
0 0.6458927635658914 0.48540634042553193 0.6575657713178295 0.4900752712765958 0.677126023255814 0.510268175531915 0.681001992248062 0.5100514361702128 0.6966862713178295 0.5304610744680851 0.7044833100775194 0.53534675 0.7102747131782946 0.5323620638297872 0.6554248333333333 0.4662474734042554 0.6399209573643411 0.46711442553191485 0.6458927635658914 0.48540634042553193
0 0.8774613992248063 0.8130442872340425 0.8929652751937984 0.812177329787234 0.8968863449612403 0.8172797446808511 0.9201421589147287 0.8159793085106383 0.9240632286821705 0.8210817180851063 0.9434430736434108 0.8199980265957446 0.9473641434108527 0.8251004361702129 0.957031515503876 0.8218990159574467 0.9569864147286822 0.8165798670212765 0.9511048100775193 0.8089262500000001 0.912300019379845 0.8057744893617022 0.9083789496124032 0.8006720797872341 0.8928750736434109 0.8015390319148936 0.888954003875969 0.7964366223404256 0.8734501279069767 0.797303579787234 0.8657883914728682 0.8083753563829787 0.8580364534883721 0.808808829787234 0.8443578062015504 0.7962695425531916 0.8307693643410853 0.7943685585106383 0.8251132674418604 0.8133106861702128 0.8348708410852713 0.8207475638297873 0.8639631589147286 0.8217815957446809 0.8582168565891473 0.8300854255319149 0.8504649186046511 0.8305189042553192 0.8447186162790697 0.8388227340425533 0.8467242519379845 0.846693090425532 0.8583521589147287 0.8460428723404255 0.866058996124031 0.84029025 0.8774613992248063 0.8130442872340425
0 0.43533032558139534 0.8058376063829786 0.4335501976744186 0.824562994680851 0.4471386395348837 0.8264639840425532 0.45288493798449614 0.8181601542553192 0.4489187674418605 0.8077385957446809 0.43533032558139534 0.8058376063829786
0 0.47080036046511625 0.8730358936170214 0.4765466627906977 0.8647320638297872 0.4745410271317829 0.8568617074468086 0.45703151550387594 0.8498583085106383 0.451195011627907 0.8475238457446809 0.4493246782945736 0.8556109361702128 0.46304842248062017 0.8734693723404255 0.47080036046511625 0.8730358936170214
0 0.45234372868217054 0.7543303670212766 0.4348793178294574 0.7526461170212766 0.42913301550387595 0.7609499468085107 0.4331442868217054 0.7766906542553191 0.421561480620155 0.7826600212765957 0.4274430852713178 0.7903136382978724 0.4429018604651163 0.7841275319148936 0.44682293023255815 0.7892299414893617 0.4545748682170543 0.7887964680851064 0.4622817054263566 0.7830438404255319 0.46406183720930233 0.7643184468085107 0.45234372868217054 0.7543303670212766
0 0.4752626434108527 0.9419680904255319 0.4695163410852713 0.9502719255319149 0.4753979457364341 0.9579255372340426 0.4870258527131783 0.957275324468085 0.4888510852713178 0.943869079787234 0.4752626434108527 0.9419680904255319
0 0.43805757751937985 0.8988143457446808 0.434136507751938 0.8937119308510638 0.40892015891472866 0.8924611595744681 0.40704982558139535 0.9005482553191488 0.4246044379844961 0.9128708031914894 0.43235637596899223 0.9124373244680851 0.43805757751937985 0.8988143457446808
0 1 0.5545925319148937 0.9974121240310079 0.5535574414893617 0.9876996511627908 0.5514397180851064 0.9743367131782946 0.5761344734042554 0.9881506627906976 0.6046312074468084 0.999778569767442 0.6039809893617022 1 0.6036610053191489 1 0.5545925319148937