0 0.28739735815602835 0.07178001898734178 0.29540237234042555 0.0881553417721519 0.2989340744680851 0.08837636075949366 0.3066568794326241 0.07616016455696202 0.3130608936170213 0.08926043037974683 0.31659259574468085 0.0894814493670886 0.33170850354609926 0.07137817721518987 0.33844221276595743 0.07814932911392405 0.35285123758865244 0.10762491772151898 0.3582661524822695 0.13971251898734177 0.3630691560283688 0.14953772151898734 0.36853156028368794 0.14670468987341773 0.37239296453900705 0.14059659493670887 0.3730523617021277 0.1279383670886076 0.3849662695035461 0.10328496202531645 0.3833652659574468 0.10000989873417722 0.36890875177304966 0.10545493670886076 0.3682968475177305 0.08319253164556963 0.3634938404255319 0.07336733544303797 0.34936702482269505 0.0724832658227848 0.3330272978723404 0.046061721518987346 0.32596389361702127 0.0456196835443038 0.2990290602836879 0.018535088607594938 0.2932369539007092 0.02769723417721519 0.2890458546099291 0.040134443037974685 0.28739735815602835 0.07178001898734178
0 0.40294901063829786 0.5742916075949367 0.40195991134751774 0.5932789430379747 0.40770452482269504 0.6190374367088607 0.41924124113475175 0.6356337848101266 0.4333680567375886 0.6365178481012659 0.44848396808510643 0.6184145759493671 0.4548879787234043 0.6315148417721519 0.5149269397163121 0.6352721392405063 0.5181289468085106 0.6418222721518988 0.5306547588652483 0.6394312721518988 0.5309844574468086 0.6331021582278481 0.5464300673758865 0.6086697721518988 0.5467597659574468 0.602340664556962 0.5355527482269504 0.5794152025316456 0.522085329787234 0.5658729050632911 0.511490219858156 0.5652098544303797 0.5082882163120568 0.5586597151898735 0.4941613971631205 0.5577756455696202 0.49095939361702123 0.5512255189873417 0.45917406028368796 0.5492363607594937 0.45531265957446804 0.5553444556962025 0.43412243971631204 0.5540183481012658 0.41900652482269507 0.5721216265822785 0.40294901063829786 0.5742916075949367
0 0.49491578014184395 0.4752761518987342 0.4910543758865249 0.48138424683544306 0.4733958581560284 0.4802791582278481 0.47019385106382977 0.4737290316455696 0.45959874113475174 0.4730659810126583 0.45573734042553193 0.47917406962025316 0.44128082624113474 0.48461911392405066 0.4393501276595745 0.48767316455696197 0.4473551382978724 0.5040484873417722 0.4524878439716312 0.5075445759493671 0.454700755319149 0.5330820506329114 0.45950375886524825 0.5429072468354431 0.46496616312056743 0.5400742151898734 0.4723592730496454 0.5341871329113924 0.4788107730496454 0.5123667658227847 0.48940588297872345 0.5130298164556962 0.5022139042553192 0.5392303417721519 0.5057456063829787 0.5394513607594937 0.5176595141843972 0.5147979556962026 0.5247229184397164 0.5152399936708861 0.530515024822695 0.506077841772152 0.5311744219858157 0.4934196202531646 0.5225100106382979 0.48970251898734174 0.5193080035460993 0.48315239240506325 0.5122445992907801 0.48271035443037974 0.5090425957446809 0.47616022151898735 0.49491578014184395 0.4752761518987342
0 0.6401375744680852 0.6462828164556962 0.6308137659574468 0.6552239430379747 0.6279414609929077 0.6423446962025317 0.6221493581560285 0.6515068481012658 0.6166394609929078 0.6892605126582279 0.612778060283688 0.6953686075949367 0.6117889609929078 0.7143559493670886 0.6165919680851064 0.7241811455696202 0.6271870815602837 0.7248442025316456 0.6426326914893618 0.7004118101265823 0.6493189113475177 0.7421036012658228 0.6563823156028369 0.7425456329113924 0.659679304964539 0.6792544936708861 0.6564772978723404 0.6727043607594937 0.657136695035461 0.6600461392405064 0.6609980957446808 0.6539380379746835 0.6639653865248226 0.5969760126582279 0.6678267872340425 0.5908679177215189 0.6684861843971631 0.5782096898734177 0.6768683865248226 0.5533352721518987 0.6720653829787234 0.5435100696202532 0.6544068652482269 0.5424049873417722 0.6486147588652482 0.5515671265822785 0.6466365673758866 0.5895418101265822 0.6427751631205674 0.5956499113924051 0.6401375744680852 0.6462828164556962
0 0.24444702482269504 0.48817543037974687 0.24571832624113477 0.4977796075949367 0.2511807340425532 0.4949465759493671 0.2499094255319149 0.4853423987341772 0.24444702482269504 0.48817543037974687
0 0.2986993581560284 0.02486420253164557 0.28838645744680846 0.05279267088607595 0.29544986170212767 0.05323470253164557 0.29931126241134753 0.04712661392405063 0.2986993581560284 0.02486420253164557
0 0.258529085106383 0.2858647974683544 0.2726558971631206 0.28674887341772154 0.2736449964539007 0.26776153164556965 0.2688419858156028 0.25793632911392406 0.2617785815602837 0.25749429746835445 0.258529085106383 0.2858647974683544
0 0.2608817269503546 0.44475570253164554 0.26888674113475175 0.4611310316455697 0.27434914539007094 0.45829800000000004 0.2782105460992908 0.45218989873417725 0.2753382411347518 0.4393106582278481 0.2705352340425532 0.4294854620253165 0.2670035319148936 0.4292644430379747 0.2612114290780142 0.4384265886075949 0.2608817269503546 0.44475570253164554
0 0.19039286524822693 0.09745810759493671 0.19519587234042554 0.10728331012658227 0.21125339007092198 0.10511332911392406 0.21511479078014184 0.09900522784810126 0.21577418794326242 0.08634700632911392 0.21130087943262413 0.07019268987341773 0.20103546453900709 0.06320052531645569 0.19171166312056737 0.0721416582278481 0.19039286524822693 0.09745810759493671
0 0.7067257588652482 0.3202631392405063 0.7070079680851064 0.348854664556962 0.7230654822695036 0.34668468354430376 0.715719865248227 0.3176511265822785 0.7067257588652482 0.3202631392405063
0 0.6977736631205674 0.7641851898734177 0.7054964680851064 0.7519689873417721 0.7061558652482269 0.7393107594936709 0.7013528617021276 0.7294855696202531 0.6907577517730497 0.7288225126582278 0.6878379503546099 0.7508639050632911 0.6923112624113475 0.7670182151898735 0.6977736631205674 0.7641851898734177
0 0.6851081170212766 0.6332227531645569 0.6793160141843971 0.6423848924050634 0.6825180177304965 0.6489350316455696 0.6818586205673759 0.6615932594936709 0.6924537304964539 0.6622563101265823 0.6902408226950354 0.636718835443038 0.6851081170212766 0.6332227531645569
0 0.7076143971631206 0.8473477341772152 0.7114758014184397 0.8412396392405064 0.7121351985815603 0.828581411392405 0.7073321879432625 0.8187562151898734 0.7038004858156028 0.8185351962025317 0.7008806879432624 0.840576588607595 0.705683695035461 0.8504017848101266 0.7076143971631206 0.8473477341772152
0 0.6581705425531915 0.8442534936708861 0.6620319468085106 0.8381453924050634 0.6594893368794326 0.8189370316455696 0.6476229255319148 0.8086698037974683 0.6415011241134752 0.8241610632911391 0.6443734290780141 0.8370403101265822 0.6491764361702128 0.8468654999999999 0.6581705425531915 0.8442534936708861
0 0.18030920212765958 0.6651293987341772 0.19636671631205674 0.6629594240506329 0.19608451063829785 0.6343679050632912 0.18902110283687942 0.6339258670886075 0.17936759929078014 0.6491961075949367 0.18030920212765958 0.6651293987341772
0 0.15765771276595744 0.7938816582278481 0.16472112056737587 0.7943236962025317 0.16858252127659573 0.7882155949367089 0.16797061702127658 0.7659531898734178 0.15864680851063828 0.7748943164556962 0.15765771276595744 0.7938816582278481
0 0.14531912411347517 0.8947054493670886 0.1491805283687943 0.8885973481012658 0.15016962411347518 0.8696100063291139 0.1453666170212766 0.8597848101265823 0.14183491489361702 0.8595637974683544 0.138585414893617 0.8879342974683545 0.1433884255319149 0.8977595 0.14531912411347517 0.8947054493670886
0 0.07063642198581561 0.7979604050632911 0.06098291489361703 0.8132306455696202 0.06065321631205673 0.8195597594936709 0.06545622340425532 0.8293849493670886 0.07445033333333333 0.8267729430379747 0.07543942907801418 0.8077855949367089 0.07063642198581561 0.7979604050632911