0 0.6921499642857143 0 0.6658562857142858 0.029479448717948716 0.6587478535714286 0.030671134615384617 0.64238745 0.05918080128205128 0.6281705821428571 0.06156416666666667 0.6233682642857143 0.07203185256410256 0.6228255035714286 0.09466891666666666 0.6082559642857143 0.09066967307692309 0.6066551928571429 0.09415890384615384 0.6187285214285715 0.11790182692307692 0.6194338607142857 0.1306670512820513 0.6233407464285714 0.1364538205128205 0.6288484071428572 0.13875136538461538 0.633650725 0.12828367948717947 0.6389958107142857 0.09517892948717949 0.6534027678571429 0.06377587820512821 0.6601585321428571 0.05620158333333334 0.6754334071428572 0.07296605128205129 0.6789876214285714 0.07237021153846153 0.6853907142857143 0.05841330128205128 0.6932044857142857 0.06998684615384616 0.6967587035714286 0.06939100000000001 0.7047625678571429 0.05194485897435898 0.7029992214285715 0.020031794871794874 0.6987396642857143 0.007862416666666667 0.6934314285714286 0 0.6921499642857143 0
0 0.558656975 0.5563478974358974 0.537331675 0.5599229551282051 0.533424792857143 0.5541361858974359 0.5014368428571429 0.5594987692307692 0.49823529642857145 0.566477217948718 0.4840184357142857 0.5688605897435897 0.48081688928571426 0.5758390448717948 0.4701542392857143 0.577626576923077 0.45664271071428575 0.5927751730769231 0.4454373 0.6171997692307692 0.4457899714285714 0.6235823782051282 0.46141751071428566 0.6467294615384616 0.4617701821428571 0.6531120769230769 0.4743862714285714 0.6542179294871795 0.4775878178571429 0.6472394807692308 0.5380094964285714 0.6371101538461539 0.5444125892857143 0.6231532435897436 0.5596874642857143 0.6399177115384616 0.5739043285714285 0.6375343397435898 0.5854624107142857 0.6194923589743591 0.5911601678571429 0.592770217948718 0.5901021535714286 0.5736223846153846 0.5739318464285714 0.5731123717948717 0.558656975 0.5563478974358974
0 0.5011116928571429 0.4886941794871795 0.49720480714285714 0.4829074038461539 0.48298794285714286 0.48529077564102563 0.47978639642857146 0.4922692371794871 0.4726779642857143 0.49346091666666664 0.46947641785714284 0.5004393782051283 0.46076721071428567 0.5051202884615384 0.46147255 0.5178855128205128 0.4673328821428571 0.5265656666666667 0.4744413142857143 0.5253739871794872 0.48651463928571426 0.5491169102564103 0.49006885714285714 0.5485210641025642 0.5028750428571429 0.5206072435897436 0.5135376928571428 0.5188197115384615 0.5201033607142858 0.5402650961538462 0.5275644607142858 0.5454560256410256 0.5330721214285715 0.5477535705128205 0.5378744392857142 0.537285891025641 0.5400179785714286 0.5111595897435898 0.5451729678571429 0.5070745192307692 0.5531768357142857 0.48962838461538466 0.5512233892857142 0.48673499358974365 0.5366538571428572 0.4827357564102564 0.5327469678571428 0.4769489871794872 0.5220843214285714 0.4787365128205128 0.518882775 0.48571496153846155 0.5011116928571429 0.4886941794871795
0 0.3515894821428571 0.6715831923076923 0.34876812142857144 0.6205222884615385 0.3448612357142857 0.6147355128205129 0.34274521785714285 0.5764398397435898 0.3368848892857143 0.5677596858974359 0.31911380714285714 0.570738891025641 0.3143114857142857 0.581206576923077 0.3228305964285714 0.6055453461538461 0.3235359392857143 0.6183105705128206 0.3274428214285714 0.6240973461538462 0.33061684999999996 0.681540858974359 0.33452373928571427 0.6873276282051283 0.335229075 0.7000928525641026 0.3320275285714286 0.7070713141025641 0.33555422500000004 0.7708974423076923 0.3426626607142857 0.7697057564102564 0.3492558464285714 0.7267291666666666 0.3648833892857143 0.74987625 0.3755460392857143 0.7480887243589743 0.3803483607142857 0.7376210384615385 0.37929035 0.7184731987179487 0.3753834642857143 0.7126864294871795 0.3697132321428572 0.6749865961538462 0.3638529 0.6663064358974359 0.361004025 0.6796675064102564 0.3515894821428571 0.6715831923076923
0 0.7438564107142858 0.4673247307692308 0.7426083035714286 0.47719657051282055 0.7481159642857143 0.47949410897435896 0.7493640678571428 0.4696222628205128 0.7438564107142858 0.4673247307692308
0 0.6926892392857144 0.028201935897435897 0.6965961285714286 0.03398870512820513 0.7037045607142857 0.03279702564102564 0.6932320035714286 0.005564871794871795 0.6926892392857144 0.028201935897435897
0 0.7345244214285714 0.2659744935897436 0.7311603 0.23755066025641028 0.7240518642857143 0.23874233974358974 0.7192495464285714 0.24921002564102565 0.7203075535714286 0.26835786538461537 0.7345244214285714 0.2659744935897436
0 0.7323258464285713 0.42094473717948716 0.7264655142857143 0.41226457692307694 0.7229112964285714 0.4128604230769231 0.7181089785714286 0.4233281025641026 0.7152601035714286 0.436689173076923 0.7191669892857143 0.44247594230769227 0.7246746464285714 0.44477348717948717 0.7326785178571428 0.42732735256410254 0.7323258464285713 0.42094473717948716
0 0.8010790785714286 0.04223973076923077 0.7916645357142856 0.03415541666666667 0.7813545535714286 0.04232555769230769 0.7769049035714286 0.059175846153846155 0.7776102428571429 0.07194107692307693 0.7815171285714285 0.07772784615384615 0.7976874357142858 0.07823785897435898 0.8024897571428572 0.06777017307692307 0.8010790785714286 0.04223973076923077
0 0.27442975357142857 0.34632740384615385 0.267131225 0.37653876923076923 0.28330153214285714 0.3770487884615385 0.283491625 0.34802910897435896 0.27442975357142857 0.34632740384615385
0 0.29024485 0.7623889423076923 0.28544252857142854 0.7728566217948718 0.28614786785714286 0.7856218525641026 0.2939616392857143 0.7971953910256411 0.2994693 0.7994929294871794 0.30391895 0.7826426410256411 0.3009075 0.7606014166666666 0.29024485 0.7623889423076923
0 0.3011251107142857 0.6671597628205128 0.298981575 0.6932860512820513 0.309644225 0.6914985256410257 0.30893888214285714 0.6787333012820513 0.3121404285714286 0.6717548461538462 0.3062801 0.6630746923076922 0.3011251107142857 0.6671597628205128
0 0.28451957857142857 0.8535330512820511 0.2797172571428571 0.8640007307692307 0.2804225964285714 0.8767659615384614 0.28432948214285714 0.8825527371794871 0.28628292499999997 0.8854461153846154 0.2910852464285714 0.8749784358974358 0.28807379285714285 0.8529372115384615 0.28451957857142857 0.8535330512820511
0 0.34458858214285715 0.8370211153846154 0.3326778321428572 0.8486804871794872 0.33018162500000003 0.8684241666666666 0.3340885107142857 0.8742109358974358 0.34315038571428574 0.8759126346153846 0.34795270357142855 0.8654449551282051 0.3508015821428571 0.852083891025641 0.34458858214285715 0.8370211153846154
0 0.8145055071428572 0.6422911794871795 0.8154009392857143 0.6260367307692308 0.805633725 0.6115698012820513 0.7985252928571429 0.6127614871794871 0.7983351964285714 0.6417811666666667 0.8145055071428572 0.6422911794871795
0 0.8377292071428571 0.7704534615384616 0.8366712 0.7513056217948718 0.8272566535714286 0.7432213076923078 0.8267138892857142 0.7658583717948718 0.830620775 0.7716451410256411 0.8377292071428571 0.7704534615384616
0 0.8503177821428571 0.8359812948717948 0.8455154571428571 0.846448967948718 0.8465734714285714 0.8655968141025642 0.8504803535714286 0.8713835897435899 0.8524337964285714 0.8742769679487179 0.8572361178571429 0.8638092820512819 0.8538719964285715 0.8353854487179487 0.8503177821428571 0.8359812948717948
0 0.9205341892857143 0.775896923076923 0.9215922 0.7950447628205128 0.9306540750000001 0.7967464615384615 0.9354563928571429 0.7862787756410256 0.935103725 0.7798961666666667 0.9253365107142857 0.7654292371794872 0.9205341892857143 0.775896923076923