0 0.36417237062937063 0.8631783499999999 0.3604382097902098 0.8576958187500001 0.35508101048951046 0.85568018125 0.3502119195804196 0.8660808687499999 0.3444519615384615 0.89857293125 0.32984468881118884 0.9297749874999999 0.3231085174825175 0.9374344000000001 0.3084159125874126 0.92171244375 0.3049258006993007 0.92243806875 0.2984336783216783 0.9363056500000001 0.2909653531468532 0.92534059375 0.28747523776223777 0.92606621875 0.2793600874125874 0.9434006937499999 0.28058034965034967 0.97444149375 0.2845585664335665 0.9861321875 0.2896242377622378 0.9935696374999999 0.2908742412587413 0.9935436375 0.31710450349650354 0.9637183 0.32408472727272725 0.96226704375 0.3405590804195804 0.93380625 0.35451952797202796 0.9309037312499999 0.3593886188811189 0.92050305 0.360279493006993 0.898411675 0.37448399300699303 0.9017173125 0.376107020979021 0.89825041875 0.3646604755244755 0.875594675 0.36417237062937063 0.8631783499999999
0 0.43044862937062933 0.44569973125000006 0.4513893006993007 0.44134595 0.45512346503496504 0.44682848125 0.4865344755244756 0.4402978125 0.48978053846153846 0.43336402500000004 0.503740986013986 0.43046150625 0.5069870454545455 0.4235277125 0.5174573811188811 0.42135082500000004 0.5309297272727272 0.40603198125000006 0.5422909370629371 0.38176371875 0.5420468846153846 0.37555555625000003 0.5271102237762237 0.35362544375 0.5268661748251748 0.34741728125 0.5145287552447553 0.3468529 0.5112826923076923 0.35378669375 0.4519507832167832 0.36612240625000003 0.44545866433566433 0.37998998125 0.4307660559440559 0.36426801875 0.4168056118881119 0.3671705375 0.40520034615384615 0.38523064375 0.3991963321678322 0.41151454374999996 0.3999284895104895 0.430139025 0.41575602447552445 0.42997776875 0.43044862937062933 0.44569973125000006
0 0.485728944055944 0.5093132 0.48946310489510486 0.51479573125 0.5034235524475524 0.5118932125 0.5066696153846154 0.504959425 0.5136498391608392 0.5035081625 0.5168958986013986 0.49657436875 0.5254991538461539 0.49165621875000004 0.525011048951049 0.47923989375 0.5194098006993006 0.47101610000000005 0.5124295769230769 0.47246736250000004 0.5009830314685315 0.4498116125 0.4974929195804196 0.4505372375 0.4845086783216783 0.4782724 0.4740383426573426 0.48044928750000004 0.4679489895104896 0.459809175 0.46072471328671327 0.455052275 0.45536752097902095 0.4530366375 0.45049843006993 0.463437325 0.4479845279720279 0.4889956 0.4428713846153846 0.49318811875 0.4347562342657343 0.51052259375 0.43662331818181815 0.5132638625 0.4508278216783217 0.5165695 0.45456198251748253 0.522052025 0.4650323216783217 0.5198751374999999 0.4682783811188811 0.51294135 0.485728944055944 0.5093132
0 0.6350596538461538 0.32492275 0.6370120734265734 0.37458803125 0.6407462377622377 0.3800705625 0.6422105489510489 0.417319525 0.6478118006993008 0.42554331875000007 0.6652623601398602 0.42191516875 0.670131451048951 0.4115144875 0.6621750174825175 0.38813310625 0.6616869125874126 0.3757167875 0.6579527482517482 0.37023425625 0.6557562727272727 0.31436081875 0.6520221083916083 0.30887828125 0.6515340034965036 0.2964619625 0.6547800664335665 0.289528175 0.652339541958042 0.227446575 0.6453593146853147 0.2288978375 0.6382203741258741 0.27106495625 0.6232837167832168 0.24913483125 0.6128133776223776 0.25131171874999997 0.6079442902097901 0.26171240625 0.6086764510489511 0.28033688125 0.612410611888112 0.2858194125 0.617365041958042 0.32234274375 0.6229662867132868 0.3305665375 0.6259682937062937 0.31742459375 0.6350596538461538 0.32492275
0 0.24766915034965034 0.5400315499999999 0.2490481293706294 0.53035649375 0.24369093006993006 0.5283408625 0.24231195454545457 0.53801591875 0.24766915034965034 0.5400315499999999
0 0.29080663636363635 0.96605644375 0.28707246853146856 0.9605739124999999 0.2800922482517482 0.962025175 0.2899157622377622 0.9881478187500001 0.29080663636363635 0.96605644375
0 0.2536117447552448 0.73595140625 0.2564550384615385 0.76352530625 0.2634352622377622 0.76207405625 0.26830435314685314 0.75167336875 0.2675721923076923 0.73304888125 0.2536117447552448 0.73595140625
0 0.25822482167832167 0.584778675 0.2638260699300699 0.59300246875 0.2673161818181818 0.59227684375 0.2721852727272727 0.58187615625 0.27518727972027973 0.56873420625 0.2714531153846154 0.5632516812499999 0.26609592307692304 0.5612360375 0.2579807727272727 0.5785705125 0.25822482167832167 0.584778675
0 0.184883006993007 0.9567845437500001 0.1939743636363636 0.96428270625 0.20420064685314684 0.95589765625 0.20882568531468532 0.9392888125000001 0.20833758041958042 0.92687249375 0.20460341958041958 0.9213899624999999 0.1887758846153846 0.92155121875 0.1839067972027972 0.9319518999999999 0.184883006993007 0.9567845437500001
0 0.7054592587412587 0.6388782625 0.7130863041958041 0.60912746875 0.6972587727272728 0.6092887250000001 0.696611951048951 0.63758825625 0.7054592587412587 0.6388782625
0 0.6965760769230769 0.2338966 0.7014451643356643 0.22349591875 0.7009570594405594 0.2110796 0.6934887307692307 0.20011453750000002 0.688131534965035 0.19809890624999998 0.6835065 0.21470775 0.6861057377622377 0.23607348749999998 0.6965760769230769 0.2338966
0 0.6844093286713288 0.3271802625 0.6869232307692308 0.3016219875 0.6764528951048951 0.30379887499999997 0.676941 0.3162152 0.6736949405594406 0.3231489875 0.6792961853146853 0.33137278124999997 0.6844093286713288 0.3271802625
0 0.7036296783216783 0.14480547500000002 0.7084987657342657 0.13440479375 0.7080106608391609 0.12198846875 0.7042765 0.1165059375 0.702409416083916 0.11376467500000001 0.6975403286713286 0.12416535625 0.7001395664335665 0.14553110625000001 0.7036296783216783 0.14480547500000002
0 0.6445418216783217 0.16334934375000001 0.6563911363636364 0.15149739375 0.6591490909090909 0.1321472875 0.6554149265734266 0.12666475625 0.6465676188811189 0.12537475 0.641698527972028 0.1357754375 0.638696520979021 0.1489173875 0.6445418216783217 0.16334934375000001
0 0.18125972377622376 0.37233061875 0.1801247972027972 0.38821383125 0.18946020979020978 0.4019201625 0.19644043356643356 0.4004689 0.19708725174825176 0.3721693625 0.18125972377622376 0.37233061875
0 0.16055114335664336 0.24832866875 0.16128329720279722 0.26695315000000003 0.17037465734265733 0.27445131875 0.17126553146853146 0.25235994375000004 0.16753136363636364 0.2468774125 0.16055114335664336 0.24832866875
0 0.1492633111888112 0.18495706875 0.1541323986013986 0.17455638125 0.15340024475524475 0.15593189999999998 0.14966607692307693 0.150449375 0.147798993006993 0.14770810625 0.14292990559440558 0.15810879375 0.1457731958041958 0.1856827 0.1492633111888112 0.18495706875
0 0.0795464020979021 0.24639367499999998 0.07881424475524475 0.2277692 0.06996693706293707 0.22647919375 0.06509784615384616 0.236879875 0.0653419020979021 0.24308803750000002 0.07467731118881119 0.2567943625 0.0795464020979021 0.24639367499999998