0 0.003816793893129771 0.6796875 0.04007633587786259 0.6302083333333334 0.09732824427480916 0.6302083333333334 0.08015267175572519 0.5859375 0.2538167938931298 0.3645833333333333 0.43702290076335876 0.4375 0.4599236641221374 0.4010416666666667 0.5286259541984732 0.390625 0.5324427480916031 0.4635416666666667 0.5534351145038168 0.4401041666666667 0.5438931297709924 0.4270833333333333 0.6164122137404581 0.390625 0.6774809160305344 0.3958333333333333 0.7156488549618321 0.421875 0.7919847328244275 0.4114583333333333 0.7709923664122137 0.4296875 0.7652671755725191 0.4895833333333333 0.799618320610687 0.4166666666666667 0.8454198473282443 0.421875 0.8759541984732825 0.515625 0.9179389312977099 0.5104166666666666 0.9980916030534351 0.6041666666666666 0.9675572519083969 0.5364583333333334 0.8931297709923665 0.4713541666666667 0.8816793893129771 0.4192708333333333 0.9351145038167938 0.3776041666666667 0.9770992366412213 0.2786458333333333 0.9103053435114504 0.22916666666666666 0.8645038167938931 0.2552083333333333 0.8473282442748091 0.23177083333333334 0.8664122137404581 0.2109375 0.8530534351145038 0.19791666666666666 0.7309160305343512 0.140625 0.5515267175572519 0.1875 0.6030534351145038 0.23697916666666666 0.5992366412213741 0.2682291666666667 0.6259541984732825 0.2890625 0.6202290076335878 0.3072916666666667 0.5896946564885496 0.296875 0.5744274809160306 0.265625 0.5438931297709924 0.265625 0.5019083969465649 0.3385416666666667 0.4751908396946565 0.34375 0.4675572519083969 0.3697916666666667 0.42938931297709926 0.3958333333333333 0.3530534351145038 0.3541666666666667 0.2767175572519084 0.3541666666666667 0.2729007633587786 0.3229166666666667 0.21946564885496184 0.3385416666666667 0.17557251908396945 0.3671875 0.17938931297709923 0.4088541666666667 0.07061068702290077 0.5625 0 0.5859375
0 0.8129770992366412 0.5286458333333334 0.8282442748091603 0.5234375 0.8148854961832062 0.5052083333333334 0.8015267175572519 0.5130208333333334 0.8015267175572519 0.5234375 0.8110687022900763 0.53125
0 0.7366412213740458 0.6432291666666666 0.7423664122137404 0.640625 0.7519083969465649 0.6276041666666666 0.75 0.609375 0.7270992366412213 0.609375 0.7213740458015268 0.6171875 0.7251908396946565 0.6276041666666666 0.7213740458015268 0.6380208333333334 0.7309160305343512 0.6458333333333334
0 0.767175572519084 0.6953125 0.767175572519084 0.6796875 0.7614503816793893 0.671875 0.7538167938931297 0.671875 0.7442748091603053 0.6848958333333334 0.7442748091603053 0.6901041666666666 0.75 0.6979166666666666
0 0.648854961832061 0.6380208333333334 0.6603053435114504 0.6276041666666666 0.6469465648854962 0.609375 0.6393129770992366 0.609375 0.6297709923664122 0.6223958333333334 0.6297709923664122 0.6276041666666666 0.6354961832061069 0.6354166666666666 0.6431297709923665 0.6354166666666666 0.6469465648854962 0.640625
0 0.7442748091603053 0.6380208333333334 0.7442748091603053 0.6328125 0.7519083969465649 0.6223958333333334 0.75 0.609375 0.7213740458015268 0.6119791666666666 0.7232824427480916 0.640625
0 0.8435114503816794 0.7526041666666666 0.8473282442748091 0.7473958333333334 0.8473282442748091 0.7265625 0.8416030534351145 0.71875 0.8187022900763359 0.71875 0.8129770992366412 0.7265625 0.8129770992366412 0.7421875 0.8187022900763359 0.7552083333333334
0 0.9770992366412213 0.6380208333333334 0.9770992366412213 0.6276041666666666 0.9675572519083969 0.6145833333333334 0.9637404580152672 0.6145833333333334 0.9580152671755725 0.6223958333333334 0.9599236641221374 0.6354166666666666 0.9675572519083969 0.640625
0 0.9083969465648855 0.7942708333333334 0.9083969465648855 0.7838541666666666 0.898854961832061 0.765625 0.8874045801526718 0.7604166666666666 0.8816793893129771 0.7682291666666666 0.8816793893129771 0.7786458333333334 0.8950381679389313 0.796875
0 0.3511450381679389 0.13802083333333334 0.3511450381679389 0.12760416666666666 0.33396946564885494 0.11458333333333333 0.32633587786259544 0.11458333333333333 0.31679389312977096 0.12239583333333333 0.31679389312977096 0.12760416666666666 0.3301526717557252 0.140625
0 0.29770992366412213 0.1796875 0.30343511450381677 0.17708333333333334 0.3053435114503817 0.16927083333333334 0.31679389312977096 0.15364583333333334 0.3148854961832061 0.14583333333333334 0.2919847328244275 0.15104166666666666 0.2748091603053435 0.1640625 0.2767175572519084 0.17708333333333334 0.2881679389312977 0.17708333333333334 0.2919847328244275 0.18229166666666666
0 0.5648854961832062 0.13802083333333334 0.5820610687022901 0.13541666666666666 0.583969465648855 0.12760416666666666 0.5782442748091603 0.11979166666666667 0.5591603053435115 0.11979166666666667 0.5534351145038168 0.12760416666666666 0.5534351145038168 0.13802083333333334
0 0.4961832061068702 0.23177083333333334 0.517175572519084 0.22916666666666666 0.5190839694656488 0.20052083333333334 0.5152671755725191 0.1953125 0.5286259541984732 0.19270833333333334 0.5381679389312977 0.17447916666666666 0.5324427480916031 0.15625 0.5209923664122137 0.15104166666666666 0.5057251908396947 0.13541666666666666 0.49427480916030536 0.13541666666666666 0.4866412213740458 0.14583333333333334 0.4675572519083969 0.14583333333333334 0.4599236641221374 0.15104166666666666 0.4580152671755725 0.1640625 0.4618320610687023 0.16927083333333334 0.44656488549618323 0.18489583333333334 0.45229007633587787 0.203125 0.4675572519083969 0.203125 0.47900763358778625 0.19270833333333334 0.4866412213740458 0.19270833333333334 0.48854961832061067 0.20052083333333334 0.4847328244274809 0.2109375 0.4732824427480916 0.21614583333333334 0.48282442748091603 0.22916666666666666 0.4904580152671756 0.234375
0 0.4083969465648855 0.2786458333333333 0.42748091603053434 0.2682291666666667 0.4064885496183206 0.265625 0.40076335877862596 0.2734375 0.4064885496183206 0.28125
0 0.32061068702290074 0.2421875 0.3187022900763359 0.21875 0.29961832061068705 0.21875 0.29389312977099236 0.2265625 0.2958015267175573 0.23958333333333334 0.30343511450381677 0.23958333333333334 0.30725190839694655 0.24479166666666666
0 0.40076335877862596 0.2578125 0.40458015267175573 0.2526041666666667 0.40458015267175573 0.2421875 0.3950381679389313 0.22916666666666666 0.38740458015267176 0.22916666666666666 0.37786259541984735 0.23697916666666666 0.37786259541984735 0.24739583333333334 0.37404580152671757 0.2526041666666667 0.3797709923664122 0.2604166666666667
0 0.37404580152671757 0.3255208333333333 0.3797709923664122 0.3177083333333333 0.3893129770992366 0.3151041666666667 0.3893129770992366 0.3098958333333333 0.383587786259542 0.3020833333333333 0.34923664122137404 0.3020833333333333 0.34541984732824427 0.3125 0.3320610687022901 0.3151041666666667 0.34541984732824427 0.3177083333333333 0.3530534351145038 0.328125
0 0.3282442748091603 0.2682291666666667 0.33396946564885494 0.2604166666666667 0.34541984732824427 0.2552083333333333 0.36450381679389315 0.22395833333333334 0.3797709923664122 0.21875 0.3816793893129771 0.21614583333333334 0.37786259541984735 0.20572916666666666 0.38549618320610685 0.1953125 0.3797709923664122 0.19270833333333334 0.37213740458015265 0.19791666666666666 0.36450381679389315 0.20833333333333334 0.34923664122137404 0.21875 0.33396946564885494 0.23958333333333334 0.32251908396946566 0.24479166666666666 0.32061068702290074 0.2526041666666667 0.3244274809160305 0.2578125 0.32061068702290074 0.2682291666666667
0 0.6450381679389313 0.4921875 0.6984732824427481 0.4244791666666667 0.6927480916030534 0.421875 0.6851145038167938 0.4270833333333333 0.6698473282442748 0.4479166666666667 0.666030534351145 0.4479166666666667 0.6469465648854962 0.46875 0.6354961832061069 0.4739583333333333 0.6297709923664122 0.4921875
0 0.8282442748091603 0.15885416666666666 0.8416030534351145 0.14583333333333334 0.8492366412213741 0.14583333333333334 0.8568702290076335 0.15625 0.8721374045801527 0.15625 0.8759541984732825 0.15104166666666666 0.8912213740458015 0.15104166666666666 0.8950381679389313 0.14583333333333334 0.933206106870229 0.140625 0.9389312977099237 0.1328125 0.9389312977099237 0.12760416666666666 0.9293893129770993 0.125 0.9255725190839694 0.13020833333333334 0.9064885496183206 0.13020833333333334 0.9026717557251909 0.13541666666666666 0.8797709923664122 0.13541666666666666 0.8759541984732825 0.140625 0.8606870229007634 0.140625 0.8492366412213741 0.11458333333333333 0.8416030534351145 0.109375 0.8301526717557252 0.109375 0.8282442748091603 0.1171875 0.833969465648855 0.125 0.8416030534351145 0.125 0.8473282442748091 0.1328125 0.8187022900763359 0.13541666666666666 0.8091603053435115 0.14322916666666666 0.8148854961832062 0.16145833333333334
0 0.4389312977099237 0.16927083333333334 0.44274809160305345 0.15885416666666666 0.43702290076335876 0.15104166666666666 0.42366412213740456 0.15364583333333334 0.4255725190839695 0.171875
0 0.44656488549618323 0.12760416666666666 0.4637404580152672 0.11979166666666667 0.46564885496183206 0.11197916666666667 0.4599236641221374 0.10416666666666667 0.45229007633587787 0.10416666666666667 0.4389312977099237 0.12239583333333333 0.44083969465648853 0.13020833333333334
0 0.44274809160305345 0.22135416666666666 0.4541984732824427 0.2109375 0.45229007633587787 0.19270833333333334 0.4446564885496183 0.1875 0.43702290076335876 0.1875 0.43320610687022904 0.19270833333333334 0.4179389312977099 0.1875 0.4122137404580153 0.1953125 0.42366412213740456 0.20052083333333334 0.4198473282442748 0.21614583333333334 0.4255725190839695 0.22395833333333334
0 0.4770992366412214 0.033854166666666664 0.4751908396946565 0.020833333333333332 0.4637404580152672 0.020833333333333332 0.4580152671755725 0.028645833333333332 0.4637404580152672 0.036458333333333336
0 0.42366412213740456 0.0859375 0.42748091603053434 0.08072916666666667 0.4217557251908397 0.06770833333333333 0.41412213740458015 0.06770833333333333 0.3969465648854962 0.08072916666666667 0.3988549618320611 0.08854166666666667
0 1 0.2994791666666667 1 0.2734375 0.9904580152671756 0.2708333333333333 0.9885496183206107 0.2942708333333333 0.9980916030534351 0.3020833333333333
0 0.9809160305343512 0.3880208333333333 0.9866412213740458 0.3854166666666667 0.9923664122137404 0.3723958333333333 0.9885496183206107 0.3619791666666667 0.9885496183206107 0.3463541666666667 0.982824427480916 0.3385416666666667 0.9713740458015268 0.3385416666666667 0.9580152671755725 0.3671875 0.9713740458015268 0.390625