0 0.25363755944055943 0.1862903375 0.2636834580419581 0.20030777500000002 0.2671346083916084 0.1996901375 0.2729024895104895 0.18600561875 0.2809392062937063 0.19721956875 0.2843903531468531 0.196601925 0.29649332517482513 0.1754575 0.30396283216783215 0.18044683125 0.32204545104895105 0.205678225 0.3317837937062937 0.2355660375 0.33781133216783216 0.24397649999999999 0.34270445454545456 0.23993772500000002 0.3455883951048951 0.2330954625 0.344453972027972 0.220646225 0.35253858391608395 0.19389483125 0.3505294055944056 0.1910913375 0.33729201398601394 0.19978653125 0.3335812097902098 0.1783091875 0.32755367132867136 0.16989871875 0.31374907342657343 0.17236929375 0.2942244895104895 0.15055903125 0.28732218881118876 0.1517943125 0.25744415734265735 0.13183698125 0.25311824475524475 0.1421003625 0.25080151398601397 0.15516725 0.25363755944055943 0.1862903375
0 0.43592586363636365 0.6471048749999999 0.437627493006993 0.6657787374999999 0.44679862937062936 0.689441925 0.46029567482517486 0.70284171875 0.47410027622377626 0.70037115625 0.48620324475524473 0.679226725 0.49423996153846156 0.69044068125 0.5529095034965035 0.6799407625 0.5569278636363637 0.6855477375000001 0.5687232832167832 0.680273675 0.5681560734265735 0.6740490625 0.5796918356643357 0.6466800187499999 0.5791246258741258 0.6404554 0.5650603706293706 0.6208309812499999 0.5501213531468532 0.6108523124999999 0.5397679055944057 0.61270524375 0.5357495454545455 0.60709826875 0.521944944055944 0.6095688375 0.5179265874125875 0.6039618625000001 0.4868662447552447 0.60952064375 0.4839823041958042 0.6163629 0.46327540209790213 0.62006875625 0.45117243356643355 0.6412131750000001 0.43592586363636365 0.6471048749999999
0 0.5111200769230769 0.5292664375 0.5082361363636364 0.5361087 0.4909803881118881 0.5391969125 0.48696203146853145 0.5335899375000001 0.47660858041958043 0.5354428625 0.4737246398601398 0.54228511875 0.4604872517482517 0.5509803125 0.4590452832167832 0.55440144375 0.46909117832167835 0.5684188812500001 0.474551506993007 0.570604725 0.48027149650349654 0.5948855562500001 0.4862990314685315 0.603296025 0.4911921503496503 0.59925725 0.49752724125874126 0.59179735 0.5007187342657342 0.56908471875 0.5110721853146852 0.56723179375 0.5271456188811189 0.5896597 0.5305967657342657 0.5890420562500001 0.5386813776223776 0.56229065625 0.5455836783216783 0.5610553687500001 0.549909590909091 0.55079198125 0.5487751678321678 0.53834274375 0.5398636923076923 0.53677454375 0.5358453356643357 0.5311675625000001 0.5289430314685314 0.53240285 0.5249246748251748 0.5267958687500001 0.5111200769230769 0.5292664375
0 0.6757089195804196 0.66112676875 0.6679318601398602 0.6720078 0.6633462902097902 0.66017620625 0.6590203811188811 0.6704396 0.658972486013986 0.70840495 0.6560885454545454 0.71524720625 0.6577901748251749 0.73392106875 0.6638177097902098 0.74233153125 0.6741711608391608 0.7404786062500001 0.685706923076923 0.7131095625 0.6980216573426574 0.752025475 0.7049239545454545 0.75079019375 0.6992518636363636 0.68854400625 0.6952335034965035 0.68293703125 0.6940990874125874 0.67048779375 0.6969830279720279 0.6636455375 0.6918781433566433 0.60762396875 0.6947620839160839 0.60078170625 0.6936276643356644 0.58833246875 0.6982611258741259 0.5621987125000001 0.6922335874125873 0.55378825 0.6749778391608392 0.55687645625 0.6706519300699301 0.56713985 0.6740551853146853 0.60448755625 0.6711712447552447 0.611329825 0.6757089195804196 0.66112676875
0 0.27036647202797204 0.60082100625 0.27294286363636366 0.6098491125 0.277835979020979 0.6058103375 0.2752595944055944 0.5967822375 0.27036647202797204 0.60082100625
0 0.25801136713286715 0.1380616 0.25193593356643357 0.1676164875 0.25883823426573427 0.1663812 0.2617221713286713 0.1595389375 0.25801136713286715 0.1380616
0 0.25566692657342655 0.401015575 0.26947152447552447 0.39854500625 0.2677698986013986 0.37987115 0.26174236013986013 0.3714606875 0.2548400594405595 0.37269596875 0.25566692657342655 0.401015575
0 0.2802006083916084 0.55477810625 0.290246506993007 0.56879555 0.29513962237762237 0.564756775 0.29802356293706295 0.5579145125 0.2934379965034965 0.54608291875 0.2874104580419581 0.5376724562499999 0.2839593076923077 0.5382900937499999 0.2796333986013986 0.5485534875 0.2802006083916084 0.55477810625
0 0.16329256993006994 0.234089775 0.1693201048951049 0.2425002375 0.1845666748251748 0.23660854375 0.18745061538461538 0.22976627500000002 0.18631619580419578 0.21731703750000003 0.17972144755244757 0.20268196249999998 0.1688007937062937 0.19831026875 0.16102373076923077 0.2091913 0.16329256993006994 0.234089775
0 0.6945301328671328 0.32879961875 0.6988081503496503 0.35650158125 0.7140547202797203 0.35060988125 0.7028743986013986 0.32414320625 0.6945301328671328 0.32879961875
0 0.7480393776223777 0.7620523375 0.7538072587412588 0.7483678125 0.7526728426573427 0.73591858125 0.7466453006993007 0.72750811875 0.7362918531468531 0.72936104375 0.7365515104895105 0.7514560312499999 0.7431462587412587 0.76609110625 0.7480393776223777 0.7620523375
0 0.7174302657342657 0.63784469375 0.7131043566433566 0.6481080875 0.7171227132867133 0.6537150625 0.7182571328671329 0.66616429375 0.7286105804195804 0.66431136875 0.7228905944055944 0.64003054375 0.7174302657342657 0.63784469375
0 0.7692176993006993 0.84050180625 0.7721016398601398 0.83365954375 0.7709672167832168 0.8212103125000001 0.7649396818181818 0.81279984375 0.7614885314685315 0.8134174875 0.7617481853146854 0.83551246875 0.7677757272727272 0.8439229375 0.7692176993006993 0.84050180625
0 0.7209016048951049 0.8491487937500001 0.7237855454545454 0.8423065375000001 0.7186327657342658 0.8242503250000001 0.7057029265734266 0.81707514375 0.7019442272727272 0.83356315625 0.7065297937062937 0.84539475 0.7125573321678321 0.8538052125 0.7209016048951049 0.8491487937500001
0 0.23303911888111886 0.78779608125 0.24828568531468528 0.7819043812500001 0.24400767132867132 0.75420241875 0.23710537062937062 0.7554377125 0.22989552097902097 0.7725433625 0.23303911888111886 0.78779608125
0 0.22913673776223778 0.91818015625 0.23603903496503498 0.9169448625 0.2389229755244755 0.9101026062500001 0.23521216783216783 0.88862526875 0.2274351048951049 0.89950629375 0.22913673776223778 0.91818015625
0 0.2330850174825175 1 0.2324920979020979 0.99349321875 0.2264645594405594 0.9850827499999999 0.22301340909090908 0.98570039375 0.22343092307692308 1 0.2330850174825175 1
0 0.1454343846153846 0.94264931875 0.13822453146853148 0.9597549687500001 0.13879174125874125 0.9659795875 0.14481927972027972 0.97439005 0.15316355244755245 0.9697336312499999 0.15146191958041957 0.95105978125 0.1454343846153846 0.94264931875