0 0.29320070000000004 0.37674002709359605 0.27233038360655737 0.3861516871921182 0.2651917049180328 0.42941936699507394 0.2568461426229508 0.43927719950738914 0.26758836721311474 0.4556179310344828 0.2701854639344262 0.48569225615763545 0.29641192786885245 0.44890747536945813 0.3137086295081967 0.4509743694581281 0.3204549901639344 0.4202657339901478 0.3101008081967213 0.38121067980295564 0.29320070000000004 0.37674002709359605
0 0 0.8280037586206898 0.09102260327868852 0.8589183004926108 0.11269038196721312 0.8548543990147782 0.12460100655737705 0.8132074458128078 0.12459245573770492 0.7928968842364532 0.11345363934426231 0.7789599137931035 0.12060086885245902 0.7560027955665025 0.1174152950819672 0.7447670320197044 0.13252004590163935 0.7346664064039409 0.14800856065573773 0.6916961724137931 0.14144980655737704 0.6958147290640394 0.1291169344262295 0.6789337561576355 0.10744488032786885 0.6728423793103449 0.1054362606557377 0.6239294901477832 0.1249120868852459 0.607698066502463 0.10938936557377049 0.5694260492610838 0.09606714918032787 0.5636321157635468 0.07181937540983606 0.5782428177339901 0.06147802131147541 0.5696536083743843 0.050561016393442626 0.6103688004926108 0.017370655737704917 0.6333653374384236 0.012590157377049181 0.6114340492610837 0 0.608825472906404 0 0.7254782931034484 0.009059298360655738 0.7244654187192119 0.03212584262295082 0.7373765591133005 0.04285951475409836 0.7334067290640394 0.06036092786885246 0.7495046650246305 0.07308184098360655 0.7436713152709359 0.08283044426229508 0.7609438054187193 0.06554229344262295 0.779187472906404 0.05122645573770492 0.774325300492611 0.046049363934426234 0.7547977709359607 0.011067919672131148 0.7733783054187193 0.0031061245901639343 0.7503665369458129 0 0.7504781083743843 0 0.8280037586206898
0 0.3005996721311476 0.47952204187192116 0.29484693278688523 0.5092989187192118 0.3316194606557377 0.4951343916256158 0.33578582786885247 0.47497255172413794 0.3180882573770492 0.4651541354679803 0.3005996721311476 0.47952204187192116
0 0.43473850819672133 0.3537345443349753 0.4365210393442623 0.3378399852216749 0.4186315852459016 0.3444563669950739 0.43473850819672133 0.3537345443349753
0 0.3963625032786885 0.3368929901477833 0.39497656557377053 0.3503837881773399 0.4092966786885246 0.3654012438423645 0.4230112147540983 0.3586361354679803 0.407889362295082 0.32811564039408864 0.3963625032786885 0.3368929901477833
0 0.4766710245901639 0.31847641625615764 0.47348545081967214 0.3072406502463054 0.46314837213114757 0.3088067216748768 0.4633530819672131 0.32283776600985226 0.4766710245901639 0.31847641625615764
0 0.5271452606557376 0.267080933497537 0.5283264901639344 0.23955909113300494 0.5168039065573771 0.25849172413793103 0.5193924524590163 0.26825548768472907 0.5271452606557376 0.267080933497537
0 0.7976923655737705 0.6838909679802956 0.7877390540983606 0.6525874359605911 0.8086008180327868 0.6228652093596059 0.8221234704918032 0.6325349014778325 0.827488168852459 0.6254723448275862 0.8298591770491803 0.590739224137931 0.8147416016393442 0.5703740098522168 0.8596549803278689 0.5323206034482758 0.8536847032786885 0.5176005960591132 0.831228013114754 0.5366272980295567 0.7922592573770492 0.5284690246305419 0.7520921704918033 0.5072114704433497 0.747111237704918 0.4814044236453202 0.7284628032786885 0.5740705738916256 0.741593137704918 0.5962993078817734 0.7431966131147542 0.6273053940886699 0.758919768852459 0.6694531699507389 0.7680627918032787 0.6649430985221675 0.785171886885246 0.6936000763546798 0.7976923655737705 0.6838909679802956
0 0.9230548409836066 0.4891228128078818 0.9202658622950819 0.47548328817733987 0.9037580704918032 0.45845359359605914 0.8580386770491804 0.4708486748768473 0.8711690114754098 0.4930774088669951 0.8676253262295082 0.5756429359605911 0.905208144262295 0.5972920073891625 0.9260741852459017 0.5777250640394088 0.9316307672131147 0.5542277068965518 0.9479295721311475 0.5470710812807882 0.9518997803278688 0.5331887610837438 0.9403600950819672 0.5115002684729064 0.9421426262295082 0.4956057093596059 0.9230548409836066 0.4891228128078818
0 0.6773108229508197 0.9044661674876847 0.6882577557377049 0.9348379384236453 0.7069489475409836 0.9437245935960591 0.7317894721311475 0.9204306133004927 0.7337681639344262 0.8982565320197045 0.7214310147540984 0.8712202783251232 0.7017462032786885 0.8632653817733991 0.680880162295082 0.8828323251231528 0.6773108229508197 0.9044661674876847
0 0 0.8280037586206898 0.09261325081967213 0.8594585443349755 0.11428103114754097 0.8553946403940887 0.12578651147540984 0.7958408866995074 0.11345363934426231 0.7789599137931035 0.11384595573770492 0.7664008719211822 0.12020427540983607 0.7584065566502464 0.11940253770491804 0.7429035147783252 0.13252004590163935 0.7346664064039409 0.14959920983606556 0.6922364137931034 0.14144980655737704 0.6958147290640394 0.1291169344262295 0.6789337561576355 0.10744488032786885 0.6728423793103449 0.11101849508196722 0.6613638201970443 0.10503966721311475 0.626333251231527 0.12372230655737705 0.6149093448275862 0.12530868032786885 0.6052943054187192 0.11316769180327868 0.5719785320197045 0.10342336393442622 0.5648613226600985 0.0753972655737705 0.5769195418719212 0.06346526229508197 0.5677900886699507 0.04897036885245902 0.6098285591133005 0.019357896721311475 0.6315018177339902 0.012590157377049181 0.6114340492610837 0 0.6071579802955664 0 0.7314197266009852 0.06910308196721313 0.7372430714285715 0.0840245 0.7638878054187191 0.06912018360655738 0.7778641945812808 0.0516230475409836 0.771921539408867 0.04803660655737705 0.7529342561576354 0.037102500000000004 0.7530283251231527 0.03412591147540984 0.7659788817733991 0.015438996721311476 0.7672475098522168 0 0.7523442512315272 0 0.8280037586206898