0 0.24244270805369128 0.5065051055276382 0.22430353020134225 0.527158932160804 0.22728811073825506 0.5718350577889447 0.22143300503355706 0.5858175376884422 0.23563036409395974 0.5950826834170854 0.2450568523489933 0.6218567638190955 0.2621247332214765 0.5724633015075377 0.27942192281879197 0.5646126206030151 0.2789374312080537 0.5319534195979899 0.25990570637583893 0.5011364321608041 0.24244270805369128 0.5065051055276382
0 0.11653856543624161 0.8449482035175879 0.13175666107382553 0.8186790276381909 0.10787763087248323 0.7915233844221105 0.09359089765100671 0.7936238266331658 0.0733596879194631 0.8210723366834171 0.06133079865771812 0.8188601005025126 0.06005487751677852 0.8632780000000001 0.033050139261744965 0.9036645452261306 0.023368466442953022 0.8857740452261307 0.007627092281879196 0.8915068291457287 0.01480159899328859 0.9989018643216081 0.03976955872483221 0.9982492336683417 0.04586926342281879 0.9939263592964824 0.07126646140939598 0.992993703517588 0.08079526174496644 0.9831890150753769 0.10151096476510067 0.9883997085427135 0.11254499328859059 0.9757199020100502 0.1259897365771812 0.9864226055276383 0.1214432432885906 0.9961143869346734 0.17441448489932884 0.9947297864321607 0.17393948489932887 0.9927895351758794 0.1599079379194631 0.9860063994974874 0.1615919144295302 0.9604001055276382 0.15591555704697987 0.9516514120603016 0.16828900503355704 0.9336144798994974 0.17349380872483222 0.8844907889447237 0.16805969798657716 0.8920716959798994 0.15219130201342282 0.8831996658291457 0.1297151879194631 0.8897476708542713 0.11653856543624161 0.8449482035175879
0 0.2732222600671141 0.598844271356784 0.2744593674496644 0.6300659120603015 0.30697465100671145 0.5959460577889447 0.306400783557047 0.5746524422110553 0.2869351275167785 0.5754502110552764 0.2732222600671141 0.598844271356784
0 0.3748251812080537 0.40477378391959795 0.37291189765100674 0.38883729396984923 0.35703056375838926 0.40517844221105526 0.3748251812080537 0.40477378391959795
0 0.3336360234899329 0.410682 0.33538349832214764 0.4241364849246231 0.3527571224832215 0.43013339949748747 0.3645437667785235 0.4160160301507537 0.34283320469798656 0.395913296482412 0.3336360234899329 0.410682
0 0.4075192130872483 0.3479227537688442 0.4018428590604027 0.33917406030150754 0.3921482483221477 0.3464967437185929 0.39556676174496647 0.35955811306532665 0.4075192130872483 0.3479227537688442
0 0.44481830536912753 0.2710807814070352 0.43965231879194633 0.2445649271356784 0.43278941778523494 0.26886854773869345 0.43754734899328857 0.27657279396984924 0.44481830536912753 0.2710807814070352
0 0.8035917617449665 0.5093692010050251 0.7867285050335571 0.48560512311557785 0.8001991258389262 0.4458814648241206 0.8155700922818792 0.4473074773869347 0.8191673540268457 0.437637675879397 0.8135039379194631 0.4036757989949749 0.7941276526845638 0.3931079824120603 0.8290795285234899 0.3319442738693467 0.8198952852348994 0.32149979396984923 0.8024193489932886 0.35208165075376885 0.762646043624161 0.3664803341708543 0.7187016140939597 0.3692552060301508 0.7079357063758389 0.3478382512562814 0.7110602197986577 0.4454227487437186 0.7289312768456375 0.45886568341708545 0.737605149328859 0.487077324120603 0.7625684144295302 0.5177594221105528 0.7704261761744966 0.5083478442211055 0.7936419681208053 0.525575459798995 0.8035917617449665 0.5093692010050251
0 0.8808311627516778 0.25548386683417085 0.8749889966442952 0.24425316582914575 0.8550259093959731 0.2376049145728643 0.8134028187919463 0.27512788442211056 0.8312738724832215 0.2885708216080402 0.8467718338926175 0.3681183844221106 0.8882926140939598 0.3671741809045226 0.9040975117449664 0.3369854396984925 0.9041104496644295 0.31177225879396986 0.9183207466442953 0.29582422110552764 0.9189969244966443 0.2805390703517588 0.9027969077181208 0.2667030201005025 0.9008836241610738 0.2507665301507538 0.8808311627516778 0.25548386683417085
0 0.7371182701342283 0.784671487437186 0.7547341392617449 0.8069980025125628 0.7749524127516779 0.804762675879397 0.7937677684563759 0.7688236959798995 0.7906044395973154 0.746878743718593 0.7724017651006712 0.7284717939698493 0.7514308775167785 0.7321446809045226 0.7356259798657718 0.7623334221105528 0.7371182701342283 0.784671487437186
0 0.7742244815436242 0.9209005552763819 0.8423192986577182 0.904881268844221 0.8475843640939598 0.9011216507537688 0.890361654362416 0.8935793190954774 0.9328851862416107 0.8835756708542714 0.9307282332214765 0.8626544773869347 0.9136097919463088 0.8477739824120603 0.850531322147651 0.8563106381909549 0.8441917265100671 0.8376339170854272 0.8577517214765101 0.7865446708542714 0.8333752617449665 0.7519430050251257 0.8031178204697987 0.7817501809045226 0.7967394093959732 0.8387130050251256 0.7887158372483222 0.8456425728643217 0.7691349295302014 0.9082322939698493 0.7733060570469799 0.9198561055276382 0.7742244815436242 0.9209005552763819
0 0.1305571744966443 0.8769445226130652 0.11670437751677852 0.8474302110552764 0.13225409060402685 0.8261250477386936 0.13159085067114093 0.8161970201005024 0.11213813255033557 0.7917816080402009 0.1010276677852349 0.7906138216080403 0.07653595469798657 0.8178041080402011 0.06283602684563758 0.8159849824120603 0.0583838389261745 0.8636711130653266 0.034555367449664434 0.9007894246231155 0.023368466442953022 0.8857740452261307 0.00749360067114094 0.8895086030150754 0.01480159899328859 0.9989018643216081 0.054376535234899326 0.9978674271356783 0.1072002567114094 0.9719352211055277 0.1278265855704698 0.9885115 0.12387953859060404 0.9960507060301508 0.17546151677852348 0.9947024170854272 0.1599079379194631 0.9860063994974874 0.15740784731543625 0.9739894773869346 0.1617577231543624 0.9628821130653267 0.15742078523489933 0.9487762939698492 0.16828900503355704 0.9336144798994974 0.17516484731543625 0.8840976783919599 0.16805969798657716 0.8920716959798994 0.15219130201342282 0.8831996658291457 0.1297151879194631 0.8897476708542713 0.1305571744966443 0.8769445226130652