0 0.2967741935483871 0.5266343825665859 0.31290322580645163 0.4927360774818402 0.31129032258064515 0.4612590799031477 0.29435483870967744 0.4576271186440678 0.275 0.41404358353510895 0.267741935483871 0.44188861985472155 0.25483870967741934 0.4539951573849879 0.26129032258064516 0.4661016949152542 0.26129032258064516 0.5096852300242131 0.27983870967741936 0.5254237288135594
0 0.1338709677419355 0.2820823244552058 0.15483870967741936 0.2506053268765133 0.13870967741935483 0.2288135593220339 0.14838709677419354 0.18280871670702178 0.17016129032258065 0.18401937046004843 0.18467741935483872 0.17191283292978207 0.19032258064516128 0.17796610169491525 0.18225806451612903 0.13196125907990314 0.1693548387096774 0.11743341404358354 0.17419354838709677 0.10774818401937046 0.17096774193548386 0.08353510895883777 0.18387096774193548 0.07384987893462469 0.1870967741935484 0.05447941888619855 0.18225806451612903 0.010895883777239709 0.1620967741935484 0 0.06854838709677419 0 0.05887096774193548 0.024213075060532687 0.04516129032258064 0.00847457627118644 0.055645161290322584 0 0.03951612903225806 0 0.035483870967741936 0.00847457627118644 0.04516129032258064 0.035108958837772396 0.041935483870967745 0.05205811138014528 0.04758064516129032 0.07021791767554479 0.06048387096774194 0.07506053268765134 0.0717741935483871 0.05569007263922518 0.10241935483870968 0.0847457627118644 0.11048387096774194 0.06779661016949153 0.125 0.06779661016949153 0.13870967741935483 0.09079903147699758 0.12661290322580646 0.10411622276029056 0.1153225806451613 0.09443099273607748 0.09596774193548387 0.10411622276029056 0.08629032258064516 0.09685230024213075 0.062096774193548386 0.1016949152542373 0.025 0.0847457627118644 0.0008064516129032258 0.09685230024213075 0 0.2046004842615012 0.04758064516129032 0.2106537530266344 0.055645161290322584 0.19128329297820823 0.08387096774193549 0.22397094430992737 0.08790322580645162 0.26634382566585957 0.09919354838709678 0.26150121065375304 0.12016129032258065 0.28329297820823246
0 0.317741935483871 0.4491525423728814 0.3362903225806452 0.44552058111380144 0.33548387096774196 0.42493946731234866 0.3024193548387097 0.39951573849878935 0.3032258064516129 0.4297820823244552
0 0.4112903225806452 0.6089588377723971 0.4120967741935484 0.5932203389830508 0.3951612903225806 0.5968523002421308
0 0.38225806451612904 0.6089588377723971 0.40161290322580645 0.5847457627118644 0.3895161290322581 0.5738498789346247 0.37338709677419357 0.5835351089588378 0.3725806451612903 0.5968523002421308
0 0.44193548387096776 0.6501210653753027 0.4467741935483871 0.6404358353510896 0.4346774193548387 0.6319612590799032 0.432258064516129 0.6452784503631961
0 0.4838709677419355 0.7324455205811138 0.4870967741935484 0.7058111380145279 0.4798387096774194 0.7021791767554479 0.47580645161290325 0.7106537530266344
0 0.8403225806451613 0.572639225181598 0.8483870967741935 0.5605326876513317 0.8112903225806452 0.5096852300242131 0.8290322580645161 0.49515738498789347 0.832258064516129 0.4612590799031477 0.8282258064516129 0.45278450363196127 0.8137096774193548 0.4576271186440678 0.7983870967741935 0.4225181598062954 0.8129032258064516 0.39588377723970947 0.8024193548387096 0.38256658595641646 0.7814516129032258 0.4043583535108959 0.7733870967741936 0.39709443099273606 0.7516129032258064 0.4322033898305085 0.7451612903225806 0.4612590799031477 0.7290322580645161 0.4782082324455206 0.7322580645161291 0.572639225181598 0.7411290322580645 0.549636803874092 0.7830645161290323 0.5423728813559322 0.8217741935483871 0.5472154963680388
0 0.8790322580645161 0.6452784503631961 0.8975806451612903 0.6343825665859564 0.9024193548387097 0.6222760290556901 0.9217741935483871 0.6222760290556901 0.9225806451612903 0.6065375302663438 0.9370967741935484 0.589588377723971 0.9354838709677419 0.5750605326876513 0.9209677419354839 0.562953995157385 0.9193548387096774 0.5387409200968523 0.9024193548387097 0.513317191283293 0.8629032258064516 0.5217917675544794 0.853225806451613 0.6016949152542372 0.8370967741935483 0.6186440677966102
0 0.7693548387096775 0.19249394673123488 0.785483870967742 0.17070217917675545 0.7870967741935484 0.14891041162227603 0.7669354838709678 0.11864406779661017 0.7475806451612903 0.12106537530266344 0.7322580645161291 0.14648910411622276 0.7322580645161291 0.1682808716707022 0.7491935483870967 0.1937046004842615
0 0.8258064516129032 0.15617433414043583 0.8467741935483871 0.11743341404358354 0.8306451612903226 0.07142857142857142 0.8354838709677419 0.05205811138014528 0.8959677419354839 0.04600484261501211 0.9112903225806451 0.02784503631961259 0.9120967741935484 0.004842615012106538 0.8298387096774194 0.009685230024213076 0.8088709677419355 0 0.7637096774193548 0 0.7580645161290323 0.00847457627118644 0.7548387096774194 0.020581113801452784 0.7774193548387097 0.07627118644067797 0.785483870967742 0.0811138014527845 0.7951612903225806 0.1343825665859564
0 0.12741935483870967 0.2845036319612591 0.13790322580645162 0.28087167070217917 0.15483870967741936 0.25302663438256656 0.15483870967741936 0.24334140435835352 0.13870967741935483 0.22639225181598063 0.15 0.19491525423728814 0.14838709677419354 0.18280871670702178 0.17016129032258065 0.18401937046004843 0.18467741935483872 0.17191283292978207 0.19193548387096773 0.17796610169491525 0.18225806451612903 0.13196125907990314 0.17096774193548386 0.1198547215496368 0.17419354838709677 0.1053268765133172 0.1693548387096774 0.09564164648910412 0.17096774193548386 0.08353510895883777 0.18548387096774194 0.07142857142857142 0.18387096774193548 0.010895883777239709 0.16370967741935483 0 0.06693548387096775 0 0.05887096774193548 0.026634382566585957 0.04516129032258064 0.006053268765133172 0.05241935483870968 0 0.03951612903225806 0 0.035483870967741936 0.010895883777239709 0.04516129032258064 0.03268765133171913 0.04516129032258064 0.06416464891041163 0.05241935483870968 0.07506053268765134 0.075 0.06295399515738499 0.09274193548387097 0.07021791767554479 0.0935483870967742 0.08353510895883777 0.10403225806451613 0.08716707021791767 0.11048387096774194 0.07021791767554479 0.1282258064516129 0.07021791767554479 0.1403225806451613 0.08837772397094432 0.1217741935483871 0.1089588377723971 0.025 0.0847457627118644 0.0008064516129032258 0.09685230024213075 0 0.20944309927360774 0.013709677419354839 0.20581113801452786 0.014516129032258065 0.21670702179176757 0.0008064516129032258 0.21549636803874092 0 0.2288135593220339 0.013709677419354839 0.2324455205811138 0.016935483870967744 0.22276029055690072 0.025 0.23486682808716708 0.029838709677419355 0.2106537530266344 0.04758064516129032 0.2106537530266344 0.05725806451612903 0.1937046004842615 0.08225806451612903 0.22397094430992737 0.08951612903225807 0.2687651331719128 0.10241935483870968 0.2639225181598063