0 0.2411046602112676 0.5616274656084657 0.2228088028169014 0.5832170846560847 0.22758534683098589 0.6303051560846561 0.2219484366197183 0.644980164021164 0.23720271302816903 0.6548702063492063 0.24808858626760566 0.6831598862433863 0.26420322887323944 0.6312868465608465 0.28208497007042255 0.6231759947089948 0.280376176056338 0.5887691957671958 0.259251764084507 0.5561326164021164 0.2411046602112676 0.5616274656084657
0 0.17966872535211267 1 0.18256260035211266 0.9591545 0.17713274647887325 0.967090126984127 0.16013753873239436 0.9575988333333333 0.13676763732394365 0.964289925925926 0.12128013732394366 0.9169783386243386 0.1363011866197183 0.889446828042328 0.11021934154929577 0.8606224947089947 0.09528873591549296 0.8627038465608465 0.07504489084507042 0.8914315978835978 0.062327639084507044 0.8889908201058201 0.06261917077464789 0.9357677592592593 0.03573526584507042 0.9780618888888889 0.03248699471830986 0.9723816005291005 0.03528856338028169 1 0.17966872535211267 1
0 0.276830036971831 0.6591777804232803 0.2792766144366197 0.6920772010582011 0.3121794066901408 0.6564348386243386 0.3107942834507042 0.6339994338624338 0.2903755176056338 0.6346610238095238 0.276830036971831 0.6591777804232803
0 0.37643091373239435 0.4556820687830688 0.3738355845070423 0.43887741798941804 0.3577530809859155 0.45594491005291005 0.37643091373239435 0.4556820687830688
0 0.33338003169014085 0.46152737566137564 0.33570999647887323 0.4757160211640212 0.3541807728873239 0.4821925661375661 0.36604362852112676 0.46742994179894176 0.34249880633802815 0.44605487301587304 0.33338003169014085 0.46152737566137564
0 0.4086863661971831 0.39609692592592594 0.4024021144366197 0.3868291534391534 0.39248724823943665 0.39445364285714285 0.39655814612676055 0.408243544973545 0.4086863661971831 0.39609692592592594
0 0.445044852112676 0.3154961349206349 0.43864398767605634 0.2875175873015873 0.43232760035211265 0.3130553597883598 0.4376087024647887 0.3212145052910053 0.445044852112676 0.3154961349206349
0 0.8306796848591549 0.5697976534391535 0.8120922975352113 0.544610335978836 0.8247833802816902 0.50289017989418 0.8409824964788732 0.5045334603174604 0.8444060545774648 0.4943805767195767 0.8372091003521126 0.4585540185185185 0.8164666637323944 0.44724421957671956 0.8509354683098591 0.38313694708994706 0.8409039894366197 0.37205066402116405 0.823669588028169 0.404104298941799 0.7824179436619718 0.41890624603174603 0.7363576161971831 0.42142566666666664 0.7242615352112677 0.3987667407407407 0.7311288521126761 0.5015883862433863 0.7503957183098591 0.5159129391534392 0.7605438098591549 0.5457099947089947 0.7878941654929578 0.5782589603174603 0.795802735915493 0.5684172116402116 0.8208231267605633 0.5867775317460318 0.8306796848591549 0.5697976534391535
0 0.9024899225352113 0.30307080952380955 0.895940309859155 0.2911870317460317 0.8747254524647887 0.28400061111111113 0.8323802165492958 0.3231440846560847 0.8516470827464789 0.3374686375661376 0.870849676056338 0.42140428042328043 0.9144312852112676 0.4207909841269841 0.9299247552816902 0.3891360952380952 0.9290120510563381 0.36257730952380957 0.9433536232394365 0.34590856349206345 0.9435023732394366 0.32981379365079366 0.9259764383802817 0.3150904920634921 0.9233811091549295 0.29828584126984126 0.9024899225352113 0.30307080952380955
0 0.7709655281690141 0.8591834206349207 0.7902907024647887 0.8828633597883598 0.8114472517605634 0.8806943968253969 0.8298918591549296 0.8430100026455026 0.8257626531690141 0.8198647169312169 0.805965059859155 0.8003081560846561 0.7840707253521126 0.8039844973544973 0.7685772552816901 0.8356393835978836 0.7709655281690141 0.8591834206349207
0 0.8401886989436619 0.856712291005291 0.8355811073943662 0.9166568597883598 0.8274071725352112 0.9238826031746031 0.8206553309859155 0.9481817222222222 0.8913570475352113 0.9319880264550264 0.885388661971831 0.9159559470899472 0.897756073943662 0.8622644021164021 0.8708781390845071 0.8255920555555556 0.8401886989436619 0.856712291005291
0 0.18002549647887323 1 0.18430353345070422 0.958755753968254 0.17713274647887325 0.967090126984127 0.16013753873239436 0.9575988333333333 0.13676763732394365 0.964289925925926 0.13718175176056338 0.9508111587301586 0.12154550000000001 0.9195943412698412 0.1370972764084507 0.8972948412698414 0.1360358221830986 0.8868308253968255 0.11470435211267606 0.860933626984127 0.10299025 0.8596014814814814 0.07826139084507042 0.8880181005291005 0.06380320774647888 0.8859760714285714 0.06087823943661972 0.9361665052910053 0.037210834507042254 0.9750471375661376 0.03208452816901408 0.9684139947089947 0.035288565140845066 1 0.18002549647887323 1