0 0.24083150673400672 0.4910699696969697 0.22151430808080808 0.5088177525252525 0.22169079292929292 0.5542238434343435 0.21499862457912458 0.5673066085858586 0.22853003535353533 0.57897948989899 0.23622663131313135 0.6074602323232323 0.2562737222222222 0.5606442601010101 0.2739546481481481 0.5556267702020202 0.27551248316498317 0.5227159924242424 0.258522234006734 0.48857504545454544 0.24083150673400672 0.4910699696969697
0 0.14460373232323231 1 0.1458338888888889 0.9884636994949495 0.14238485353535354 0.968518196969697 0.12886324915824915 0.9593678737373738 0.13213579966329966 0.933907287878788 0.1270406851851852 0.9241695151515152 0.14046424242424244 0.9080942297979798 0.14870444107744107 0.8595781262626263 0.14283041077441078 0.8662957449494949 0.127613702020202 0.8547403535353535 0.10486707912457911 0.8575877500000001 0.094569 0.8103640378787879 0.11133373905723905 0.7864860909090908 0.089297398989899 0.7552201767676767 0.07496746296296296 0.7549575606060606 0.05314682996632996 0.7791879797979798 0.041330132996633 0.7749652878787879 0.03728847138047138 0.8194038257575759 0.007928116161616162 0.8555144722222222 0 0.8372502525252525 0 0.9562890707070707 0.015032087542087541 0.948379255050505 0.04033117003367003 0.9516620252525252 0.05041354377104377 0.9433894015151515 0.07067634006734007 0.9520697626262626 0.08243420875420875 0.9411570883838385 0.09512787205387205 0.9541499949494949 0.08089598316498317 0.9791129873737374 0.06572829797979798 0.9801703989898989 0.05723317508417508 0.9630999267676768 0.025330166666666664 0.9956029646464647 0.013454641414141414 0.9762449116161616 0 0.9822263383838384 0 1 0.14460373232323231 1
0 0.2656556178451179 0.58900751010101 0.2649355286195286 0.6205982626262626 0.2993811919191919 0.5917028257575758 0.3001405 0.5702023156565657 0.28074486195286197 0.5677696136363637 0.2656556178451179 0.58900751010101
0 0.3787514225589225 0.4108040808080808 0.3778450420875421 0.3944661818181818 0.36104108585858585 0.4082538863636364 0.3787514225589225 0.4108040808080808
0 0.3374469090909091 0.40989875000000003 0.33834348653198654 0.42371408838383834 0.35523568686868684 0.4326294292929293 0.36783130134680136 0.42039672979797976 0.3475096750841751 0.39658100505050503 0.3374469090909091 0.40989875000000003
0 0.4147941414141414 0.3590881111111111 0.40969902693602694 0.3493503383838384 0.3996068468013468 0.355100398989899 0.40218872053872057 0.3687982474747475 0.4147941414141414 0.3590881111111111
0 0.4566618653198653 0.2880417196969697 0.4531834175084175 0.2605285328282828 0.44484517003367 0.2838190277777778 0.4490927306397306 0.29235426515151514 0.4566618653198653 0.2880417196969697
0 0.7983471111111111 0.5871964722222222 0.7830715740740741 0.5605057171717172 0.798939739057239 0.5228124292929294 0.8141270303030302 0.5268001388888889 0.8183059595959595 0.517677452020202 0.8147980976430976 0.48259658333333333 0.7962009882154881 0.46875361111111113 0.834756946127946 0.4130775631313131 0.826281430976431 0.4010522121212121 0.8070034528619529 0.4288902348484848 0.7665759057239058 0.43675511868686867 0.7227287373737373 0.4322421818181818 0.7133664528619529 0.408924053030303 0.7103782424242424 0.5075388964646464 0.7272998569023569 0.5240219217171717 0.7341587087542087 0.5538226868686869 0.7570524023569023 0.5888136994949494 0.7654494797979797 0.5806585681818183 0.7874465976430975 0.6018342398989899 0.7983471111111111 0.5871964722222222
0 0.890964414141414 0.34481634848484843 0.885859494949495 0.33255601515151517 0.8664344444444444 0.3225556287878788 0.8227245454545454 0.35335853787878785 0.8396461599326599 0.3698415606060606 0.8500815067340067 0.4523811212121212 0.891405627946128 0.45833157575757577 0.9089983097643096 0.4306110429292929 0.910585558922559 0.405267946969697 0.9257042205387205 0.3915977323232323 0.9273306885521886 0.37634487626262625 0.912094372053872 0.35974436363636364 0.9111879915824916 0.3434064646464646 0.890964414141414 0.34481634848484843
0 0.7150920925925925 0.8528947272727272 0.7312053771043772 0.8782654545454545 0.7514387592592593 0.8793781338383838 0.7723824276094277 0.8463774999999999 0.7706088855218854 0.8237919444444445 0.7536676616161616 0.8022638005050505 0.7325965303030303 0.8024711464646465 0.7150038518518519 0.8301916792929293 0.7150920925925925 0.8528947272727272
0 0.9030838973063973 0.9747824848484848 0.9026406262626263 0.9634587904040404 0.8865567575757577 0.9456557424242424 0.823333563973064 0.9437552196969696 0.8181992323232323 0.9239272070707071 0.8348659225589226 0.8748236515151515 0.81280017003367 0.8359900530303029 0.7808677474747475 0.8609254116161617 0.7709716632996634 0.9171266893939394 0.7625647811447811 0.9227592601010101 0.7391961178451179 0.9824230176767677 0.7402220016835017 0.9861363636363636 0.9030838973063973 0.9747824848484848
0 0.1434171750841751 1 0.14407995791245792 0.9709232651515152 0.12886324915824915 0.9593678737373738 0.12712892760942762 0.9468725631313132 0.13214560437710438 0.9364298484848484 0.12871617845117844 0.9215294646464646 0.14046424242424244 0.9080942297979798 0.15038974074074074 0.8594606363636363 0.14283041077441078 0.8662957449494949 0.127613702020202 0.8547403535353535 0.10486707912457911 0.8575877500000001 0.10650335353535353 0.8448574570707071 0.09457880471380473 0.8128865984848486 0.11136315319865321 0.7940537752525252 0.11132393434343435 0.7839635328282829 0.09351554713804713 0.7561877297979798 0.08254640235690236 0.7531675757575758 0.05650762121212122 0.7764304368686868 0.043005626262626266 0.7723252373737374 0.03560317171717172 0.8195213156565656 0.009603611111111111 0.8528744191919192 0 0.8368819747474747 0 0.9611799116161617 0.07735870538720538 0.9364644368686869 0.09682297474747475 0.9565550656565657 0.08425677441077441 0.9763554469696969 0.06571849326599327 0.9776478383838384 0.05890867003367004 0.9604598737373737 0.04796893771043771 0.9650074015151514 0.04718021380471381 0.9789402323232322 0.028671348484848487 0.9878003055555555 0.005028149831649832 0.9768323636363637 0 0.9847551464646465 0 1 0.1434171750841751 1