0 0.2020212854609929 0.4933292180851064 0.19535159219858156 0.5248602340425532 0.18174015070921987 0.5399710851063829 0.1893977340425532 0.5522986781914894 0.19144220567375886 0.6000179175531916 0.212563304964539 0.6145825744680851 0.2312304929078014 0.6134727553191489 0.24736453723404256 0.5740384042553192 0.24411555496453902 0.5398064468085106 0.22533478368794327 0.538265199468085 0.2020212854609929 0.4933292180851064
0 0 0.3525438989361703 0.0016719804964539008 0.3515931702127659 0.02573566134751773 0.3724375904255319 0.04074443085106383 0.3691405771276595 0.06230931382978724 0.33166148138297874 0.043562890070921984 0.31012124468085106 0.0520393475177305 0.25835930585106387 0.07602379432624114 0.2565536702127659 0.0914076560283688 0.24121087765957447 0.09789507624113475 0.2470267659574468 0.08687492730496454 0.19781614893617022 0.07201408687943263 0.1837652420212766 0.07687701595744681 0.1724651515957447 0.07219635992907801 0.14641834042553192 0.08592138475177305 0.13395855585106384 0.08855756914893617 0.11228612765957446 0.08303627127659574 0.0770185585106383 0 0.08788467287234043 0 0.15008629255319147 0.004992372340425532 0.1378840824468085 0.02094414184397163 0.13579663829787234 0.037088728723404255 0.15901031382978723 0.024420287234042555 0.1753307340425532 0.011559028368794326 0.1663500265957447 0 0.17378452925531915 0 0.3525438989361703
0 0.23377689893617018 0.5065022420212766 0.25063732269503547 0.5256233484042553 0.2708497659574468 0.5189794521276595 0.2689981117021277 0.496561335106383 0.23147091666666667 0.47347984840425533 0.23377689893617018 0.5065022420212766
0 0.34264191312056735 0.6762055053191489 0.36093401063829783 0.6871414680851063 0.3610819397163121 0.6697935505319149 0.34264191312056735 0.6762055053191489
0 0.3178280496453901 0.6794526462765957 0.3290304734042553 0.6913163590425532 0.3491636808510638 0.6620224069148936 0.33535942198581564 0.6518321382978723 0.31808956028368796 0.6647557978723404 0.3178280496453901 0.6794526462765957
0 0.3877131117021277 0.7089635132978724 0.3856791843971631 0.723892300531915 0.396540859929078 0.7278028085106384 0.4014037890070922 0.7165027154255319 0.3877131117021277 0.7089635132978724
0 0.4406347109929078 0.7793502340425532 0.4366012003546099 0.7892088218085107 0.44648553014184394 0.8119087526595745 0.4487809680851064 0.7822831170212765 0.4406347109929078 0.7793502340425532
0 0.703967109929078 0.49829186436170214 0.7119416365248227 0.6012196755319149 0.7206109148936171 0.5747588590425532 0.7663530585106383 0.5607752526595745 0.809118274822695 0.5605108670212766 0.83069370035461 0.5856797978723405 0.8389878865248227 0.5712647606382979 0.7958370354609928 0.5209268962765957 0.8146521524822695 0.5024691622340426 0.8166068439716312 0.46489031914893614 0.8117782606382978 0.45619142287234044 0.7960536542553192 0.46358100797872337 0.7775687393617021 0.42734392287234046 0.7922711117021277 0.3960947180851064 0.780125689716312 0.38302143882978723 0.7581064804964539 0.40989626063829787 0.7489036400709219 0.4031027473404255 0.726622920212766 0.444674414893617 0.7208962269503546 0.4774149946808511 0.703967109929078 0.49829186436170214
0 0.8965109042553192 0.6450482393617022 0.9012602517730497 0.6310970771276595 0.9225292783687943 0.6283138164893617 0.9226772056737589 0.6109659015957446 0.9378339024822695 0.5903209707446809 0.935379994680851 0.574646494680851 0.9188603156028369 0.5634785957446808 0.9159520780141844 0.5371998457446808 0.8961490726950354 0.5117989787234043 0.8531223475177305 0.526760210106383 0.8462360319148936 0.6156371170212765 0.8293069166666667 0.6365139840425532 0.8766392056737589 0.6596453404255319 0.8965109042553192 0.6450482393617022
0 0.6929734822695035 0.15849116223404255 0.7127764893617021 0.18389203191489362 0.7348749343971631 0.1796672659574468 0.7515768865248227 0.15348826063829787 0.7523270709219858 0.12939670212765958 0.7287520620567376 0.09915757180851065 0.7075966170212766 0.10459190159574468 0.6919512464539007 0.13463153989361704 0.6929734822695035 0.15849116223404255
0 0.7605076737588653 0.11233059574468084 0.7952058670212766 0.13178338563829786 0.8164300053191489 0.08635108244680852 0.7979958847517731 0.04179994680851064 0.7321538581560284 0.03835106382978724 0.7382851028368795 0.05125626329787234 0.7473743617021277 0.055398710106382976 0.7605076737588653 0.11233059574468084
0 0 0.356514920212766 0.005330400709219858 0.35378035904255317 0.033768338652482265 0.3727194015957447 0.04511868794326242 0.36723519680851063 0.062422895390070926 0.3343125505319149 0.06196856737588652 0.3237082739361702 0.0434493085106383 0.30747017819148936 0.054379675531914896 0.271382710106383 0.0520393475177305 0.25835930585106387 0.07602379432624114 0.2565536702127659 0.0914076560283688 0.24121087765957447 0.09966749468085105 0.24679482712765957 0.08687492730496454 0.19781614893617022 0.07390008687943261 0.18618437234042554 0.07676343439716311 0.1698140824468085 0.07099185106382978 0.15990562234042552 0.07219635992907801 0.14641834042553192 0.08758022163120568 0.1310755478723404 0.08379841312056738 0.07691882446808511 0 0.08788467287234043 0 0.15634087234042554 0.00510595390070922 0.14053515159574467 0.02460256205673759 0.13798382978723406 0.038747565602836875 0.1561273085106383 0.019330195035460993 0.18132868617021278 0 0.1790636170212766 0 0.356514920212766