0 0.7494917432885906 0.6881474221105528 0.7447270788590604 0.6733491306532663 0.7511781577181208 0.6296589623115578 0.7346573993288591 0.606228324120603 0.7176254412751678 0.598026608040201 0.6962163590604027 0.6253525150753768 0.6931964026845637 0.6575720577889448 0.7098699697986577 0.6682010050251257 0.723088783557047 0.7198775728643216 0.7345865151006711 0.6949593115577889 0.7494917432885906 0.6881474221105528
0 0.8949503590604027 1 0.8891951023489933 0.9892809522613065 0.8913690906040269 0.9451405703517588 0.8791781996644297 0.9453362964824121 0.8610946895973155 0.9148392814070352 0.8469826510067114 0.9103958618090453 0.821014489932886 0.9332979371859297 0.8341805251677852 0.961798351758794 0.8190860167785236 1 0.8949503590604027 1
0 0.6654599026845638 0.6630332939698492 0.6632331375838926 0.6839975301507538 0.6930727416107383 0.7231268944723618 0.6967330788590603 0.6924537336683417 0.6848478070469798 0.66704608040201 0.6654599026845638 0.6630332939698492
0 0.6102814798657717 0.48369210301507537 0.6280302248322148 0.48703935678391963 0.6134306124161074 0.46824786432160803 0.6102814798657717 0.48369210301507537
0 0.6196816275167785 0.49651338190954775 0.6303625402684564 0.5124274221105527 0.6481876895973154 0.5093738316582914 0.6509784312080537 0.4963568266331658 0.6429354530201342 0.48022746733668337 0.6196816275167785 0.49651338190954775
0 0.5883793020134228 0.4143397964824121 0.582028255033557 0.42205212060301506 0.5930675620805369 0.435538932160804 0.597497461409396 0.42318745979899497 0.5883793020134228 0.4143397964824121
0 0.5579465738255034 0.31451005778894475 0.5507259312080537 0.33987853768844223 0.5575645503355705 0.34651428391959804 0.5629168204697986 0.33968280904522613 0.5579465738255034 0.31451005778894475
0 0.26944222315436245 0.39161345226130656 0.22574894295302012 0.3815912788944724 0.18712594295302012 0.3607640125628141 0.17203875838926175 0.3276244497487437 0.16205100503355704 0.33643293718592965 0.19222537248322147 0.402712067839196 0.17204427852348994 0.4099545904522613 0.16374845637583893 0.4426047638190955 0.16659197651006713 0.45276390703517594 0.1820611812080537 0.4538992462311558 0.1924364765100671 0.49541666834170855 0.17374173154362416 0.5161264120603015 0.18242509395973155 0.5338021532663316 0.20695968288590605 0.5206090050251256 0.21408029194630873 0.5312183668341709 0.2414056241610738 0.5050082135678392 0.25226297483221477 0.478543567839196 0.2711633053691275 0.46820828140703513 0.2818623255033557 0.3722151884422111 0.26944222315436245 0.39161345226130656
0 0.09660835570469799 0.24425676381909547 0.09345921979865772 0.25970100251256284 0.07619804865771812 0.270701824120603 0.07568684563758389 0.28593074371859295 0.08864729865771812 0.30405670351758796 0.08670252348993289 0.3289945502512563 0.10015055033557048 0.36146858291457284 0.14156429194630873 0.36927884170854275 0.16322621644295301 0.29317340452261303 0.18212654697986577 0.28283811809045223 0.14345077181208055 0.23883470351758795 0.12298768624161074 0.2421036105527638 0.11627824832214764 0.25224316834170857 0.09660835570469799 0.24425676381909547
0 0.18789395637583892 0.7379832587939699 0.1682768389261745 0.7531730075376885 0.16341214261744966 0.7743525577889447 0.17942169798657717 0.8130121206030151 0.19944998322147653 0.8185712864321608 0.21878511241610737 0.7994079271356784 0.22201065100671138 0.7775628417085427 0.20856262416107382 0.7450888115577889 0.18789395637583892 0.7379832587939699
0 0.1736512567114094 0.923870055276382 0.17720045469798656 0.9163064924623116 0.16249529026845638 0.851162703517588 0.15501628691275168 0.8429805728643216 0.1530659932885906 0.7855882814070352 0.12514753691275166 0.7510980603015075 0.09810419463087248 0.7812818316582915 0.10768629865771812 0.8340545628140703 0.09990167953020135 0.8514758140703518 0.037537281879194626 0.8325863894472363 0.01927733389261745 0.8444680577889448 0.016387013422818793 0.860017379396985 0.1736512567114094 0.923870055276382
0 0.8960091258389261 1 0.8908342600671142 0.9899464874371858 0.8900883255033558 0.9420478040201005 0.87625827852349 0.941578 0.8538976761744966 0.9106307638190955 0.8427055620805369 0.9099456457286432 0.8213728808724832 0.9308707060301508 0.8199393104026845 0.9405796306532663 0.8338221342281879 0.9642255854271357 0.8176889177852349 0.9911208618090451 0.8175829312080537 1 0.8960091258389261 1