0 0.7149411633663366 0.4491407995049505 0.7318521138613862 0.42777114356435647 0.7268631650165017 0.3840847400990099 0.7319860445544555 0.37000388613861385 0.7175828217821782 0.3617602574257425 0.7070731468646865 0.33603845792079207 0.6925359933993399 0.38556208910891093 0.675866397689769 0.3943101955445545 0.6778423547854786 0.42634792326732673 0.697994402640264 0.4554618836633663 0.7149411633663366 0.4491407995049505
0 0.7747140396039603 0 0.7797005511551155 0.0068666782178217825 0.7683461303630363 0.02532029702970297 0.7654763696369636 0.07386590346534654 0.7704785742574257 0.06609582178217821 0.7865089719471947 0.07385301485148515 0.8083372590759076 0.06607262376237624 0.8233664273927392 0.10926744059405942 0.8095891485148514 0.13597499504950494 0.8343455594059406 0.16120262871287128 0.8483151336633664 0.15828143811881187 0.8669739372937294 0.13011457178217822 0.8789184950495049 0.1315635717821782 0.8781360627062705 0.08787458663366338 0.9028699191419143 0.04659716336633664 0.913223108910891 0.06358116336633662 0.9509097524752476 0.04731645544554455 0.9455062524752477 0 0.7747140396039603 0
0 0.6803991435643565 0.3603267252475248 0.6777481815181517 0.3297457277227723 0.6473013052805281 0.3652013910891089 0.6488436122112211 0.386074297029703 0.6679718745874588 0.3841208267326732 0.6803991435643565 0.3603267252475248
0 0.5892733696369638 0.5569851386138613 0.5918885231023102 0.5725175693069307 0.6067744570957097 0.5555181014851486 0.5892733696369638 0.5569851386138613
0 0.6295549141914192 0.548708004950495 0.6272169240924093 0.535602599009901 0.6098365132013202 0.5307588613861386 0.5988799356435643 0.5453287301980198 0.6211776815181518 0.5637617301980198 0.6295549141914192 0.548708004950495
0 0.559693795379538 0.6147704405940594 0.5656839785478548 0.6230192252475247 0.574892702970297 0.6152465668316832 0.5709275379537954 0.6026275965346535 0.559693795379538 0.6147704405940594
0 0.5264978366336633 0.6924609356435643 0.532800991749175 0.7181853118811881 0.538442392739274 0.6939099306930693 0.5334043795379537 0.6866314405940595 0.5264978366336633 0.6924609356435643
0 0.1623314108910891 0.4800620222772277 0.18002479372937294 0.5023813514851485 0.16858550495049507 0.5421943143564356 0.15338659735973598 0.5417181905940595 0.15028873267326734 0.5514288564356435 0.1574233795379538 0.584434301980198 0.1769852920792079 0.593645646039604 0.14538070132013203 0.6558011336633665 0.15490239768976896 0.6655040693069307 0.17070469471947194 0.6344263242574258 0.20920257590759075 0.6178978267326732 0.2523406303630363 0.6125315717821782 0.26392315181518156 0.632912891089109 0.25636810726072606 0.5372861435643564 0.23815620627062709 0.5251613391089108 0.22832153630363036 0.49798281188118815 0.2023357904290429 0.4693578638613861 0.19503140429042903 0.47907110891089105 0.1713836485148515 0.4635515693069307 0.1623314108910891 0.4800620222772277
0 0.09793800495049505 0.7339857945544555 0.10420535148514852 0.7446616014851485 0.12416510726072608 0.7499891955445545 0.16342286468646863 0.7106446262376238 0.14521096204620462 0.6985198242574256 0.12630149834983498 0.621346693069307 0.08546562706270627 0.6247697846534653 0.07129050660066007 0.6553610940594059 0.07243497029702971 0.6801177549504951 0.05917621287128713 0.6966307846534653 0.059212019801980195 0.7116793564356436 0.07579674587458746 0.724290594059406 0.07841189933993399 0.7398230222772277 0.09793800495049505 0.7339857945544555
0 0.21514229372937294 0.2057569331683168 0.19677390429042904 0.18489433415841583 0.17697063531353135 0.18830453465346533 0.16009549174917492 0.22472276237623764 0.1642171419141914 0.24607952722772278 0.18298337293729372 0.26305837623762374 0.2034616485148515 0.2581914430693069 0.21763676897689768 0.22760013366336632 0.21514229372937294 0.2057569331683168
0 0.01931216336633663 0.13002077475247525 0.02094478382838284 0.14082716831683167 0.03848168151815182 0.1544087004950495 0.1001936699669967 0.14223492574257426 0.10729250825082509 0.16019179950495052 0.0962868696369637 0.21116958168316832 0.12187477392739272 0.24367827970297032 0.1502966303630363 0.212592801980198 0.15396207590759076 0.15627969306930695 0.16154362541254125 0.14899347277227723 0.17794930858085808 0.0863618589108911 0.17655725742574258 0.08301318811881189 0.01931216336633663 0.13002077475247525
0 0.7748115544554455 0 0.7783505379537954 0.009780136138613862 0.7683461303630363 0.02532029702970297 0.7638491947194719 0.07435233910891088 0.7704785742574257 0.06609582178217821 0.7865089719471947 0.07385301485148515 0.8083372590759076 0.06607262376237624 0.8080959042904291 0.07869417326732674 0.8230892623762377 0.10684041584158416 0.8087576567656766 0.1286939306930693 0.8098663118811881 0.13840201732673266 0.8301390396039604 0.16120520297029703 0.8411314257425743 0.1616839084158416 0.8639967524752475 0.13351446534653466 0.8775684818481848 0.1344770297029703 0.8797632376237624 0.08738815099009901 0.9015199075907591 0.049510621287128714 0.913223108910891 0.06358116336633662 0.9311220379537953 0.05823037376237624 0.938775204620462 0.08104129207920792 0.9455252623762376 0.06647400247524753 0.9498882689768977 0.07520922277227723 0.9538339290429043 0.07292238861386138 0.9521057293729374 0.05778918811881188 0.9472731155115511 0.05967679455445545 0.9468394653465346 0.048511975247524756 0.9510296831683168 0.04836663118811881 0.9455062524752477 0 0.7748115544554455 0