0 0.30313430689655174 0.42734984196891196 0.28349336379310347 0.444542 0.2840353206896552 0.4911907020725389 0.27728615862068967 0.5042692979274612 0.2912361120689655 0.5169860259067357 0.29934452931034483 0.5466536606217616 0.31950168620689656 0.4996430880829016 0.33756824827586207 0.49543905699481866 0.33890176034482755 0.46171817357512956 0.3212309775862069 0.42573740673575133 0.30313430689655174 0.42734984196891196
0 0.11887221896551724 0.902337207253886 0.08645992586206896 0.9340093056994819 0.07414457413793103 0.913487639896373 0.060405382758620695 0.9189120777202072 0.05459395689655172 0.9384545829015544 0.05825456896551724 0.9565354352331605 0.048236208620689655 0.9852239093264249 0.04886730689655172 0.9865089378238341 0.06020253448275863 0.9863107694300518 0.05858576551724137 0.9850429740932642 0.07305193103448276 0.9679412849740933 0.08050737931034482 0.9859557901554404 0.19803234482758622 0.9839011658031087 0.20517437586206896 0.9798881243523315 0.20980719827586208 0.9331489559585492 0.20611647586206897 0.9124765077720207 0.1921966327586207 0.902351378238342 0.19534539655172414 0.8763751191709844 0.19005018448275862 0.8660992098445597 0.20366894137931035 0.8503083937823834 0.21172150689655173 0.8009173186528498 0.20575953620689655 0.8075018523316062 0.19008465862068966 0.7948152823834197 0.16681321034482757 0.7965181839378239 0.15589158793103447 0.7474588238341969 0.17286987068965518 0.7238329119170984 0.15005441896551724 0.6905342098445596 0.13537749310344827 0.689494738341969 0.11322443103448275 0.7132111165803109 0.10108973103448277 0.7082390181347151 0.0973043172413793 0.7536673134715026 0.06752457931034483 0.7891815699481864 0.05865907758620689 0.7685995906735751 0.017999579310344824 0.7744961243523316 0.020834077586206895 0.8964605414507772 0.03607576379310345 0.9037846943005181 0.07553830344827586 0.8849499430051814 0.10147241379310344 0.8896807953367876 0.11173164310344828 0.8817250751295338 0.13255119137931035 0.8917295829015545 0.14450524137931034 0.8811521139896372 0.1576077844827586 0.8951797124352332 0.14323194482758622 0.920056189119171 0.12770760862068967 0.9203275906735751 0.11887221896551724 0.902337207253886
0 0.32933502931034486 0.5292805673575129 0.328848925862069 0.5616905777202073 0.3638937689655173 0.5338606373056995 0.36450030862068966 0.5118170077720207 0.3446184948275862 0.5082764067357513 0.32933502931034486 0.5292805673575129
0 0.4437352068965517 0.3523124067357513 0.44267703448275864 0.3354821191709844 0.4255783172413793 0.34874165025906734 0.4437352068965517 0.3523124067357513
0 0.40142935344827585 0.3491638367875648 0.4024574120689655 0.36340252849740934 0.41982711034482756 0.3734673471502591 0.4326285655172414 0.36157900259067355 0.41162836551724136 0.33602492746113993 0.40142935344827585 0.3491638367875648
0 0.4802339965517241 0.30112796113989637 0.4749387844827586 0.2908520492227979 0.4646494448275862 0.2962161735751295 0.4674024327586207 0.3104247124352332 0.4802339965517241 0.30112796113989637
0 0.5225442155172414 0.23040100777202072 0.5187631672413793 0.20195377979274612 0.5104095137931034 0.22542890932642487 0.5148272103448276 0.23442410103626943 0.5225442155172414 0.23040100777202072
0 0.8748332034482759 0.5560336139896372 0.8589776724137931 0.5277974792746114 0.8749278948275862 0.4899328756476684 0.8905124465517241 0.4948446606217617 0.8947193827586206 0.48569869170984453 0.8908480086206896 0.4494766787564767 0.8716931689655173 0.43425882642487046 0.9107341879310344 0.37914175388601035 0.9019590120689654 0.3663345621761658 0.8824385034482758 0.39389309844559584 0.8411004948275862 0.3998000284974093 0.7961620896551724 0.39280930051813473 0.7863889637931034 0.36835500777202074 0.78411335 0.4694875103626943 0.8015733724137931 0.4873271139896373 0.8088343810344828 0.5183056243523316 0.8325574586206896 0.5554766398963731 0.8410917637931034 0.5475510777202073 0.8637867827586206 0.5704833989637306 0.8748332034482759 0.5560336139896372
0 1 0.3404288341968912 0.9895087224137932 0.3285142849740933 0.9884505534482759 0.31168399740932645 0.9677514396551724 0.31204587046632126 0.9624261189655172 0.2991783652849741 0.9424539793103447 0.287862981865285 0.897937096551724 0.3171545777202073 0.9153971172413794 0.33499417875647663 0.9267402603448277 0.4203358652849741 0.9691063327586207 0.4286676243523316 0.9869019155172413 0.40113924352331604 0.9883257534482758 0.37519314248704666 1 0.36514727979274614 1 0.3404288341968912
0 0.7916880931034483 0.8244756554404146 0.8083910327586207 0.8514009145077721 0.8291202551724138 0.853630639896373 0.8503054724137931 0.8208587590673575 0.8483095689655172 0.7975645621761658 0.8307893293103449 0.7745417720207254 0.8092126982758621 0.7736229222797928 0.7914171155172414 0.8011513031088082 0.7916880931034483 0.8244756554404146
0 0.8174027120689655 0.9588163911917098 0.8191848620689656 0.9652005725388602 0.9850890827586207 0.9579470854922281 0.9846302189655172 0.948116481865285 0.9680176051724138 0.9289660025906735 0.9032576051724138 0.9236178652849741 0.8978419568965518 0.9029755751295336 0.9145191534482758 0.8534337176165803 0.8916133741379311 0.8123602331606218 0.8591107551724139 0.8362575466321244 0.8494235896551724 0.8934535621761658 0.8408591775862069 0.8987875310880828 0.8174027120689655 0.9588163911917098
0 0.06551994310344827 0.9136384196891191 0.05789326379310345 0.9254362979274612 0.058284677586206896 0.9591270259067357 0.048206099999999995 0.9826323134715025 0.04968870172413793 0.9864945751295336 0.059463281034482764 0.9863236917098445 0.07302182068965518 0.965349689119171 0.07953515 0.9859727875647668 0.1997572724137931 0.9838710103626943 0.20689930172413792 0.9798579663212434 0.2078715103448276 0.9150379455958549 0.1921966327586207 0.902351378238342 0.19032116206896552 0.8894235595854922 0.19537550689655173 0.8789667150259068 0.19174500172413794 0.8634774611398964 0.20366894137931035 0.8503083937823834 0.21344643275862069 0.8008871632124352 0.20575953620689655 0.8075018523316062 0.19008465862068966 0.7948152823834197 0.16681321034482757 0.7965181839378239 0.16838759137931036 0.7835300544041451 0.15592169655172414 0.7500504170984456 0.17296019827586206 0.7316076943005182 0.1728397620689655 0.7212413186528498 0.1543817879310345 0.6917546165803109 0.1431246051724138 0.6880632383419688 0.11664417413793103 0.7105592098445596 0.10278454827586207 0.7056172668393783 0.09557939137931035 0.7536974689119171 0.06921939655172414 0.7865598186528499 0.05865907758620689 0.7685995906735751 0.03968489137931035 0.7689313082901554 0.03420902586206897 0.743105829015544 0.02573493793103448 0.7562145829015543 0.02216465 0.7459085129533678 0.017366803448275864 0.7472686658031087 0.017739837931034484 0.7633198341968912 0.02322282068965517 0.7627388031088083 0.02249584655172414 0.7744160544041451 0.017971760344827586 0.7732990880829016 0.020834077586206895 0.8964605414507772 0.03607576379310345 0.9037846943005181 0.13927024310344827 0.8760593911917098 0.15936281724137932 0.8977411528497409 0.14665168793103447 0.9174042823834196 0.1276775 0.9177359948186529 0.12056703620689656 0.8997154585492227 0.1094001775862069 0.9037988626943004 0.10870331379310345 0.9180677124352332 0.08981945172413792 0.9261742124352331 0.06551994310344827 0.9136384196891191