0 0.1925 0.5844481605351171 0.16375 0.5510033444816054 0.16 0.5409698996655519 0.16625 0.5259197324414716 0.14625 0.504180602006689 0.154375 0.4866220735785953 0.161875 0.4882943143812709 0.17125 0.4991638795986622 0.175625 0.5183946488294314 0.189375 0.5284280936454849 0.201875 0.5267558528428093 0.211875 0.5367892976588629 0.215 0.5309364548494984 0.20375 0.5142140468227425 0.22125 0.5025083612040134 0.22125 0.49581939799331104 0.2125 0.4891304347826087 0.22125 0.47575250836120403 0.21125 0.4673913043478261 0.21625 0.45735785953177255 0.214375 0.4498327759197324 0.191875 0.47491638795986624 0.178125 0.4682274247491639 0.168125 0.4916387959866221 0.1425 0.46070234113712377 0.129375 0.42642140468227424 0.100625 0.41471571906354515 0.091875 0.3963210702341137 0.079375 0.3979933110367893 0.070625 0.38294314381270905 0.051875 0.4013377926421405 0.043125 0.3979933110367893 0.03125 0.41555183946488294 0.03125 0.42558528428093645 0.0575 0.4790969899665552 0.0575 0.49414715719063546 0.054375 0.5050167224080268 0.048125 0.5050167224080268 0.043125 0.49331103678929766 0.029375 0.4882943143812709 0.02375 0.49414715719063546 0.025 0.504180602006689 0.040625 0.5234113712374582 0.050625 0.5267558528428093 0.066875 0.5518394648829431 0.114375 0.5418060200668896 0.130625 0.5585284280936454 0.141875 0.5518394648829431 0.165625 0.5719063545150501
0 0.435 0.8118729096989966 0.42375 0.7851170568561873 0.424375 0.7608695652173914 0.404375 0.7558528428093646 0.39 0.7667224080267558 0.385 0.8035117056856187 0.388125 0.8127090301003345
0 0.29125 0.6881270903010034 0.29125 0.6797658862876255 0.281875 0.6739130434782609 0.28125 0.681438127090301
0 0.34375 0.7734113712374582 0.355 0.7466555183946488 0.353125 0.7408026755852842 0.33625 0.7600334448160535 0.3375 0.7717391304347826
0 0.825 0.7617056856187291 0.8325 0.7566889632107023 0.8325 0.7449832775919732 0.828125 0.7324414715719063 0.81625 0.7249163879598662 0.826875 0.7123745819397993 0.898125 0.7123745819397993 0.914375 0.7023411371237458 0.91875 0.6931438127090301 0.889375 0.677257525083612 0.873125 0.6521739130434783 0.848125 0.6337792642140468 0.826875 0.6287625418060201 0.785625 0.6387959866220736 0.78375 0.6463210702341137 0.79125 0.6513377926421404 0.78875 0.6630434782608695 0.79875 0.6714046822742475 0.8 0.6881270903010034 0.76375 0.6948160535117057 0.77 0.7249163879598662 0.76375 0.7466555183946488 0.796875 0.7625418060200669
0 0.66875 0.6245819397993311 0.66875 0.6045150501672241 0.6725 0.6045150501672241 0.674375 0.6187290969899666 0.6825 0.5877926421404682 0.6825 0.552675585284281 0.69375 0.5359531772575251 0.685 0.5292642140468228 0.68 0.5108695652173914 0.685 0.4991638795986622 0.6825 0.4891304347826087 0.686875 0.48494983277591974 0.690625 0.4983277591973244 0.6925 0.48411371237458195 0.655625 0.451505016722408 0.620625 0.4397993311036789 0.596875 0.4397993311036789 0.59125 0.4506688963210702 0.59625 0.49247491638795987 0.611875 0.5033444816053512 0.614375 0.5117056856187291 0.625 0.504180602006689 0.625 0.5209030100334449 0.61875 0.5259197324414716 0.66625 0.6011705685618729
0 0.55125 0.45568561872909696 0.561875 0.451505016722408 0.576875 0.4280936454849498 0.58875 0.4205685618729097 0.583125 0.41471571906354515 0.541875 0.411371237458194 0.5175 0.4306020066889632 0.524375 0.4531772575250836
0 0.60625 0.4306020066889632 0.6275 0.34698996655518394 0.63125 0.31354515050167225 0.65625 0.22826086956521738 0.67625 0.18979933110367894 0.68125 0.16806020066889632 0.6925 0.16304347826086957 0.666875 0.1488294314381271 0.66 0.12959866220735786 0.651875 0.12374581939799331 0.64625 0.13795986622073578 0.6525 0.15635451505016723 0.648125 0.1588628762541806 0.631875 0.14715719063545152 0.61875 0.18979933110367894 0.62 0.19983277591973245 0.64625 0.22826086956521738 0.60375 0.41387959866220736
0 0.3925 0.21153846153846154 0.400625 0.14715719063545152 0.41125 0.1931438127090301 0.416875 0.18394648829431437 0.42 0.20652173913043478 0.42375 0.2048494983277592 0.413125 0.11872909698996656 0.4225 0.14632107023411373 0.42625 0.14297658862876253 0.4175 0.10618729096989966 0.41875 0.07107023411371237 0.395 0.04598662207357859 0.381875 0.01839464882943144 0.376875 0.01839464882943144 0.375 0.027591973244147156 0.38875 0.05936454849498328 0.379375 0.06856187290969899 0.368125 0.046822742474916385 0.346875 0.04013377926421405 0.335 0.057692307692307696 0.34125 0.07274247491638795 0.33625 0.08612040133779264 0.345 0.09615384615384616 0.349375 0.11705685618729098 0.353125 0.10033444816053512 0.36125 0.10451505016722408 0.369375 0.1454849498327759 0.373125 0.12709030100334448 0.381875 0.1254180602006689 0.39125 0.1346153846153846
0 0.45625 0.40384615384615385 0.4575 0.358695652173913 0.464375 0.34782608695652173 0.47625 0.35535117056856186 0.47625 0.33528428093645485 0.468125 0.32441471571906355 0.459375 0.33277591973244147 0.454375 0.3294314381270903 0.45125 0.338628762541806
0 0.3275 0.4874581939799331 0.348125 0.47157190635451507 0.368125 0.47324414715719065 0.37 0.44565217391304346 0.3825 0.42558528428093645 0.36 0.41555183946488294 0.36875 0.38377926421404684 0.34625 0.338628762541806 0.325625 0.31270903010033446 0.316875 0.31270903010033446 0.30125 0.3319397993311037 0.3 0.3787625418060201 0.29125 0.39381270903010035 0.3125 0.4205685618729097 0.325 0.46070234113712377 0.32 0.4790969899665552
0 0.45125 0.6061872909698997 0.455 0.5944816053511706 0.444375 0.5752508361204013 0.440625 0.5852842809364549 0.4375 0.5794314381270903 0.43875 0.5627090301003345 0.4475 0.5610367892976589 0.44375 0.5125418060200669 0.43875 0.49414715719063546 0.419375 0.47324414715719065 0.416875 0.4816053511705686 0.393125 0.49498327759197325 0.393125 0.5066889632107023 0.38 0.5108695652173914 0.38 0.5309364548494984 0.39 0.5409698996655519 0.38 0.5459866220735786 0.39125 0.5560200668896321 0.394375 0.5735785953177257 0.400625 0.5719063545150501 0.413125 0.5819397993311036 0.416875 0.5719063545150501 0.425625 0.5719063545150501 0.42 0.5777591973244147 0.4275 0.5827759197324415 0.41875 0.5894648829431438
0 0.305 0.6061872909698997 0.315 0.5944816053511706 0.315 0.5861204013377926 0.303125 0.5568561872909699 0.286875 0.5501672240802675 0.28875 0.5627090301003345 0.27375 0.572742474916388 0.2775 0.5877926421404682 0.280625 0.5936454849498328 0.290625 0.5919732441471572 0.290625 0.6053511705685619 0.298125 0.596989966555184 0.29875 0.6061872909698997
0 0.605 0.7884615384615384 0.6125 0.7633779264214047 0.608125 0.7374581939799331 0.6075 0.7633779264214047 0.59875 0.7784280936454849
0 0.30875 0.7951505016722408 0.33875 0.7399665551839465 0.354375 0.7341137123745819 0.36125 0.7148829431438127 0.3625 0.7048494983277592 0.350625 0.7040133779264214 0.341875 0.6872909698996655 0.299375 0.705685618729097 0.28625 0.7249163879598662 0.286875 0.7324414715719063 0.3075 0.7249163879598662 0.285 0.7633779264214047 0.28875 0.7817725752508361 0.294375 0.7859531772575251 0.310625 0.7642140468227425 0.30375 0.7867892976588629