0 0.4446620692520776 0.6668920748031496 0.4685627202216066 0.6769236889763779 0.47181744044321333 0.6938023503937008 0.5310333351800554 0.6926501299212598 0.5380900415512465 0.7124933267716536 0.5462383822714681 0.7145446023622047 0.5435280387811634 0.6937881496062993 0.5696090775623268 0.6782722716535433 0.6190406177285318 0.6967384803149607 0.5810207922437672 0.6670931732283465 0.5973261274238227 0.6410866889763779 0.7358623573407203 0.6257766377952756 0.6630745457063711 0.5934010314960629 0.4973858310249308 0.5717644606299213 0.43000717174515235 0.6210471299212599 0.4446620692520776 0.6668920748031496
0 0.5794309307479224 0.5281813503937007 0.5799666537396122 0.5544126023622047 0.6006096952908587 0.5576018976377953 0.6098496731301939 0.5418612519685039 0.5794309307479224 0.5281813503937007
0 0.8379426592797784 0.8100602086614173 0.8401057451523545 0.8447307913385826 0.8661810166204986 0.8492876023622048 0.8683614072022161 0.8237401102362204 0.8379426592797784 0.8100602086614173
0 0.9264481662049862 0.9708522992125984 0.9373126232686981 0.9735873307086614 0.9400345041551247 0.9541983976377952 0.9237464736842106 0.9199868149606298 0.9069111855955679 0.8996893582677166 0.883007650969529 0.8996940944881889 0.8911473407202215 0.9318544055118111 0.9264481662049862 0.9708522992125984
0 0.8010346648199447 0.692368562992126 0.7814774930747923 0.6914600433070867 0.7543019307479224 0.7348041850393701 0.816755243767313 0.8107487007874016 0.8265424819944599 0.7810939251968504 0.8053637174515236 0.7516733818897637 0.8211275595567867 0.7195083346456693 0.8010346648199447 0.692368562992126
0 0.4130997700831025 0.8516583110236221 0.41254673961218835 0.8856451338582677 0.4299292908587258 0.8920284527559056 0.44134677562326874 0.8607766692913386 0.4130997700831025 0.8516583110236221
0 0.5206901828254847 0.7663280708661417 0.46092991135734074 0.7713580787401575 0.4435415900277008 0.7850474488188977 0.4462519335180055 0.8058038976377954 0.4663505983379501 0.8128709763779527 0.48971840997229915 0.786634996062992 0.5592572686980609 0.7820592519685039 0.5206901828254847 0.7663280708661417
0 0.4793810221606648 0.840240248031496 0.4630814542936288 0.8461740433070866 0.47176263434903043 0.8844929133858268 0.46577449307479224 0.927148562992126 0.5369378282548476 0.9410484960629921 0.4907667783933518 0.9193882598425197 0.49350308310249313 0.8498176023622047 0.4793810221606648 0.840240248031496
0 0.33273395290858726 0.723026531496063 0.3169729944598338 0.7451552322834646 0.34522 0.7542735866141732 0.3636970747922438 0.7328286456692913 0.33273395290858726 0.723026531496063
0 0.1719388614958449 0.6865625708661417 0.1925876703601108 0.6696791771653543 0.19748994459833794 0.6247427519685039 0.15293471745152354 0.6516672283464566 0.15184019667590026 0.6794954921259843 0.1719388614958449 0.6865625708661417
0 0.233873756232687 0.6760577677165354 0.24040339058171745 0.6395606732283464 0.2137837423822715 0.6388816496062992 0.2197545789473684 0.6564440708661418 0.21051171468144045 0.6822210590551182 0.233873756232687 0.6760577677165354
0 0.4435415900277008 0.7850474488188977 0.4489680470914127 0.806487653543307 0.4728715817174515 0.8064829212598426 0.4815700664819944 0.784583720472441 0.5516533019390581 0.77613018503937 0.46092991135734074 0.7713580787401575 0.4435415900277008 0.7850474488188977
0 0.1719388614958449 0.6865625708661417 0.1925876703601108 0.6696791771653543 0.19748994459833794 0.6247427519685039 0.1567395817174515 0.6445954173228347 0.15184019667590026 0.6794954921259843 0.1719388614958449 0.6865625708661417
0 0.819494432132964 0.7311416968503938 0.8189558227146815 0.7149467913385826 0.7814774930747923 0.6914600433070867 0.7564794376731301 0.7192930393700787 0.7564736675900278 0.7393657322834646 0.8145835069252078 0.8061871535433071 0.8259981052631579 0.7849717125984251 0.8031919778393353 0.7471118385826772 0.819494432132964 0.7311416968503938
0 0 0.7097336456692913 0.0018922520775623269 0.7059846377952756 0.007336016620498615 0.6672067755905512 0.020377980609418284 0.6544306653543307 0.017126141274238227 0.627515657480315 0 0.6283551653543308 0 0.7097336456692913
0 0.11983447368421052 0.5168674251968504 0.07689795290858725 0.5823402677165354 0.03669196675900277 0.5983151417322835 0.05298288088642659 0.6224903818897638 0.08612350969529085 0.6167813503937007 0.17958609418282548 0.5419464566929134 0.1399360221606648 0.5138981614173228 0.11983447368421052 0.5168674251968504
0 0 0.4832539015748032 0.017708016620498614 0.49316538188976383 0.07964291135734072 0.4826605708661418 0.10735707756232686 0.4555113346456693 0.10681847091412741 0.43931642913385827 0.06934013850415513 0.41582967716535435 0.02370481440443213 0.42040068897637795 0 0.43766701968503935 0 0.4832539015748032
0 0.4305515484764543 0.617169342519685 0.4419459584487535 0.6662083188976378 0.4729033102493075 0.6960831220472441 0.5283172243767313 0.691966374015748 0.544608135734072 0.7161416141732283 0.5429836620498615 0.6976659370078739 0.5723251911357341 0.678956031496063 0.6174103711911357 0.6983354960629922 0.5848227756232687 0.6700577007874016 0.5859144127423823 0.652265783464567 0.7385784709141274 0.6264603937007873 0.660358432132964 0.5927172716535433 0.4914092271468144 0.5742747283464567 0.4305515484764543 0.617169342519685
0 0.17797315512465375 0.48332539763779525 0.1654726869806094 0.5022600669291338 0.1882874626038781 0.5100109055118109 0.19969918005540166 0.4988318070866142 0.17797315512465375 0.48332539763779525
0 0.23282538504155126 0.5433045039370079 0.23175105540166205 0.5008783503937008 0.21545148753462603 0.5068121456692913 0.21109647368421053 0.537834437007874 0.2187004376731302 0.5437635 0.23282538504155126 0.5433045039370079
0 0.17465497506925207 0.6872463307086614 0.20563251800554017 0.646866720472441 0.21703846260387813 0.6557603110236221 0.20833997783933517 0.6776595118110237 0.22246203878116344 0.6872368661417323 0.24420537119113575 0.6425252047244094 0.2034607783933518 0.6423051771653543 0.18662549030470915 0.6220077204724409 0.1567395817174515 0.6445954173228347 0.15184019667590026 0.6794954921259843 0.17465497506925207 0.6872463307086614
0 0.12255058725761772 0.5175511811023622 0.08287455678670361 0.57983 0.036147592797783935 0.6021929251968503 0.05569899722991689 0.6231741417322835 0.08938399999999999 0.6135873228346457 0.17686998060941828 0.5412626968503937 0.1372199085872576 0.5132144015748031 0.12255058725761772 0.5175511811023622
0 0.6826259473684211 0.6143822401574803 0.6761020831024931 0.6308066417322834 0.6847948033240997 0.6289801338582677 0.6826259473684211 0.6143822401574803
0 0.29690317174515235 0.6377246929133857 0.2903793074792244 0.6541490984251969 0.2990720249307479 0.6523225866141732 0.29690317174515235 0.6377246929133857
0 0.5402877368421053 0.6267277598425197 0.5430009667590028 0.6374478622047244 0.5554985512465374 0.6285495393700787 0.5402877368421053 0.6267277598425197
0 0.535921188365651 0.6978954330708662 0.5353739279778393 0.7118095669291339 0.5467827590027701 0.7106668110236221 0.535921188365651 0.6978954330708662
0 0.6538345650969529 0.6091416692913385 0.6413369806094182 0.6180399960629921 0.6532873019390582 0.6230558031496063 0.6538345650969529 0.6091416692913385
0 0.4794271745152354 0.679658720472441 0.4707315706371191 0.6915215787401574 0.4881170083102493 0.6878685551181103 0.4794271745152354 0.679658720472441
0 0.1523903407202216 0.6555450157480315 0.1496684570637119 0.6749339488188977 0.16216892797783933 0.6559992755905512 0.1523903407202216 0.6555450157480315
0 0.11977101385041551 0.7376670236220473 0.11867937673130194 0.7554589409448819 0.13063258725761773 0.7504384015748031 0.11977101385041551 0.7376670236220473
0 0.17412213573407204 0.6509787401574804 0.16650951523545707 0.6751587125984252 0.17846272576177286 0.6701381692913385 0.17412213573407204 0.6509787401574804
0 0.4365021911357341 0.7049861850393702 0.426717836565097 0.7246046141732284 0.44084278393351806 0.7241456181102363 0.4365021911357341 0.7049861850393702
0 0.6032911966759003 0.6787217952755905 0.6021995567867036 0.696513716535433 0.6190406177285318 0.6967384803149607 0.6032911966759003 0.6787217952755905
0 0.35172655955678667 0.7980672598425197 0.3549812797783934 0.8149459212598426 0.36693448753462604 0.8099253818897638 0.3653100138504155 0.7914497047244095 0.35172655955678667 0.7980672598425197
0 0.21160335180055403 0.6644291417322835 0.20779560110803325 0.6815373031496064 0.2197459252077562 0.6865531062992126 0.22626978947368423 0.6701287047244094 0.21160335180055403 0.6644291417322835
0 0.548989108033241 0.5947922125984252 0.5484389667590028 0.618742688976378 0.5565873047091413 0.6207939645669291 0.5614838088642659 0.5959302322834645 0.548989108033241 0.5947922125984252
0 0.4696110886426593 0.8096769488188977 0.48048419944598336 0.7823029488188976 0.452237191135734 0.773184594488189 0.460927027700831 0.7813944251968504 0.45168416066482 0.8071714133858268 0.4696110886426593 0.8096769488188977
0 0.3158900083102493 0.7328381141732284 0.31914472853185594 0.7497167755905513 0.3506522271468144 0.7556411023622047 0.36586881163434903 0.7373901929133858 0.358267728531856 0.721424783464567 0.33001783933518003 0.7223427755905512 0.3158900083102493 0.7328381141732284
0 0.3555862299168975 0.6003048818897638 0.34363013573407203 0.6153617677165354 0.3637316869806094 0.6123925 0.3555862299168975 0.6003048818897638
0 0.2269151246537396 0.3149788307086614 0.2274508476454294 0.34121007874015746 0.24863826315789475 0.34052159055118114 0.2589669972299169 0.31702537007874015 0.2269151246537396 0.3149788307086614
0 0.3464356675900277 0.30491881889763783 0.3393674265927978 0.32522100787401576 0.3828281329639889 0.3261247913385827 0.3937012409972299 0.2987507913385827 0.3464356675900277 0.30491881889763783
0 0.10738015512465374 0.37522057086614174 0.1334467728531856 0.40988641732283465 0.18016796952908587 0.40759618110236223 0.23830953462603877 0.3640178031496063 0.21495614681440445 0.3400720590551181 0.19268285872576174 0.3384797795275591 0.10738015512465374 0.37522057086614174
0 0.2942332105263158 0.4764594094488189 0.2877093434903047 0.4928838149606299 0.3023786648199446 0.4885470354330709 0.2942332105263158 0.4764594094488189
0 0.26811755678670357 0.612411437007874 0.2469272548476454 0.6231362716535433 0.25887757894736846 0.6281520826771653 0.26811755678670357 0.612411437007874
0 0.3279153296398892 0.4769089409448819 0.3241075789473684 0.49401710236220475 0.34203739058171745 0.4864862913385827 0.3279153296398892 0.4769089409448819
0 0.22251395844875346 0.5065826456692913 0.21490134072022163 0.5307626220472441 0.22902628808864264 0.530303625984252 0.22251395844875346 0.5065826456692913
0 0.43600685041551246 0.5382460984251968 0.43980595013850415 0.5512469763779527 0.45285079501385045 0.5284345157480315 0.43600685041551246 0.5382460984251968
0 0.4631881828254848 0.47482926377952756 0.43710137396121884 0.5104178346456693 0.45394243213296404 0.5106425984251968 0.4631881828254848 0.47482926377952756
0 0.40181785318559554 0.41120186614173226 0.3985544792243767 0.4244322362204725 0.4186531440443213 0.43149931889763776 0.4224608947368421 0.4143911614173228 0.40181785318559554 0.41120186614173226
0 0.7250786648199447 0.34202392913385826 0.7315938781163435 0.35570856692913383 0.7522398033240997 0.34886151574803154 0.733229891966759 0.3340388622047244 0.7250786648199447 0.34202392913385826
0 0.7679748033240997 0.4170599251968504 0.7272417506925207 0.37669451181102365 0.7065987063711912 0.37350521653543306 0.7131110360110804 0.39722619685039373 0.756565972299169 0.4182026771653543 0.7679748033240997 0.4170599251968504
0 0.9983865872576176 0.36933836614173227 0.9852956371191136 0.3613607952755905 0.9814878864265929 0.37846895669291336 0.996154324099723 0.38416852362204723 0.9983446952908588 0.37957252362204724 0.9983865872576176 0.36933836614173227