0 0.49760265662650605 0.7543636709401709 0.5248558915662651 0.7534675897435897 0.5326268253012049 0.7692728290598291 0.5933431325301205 0.740351123931624 0.6058075662650602 0.7574191666666666 0.6147406837349397 0.755708329059829 0.6065158704819277 0.7356666367521367 0.6293300331325301 0.7075187692307693 0.6850984156626506 0.7033232478632478 0.638163421686747 0.6906952094017095 0.6481589969879518 0.6563555683760683 0.7869042439759036 0.5757413076923077 0.7034287409638554 0.5765964572649573 0.5270357740963856 0.6319955726495726 0.47050411445783136 0.7141580512820513 0.49760265662650605 0.7543636709401709
0 0.6001717560240964 0.5488147777777779 0.6075885361445783 0.5754962820512821 0.6296943945783132 0.569100952991453 0.6350961957831325 0.5486112222222221 0.6001717560240964 0.5488147777777779
0 0.9403181475903615 0.7171333076923077 0.9516203945783133 0.7517174358974359 0.9796816626506025 0.7441815384615384 0.9752425873493975 0.7169297521367521 0.9403181475903615 0.7171333076923077
0 0.9964500783132529 0.898748235042735 0.9717458222891566 0.8970195555555556 0.9706833674698796 0.9296483504273504 0.9731435873493975 0.9313388632478632 0.9963346506024096 0.9268973846153846 0.9964500783132529 0.898748235042735
0 0.8714869608433734 0.6135844914529914 0.8510968975903614 0.621812905982906 0.8344376054216867 0.6790456452991454 0.9186661716867469 0.727765094017094 0.9209905391566265 0.6927329273504274 0.8914679036144579 0.6724467564102564 0.8992938042168674 0.6320375769230769 0.8714869608433734 0.6135844914529914
0 0.5134334969879518 0.9588538504273505 0.5217580391566266 0.9940082564102564 0.5413400692771084 0.9924196538461538 0.5449263524096386 0.9549841239316239 0.5134334969879518 0.9588538504273505
0 0.6019668584337349 0.8208436837606838 0.5417044307228915 0.8540018376068377 0.5273695060240964 0.8762024102564102 0.5355943222891566 0.8962440982905983 0.5581540572289156 0.8940852179487179 0.5753669608433735 0.8562016495726497 0.645824421686747 0.818929282051282 0.6019668584337349 0.8208436837606838
0 0.6146314307228916 1 0.6537845993975904 0.9925015085470085 0.6111889518072289 0.9920125427350427 0.595801780120482 0.9193003632478632 0.578743578313253 0.9160822350427351 0.5635008945783133 0.9298099017094017 0.5824743463855422 0.9650865512820512 0.5862148674698795 1 0.6146314307228916 1
0 0.39695901506024095 0.8644295256410257 0.3865095572289156 0.894532717948718 0.41800241265060245 0.8906629957264958 0.43142957530120485 0.8599895213675214 0.39695901506024095 0.8644295256410257
0 0.22172822891566266 0.9023125598290599 0.23858697891566263 0.8753052521367521 0.2318785 0.8268712136752137 0.19301362650602408 0.8753865683760683 0.1991684909638554 0.9044714401709402 0.22172822891566266 0.9023125598290599
0 0.2827986927710843 0.8625145897435897 0.2799756807228916 0.8219831666666667 0.2523682921686747 0.8337555128205129 0.2631169337349398 0.8489904700854701 0.26033868072289157 0.8797861837606837 0.2827986927710843 0.8625145897435897
0 0.5273695060240964 0.8762024102564102 0.5385720301204819 0.8956738162393162 0.5632017108433734 0.8844717521367521 0.5664338403614458 0.8579124914529914 0.6364374186746988 0.8164036752136752 0.5417044307228915 0.8540018376068377 0.5273695060240964 0.8762024102564102
0 0.22172822891566266 0.9023125598290599 0.23858697891566263 0.8753052521367521 0.2318785 0.8268712136752137 0.19508356927710846 0.8663433846153846 0.1991684909638554 0.9044714401709402 0.22172822891566266 0.9023125598290599
0 0.9006554457831325 0.6447469316239316 0.8958622168674699 0.6283714102564102 0.8510968975903614 0.621812905982906 0.8326220843373495 0.6620998461538462 0.8378691927710843 0.6827118162393163 0.9152345843373495 0.724098923076923 0.9214444186746988 0.6969693803418804 0.8880363162650603 0.6687805854700855 0.9006554457831325 0.6447469316239316
0 0.12362883132530121 0.7524885811965811 0.0965200843373494 0.8398245085470085 0.05927127108433735 0.875060235042735 0.08238461746987952 0.892250517094017 0.11503965662650602 0.8708647094017093 0.191761921686747 0.7502483803418803 0.14356501204819277 0.7400237094017094 0.12362883132530121 0.7524885811965811
0 0.02071325 0.770439141025641 0.07326225 0.7361943717948718 0.09471477108433735 0.6953371581196581 0.08992154216867469 0.6789616367521368 0.04515622289156627 0.6724031324786325 0.012217506024096386 0.6911411623931625 0.02071325 0.770439141025641
0 0.47005023493975906 0.7099215940170941 0.49462494879518076 0.7549339487179486 0.5343426174698795 0.7711059145299145 0.5903654277108433 0.7409214102564102 0.6134787710843373 0.7581116923076923 0.6069697530120483 0.7399030854700855 0.6323077379518072 0.7069484914529914 0.6838365030120481 0.7057266111111111 0.6428569216867469 0.6919580128205128 0.639325608433735 0.6731791239316239 0.7898819487951808 0.5751710256410257 0.7004510361445784 0.5771667393162393 0.5215342409638555 0.6373725854700855 0.47005023493975906 0.7099215940170941
0 0.17475868373493975 0.6908158333333333 0.16683305421686748 0.7161122991452992 0.1923704969879518 0.7133831324786325 0.20120388855421686 0.6965595726495727 0.17475868373493975 0.6908158333333333
0 0.24697669578313253 0.7267036923076923 0.23476668674698795 0.6836466623931624 0.2195240030120482 0.6973743376068376 0.22315504819277107 0.7312659401709402 0.23254204819277108 0.733791547008547 0.24697669578313253 0.7267036923076923
0 0.22470593674698797 0.9017422735042735 0.24605872590361444 0.8457723418803419 0.2601392259036145 0.8495607564102564 0.256907093373494 0.876120017094017 0.2739652981927711 0.8793381452991453 0.28466918072289155 0.8232459743589743 0.24262714156626505 0.8421061709401709 0.21996767771084338 0.8291523376068376 0.19508356927710846 0.8663433846153846 0.1991684909638554 0.9044714401709402 0.22470593674698797 0.9017422735042735
0 0.1266065361445783 0.7519182991452992 0.10202161445783132 0.8344475 0.059725153614457835 0.8792966837606838 0.08536232228915663 0.8916802350427351 0.11756348192771084 0.8660579786324787 0.18878421385542168 0.7508186623931623 0.14058730722891566 0.7405939957264956 0.1266065361445783 0.7519182991452992
0 0.7290659126506024 0.5889800128205128 0.726641813253012 0.6088994615384615 0.7351210542168675 0.602952170940171 0.7290659126506024 0.5889800128205128
0 0.33771428313253016 0.7936317435897435 0.33529018373493974 0.8135511965811966 0.343769421686747 0.8076039017094017 0.33771428313253016 0.7936317435897435
0 0.5856271686746988 0.6683314658119659 0.5912284277108434 0.6780671752136752 0.6017776114457831 0.6630767008547009 0.5856271686746988 0.6683314658119659
0 0.5997524246987952 0.7434470170940171 0.6028298584337349 0.7579894529914529 0.6142868042168674 0.7514718760683761 0.5997524246987952 0.7434470170940171
0 0.698026936746988 0.597086188034188 0.6874777530120482 0.6120766623931624 0.7011043734939759 0.6116286239316239 0.698026936746988 0.597086188034188
0 0.5367667168674699 0.7511864658119658 0.5309110301204819 0.7674397435897437 0.5478695060240963 0.7555451581196581 0.5367667168674699 0.7511864658119658
0 0.1934675030120482 0.8796230213675214 0.195736906626506 0.9008052692307692 0.2036625361445783 0.875508811965812 0.1934675030120482 0.8796230213675214
0 0.18134701506024095 0.9792202606837607 0.18487832831325302 0.9979991452991454 0.19588139457831324 0.9872451196581197 0.18134701506024095 0.9792202606837607
0 0.21466560240963856 0.8647547820512821 0.2131492620481928 0.8931471324786325 0.224152328313253 0.8823931111111111 0.21466560240963856 0.8647547820512821
0 0.4991637530120482 0.7972984572649572 0.494215828313253 0.8220246367521368 0.5086504789156626 0.8149367777777778 0.4991637530120482 0.7972984572649572
0 0.6641547439759036 0.6922024957264957 0.6676860602409639 0.7109813846153846 0.6850984156626506 0.7033232478632478 0.6641547439759036 0.6922024957264957
0 0.43616783433734935 0.9325794572649573 0.4439387680722892 0.9483846965811966 0.4549418313253012 0.9376306709401709 0.4484328102409639 0.9194220641025641 0.43616783433734935 0.9325794572649573
0 0.25680736746987953 0.8610072991452992 0.25736097590361445 0.88035647008547 0.270987593373494 0.8799084273504274 0.2734116897590362 0.8599889829059829 0.25680736746987953 0.8610072991452992
0 0.5862357439759036 0.6314662222222222 0.5919367319277109 0.6563146410256411 0.6008698524096385 0.6546037991452992 0.5994084819277108 0.6267817264957265 0.5862357439759036 0.6314662222222222
0 0.5606778855421687 0.8892784871794871 0.5647180451807229 0.856079405982906 0.5332251897590362 0.8599491324786325 0.5443279849397591 0.8643078247863247 0.541549734939759 0.8951035384615385 0.5606778855421687 0.8892784871794871
0 0.3821702108433735 0.8823936495726495 0.3899411445783133 0.8981988846153847 0.4239578253012048 0.8895224316239316 0.43486116265060243 0.863655688034188 0.42285060843373495 0.850824094017094 0.39398130722891567 0.8649998076923077 0.3821702108433735 0.8823936495726495
0 0.3883902560240963 0.7277225512820513 0.3800107469879518 0.7487825598290597 0.39994692771084334 0.7363176923076923 0.3883902560240963 0.7277225512820513
0 0.18113342469879518 0.49504303846153846 0.18855020481927712 0.5217245427350428 0.2102021807228916 0.5110927606837607 0.21469622590361445 0.48213013247863246 0.18113342469879518 0.49504303846153846
0 0.3016582831325301 0.4287267307692308 0.2996880662650602 0.4528826282051282 0.34470781024096386 0.4334521452991453 0.3487479728915663 0.40025306837606833 0.3016582831325301 0.4287267307692308
0 0.07372634036144578 0.6128892735042735 0.10965826807228916 0.6362713333333334 0.1572018403614458 0.6120341196581196 0.20570813855421688 0.5400553931623931 0.17537746987951808 0.5264090341880342 0.15200970180722892 0.535207735042735 0.07372634036144578 0.6128892735042735
0 0.2927597168674699 0.6293062606837607 0.2903356174698795 0.6492257051282051 0.30431638855421683 0.6379014017094017 0.2927597168674699 0.6293062606837607
0 0.30142819879518074 0.7811259487179487 0.28239978012048195 0.8020637222222222 0.29602639457831326 0.8016156794871795 0.30142819879518074 0.7811259487179487
0 0.3275844277108434 0.6139899871794872 0.3281380361445783 0.6333391538461538 0.34464263253012045 0.6172081153846154 0.3275844277108434 0.6139899871794872
0 0.2267413313253012 0.6938304059829059 0.22522499096385543 0.7222227564102564 0.23965964457831326 0.715134905982906 0.2267413313253012 0.6938304059829059
0 0.45501721686746993 0.6263331495726496 0.46233427108433733 0.6379019401709403 0.4698060180722891 0.6083690299145299 0.45501721686746993 0.6263331495726496
0 0.4664294006024096 0.5484884401709401 0.4488623463855422 0.5972482777777778 0.46627470481927713 0.589590141025641 0.4664294006024096 0.5484884401709401
0 0.3865401837349398 0.5119080641025641 0.3866399096385542 0.5270207777777778 0.4091996475903615 0.5248618974358974 0.40864603915662656 0.5055127307692308 0.3865401837349398 0.5119080641025641
0 0.7015339096385542 0.2894548376068376 0.711828671686747 0.30045334615384617 0.7313109728915662 0.2837520299145299 0.7078434759036144 0.27743800854700856 0.7015339096385542 0.2894548376068376
0 0.7653724126506024 0.34640270512820515 0.712836156626506 0.32403896153846157 0.6907303042168674 0.33043429914529915 0.7036486174698795 0.3517387905982906 0.7539154668674699 0.35292027777777774 0.7653724126506024 0.34640270512820515