0 0.5083636949152542 0.30377556 0.48278562146892656 0.30503536000000003 0.47573936440677966 0.2903635 0.41834095762711865 0.318369316 0.40691148305084746 0.302588148 0.3985056581920904 0.30432736 0.40591251412429374 0.32295705199999997 0.3840792711864407 0.349652904 0.3317024519774011 0.35444129199999996 0.3755345536723164 0.3655344 0.3656302711864407 0.397826972 0.23424350564971752 0.475417148 0.3125589915254237 0.473326788 0.4788725480225989 0.418753384 0.5331644999999999 0.340984784 0.5083636949152542 0.30377556
0 0.40898961299435027 0.497731628 0.40244283898305083 0.47287532 0.38160857062146897 0.479202264 0.3762263898305085 0.49846185600000004 0.40898961299435027 0.497731628
0 0.09251167796610169 0.345460764 0.08244177118644068 0.313268524 0.0560036186440678 0.32075494400000004 0.05974845197740113 0.346190996 0.09251167796610169 0.345460764
0 0.028569118644067793 0.144971384 0.027070661016949153 0.17552474 0.06579836440677966 0.17759287599999998 0.06729682203389831 0.14703951599999998 0.05816981073446328 0.14086305999999998 0.028569118644067793 0.144971384
0 0 0.288368044 0.0047646638418079095 0.291032144 0.028040279661016947 0.280167628 0.012727084745762712 0.253092692 0 0.246843328 0 0.288368044
0 0.15548461581920903 0.441307264 0.17473761581920905 0.433291268 0.1912447570621469 0.37947032 0.11298535310734463 0.33517598800000004 0.1102662175141243 0.367998132 0.1376472627118644 0.38652749599999997 0.12968483898305086 0.424466944 0.15548461581920903 0.441307264
0 0.4966590649717514 0.11264007599999999 0.489391104519774 0.079868096 0.47099818361581924 0.081657472 0.4670583785310734 0.1167484 0.4966590649717514 0.11264007599999999
0 0.4114896694915254 0.24317048 0.4685274830508475 0.21120683199999998 0.48231549152542375 0.190208024 0.4749086355932204 0.171578332 0.4537137740112994 0.17394744399999998 0.43698493220338985 0.209668276 0.37032061864406784 0.24563991999999998 0.4114896694915254 0.24317048
0 0.43473855649717513 0.153678868 0.44924775423728813 0.140595728 0.43199269774011295 0.107873912 0.4280261638418079 0.06433773999999999 0.3555362627118644 0.08336874400000001 0.40547173446327683 0.08311792800000001 0.4187869830508475 0.150930668 0.43473855649717513 0.153678868
0 0.6044630762711865 0.199210776 0.6147279576271186 0.170876044 0.5851272655367231 0.174984364 0.5720604463276836 0.20389884 0.6044630762711865 0.199210776
0 0.7694170649717514 0.16104844399999999 0.753187709039548 0.186584824 0.7587355141242939 0.23181004 0.7959380282485876 0.185804432 0.7906119265536723 0.158679336 0.7694170649717514 0.16104844399999999
0 0.7115191723163842 0.199238716 0.7135438446327683 0.23712799999999998 0.7396214039548024 0.22568374800000002 0.7297732033898305 0.21159162799999998 0.7328529265536723 0.182727316 0.7115191723163842 0.199238716
0 0.48231549152542375 0.190208024 0.47210669209039546 0.172158068 0.44883107627118646 0.183022588 0.4453907570621469 0.20792906 0.37908703672316385 0.247858544 0.4685274830508475 0.21120683199999998 0.48231549152542375 0.190208024
0 0.7694170649717514 0.16104844399999999 0.753187709039548 0.186584824 0.7587355141242939 0.23181004 0.7938572740112994 0.194299832 0.7906119265536723 0.158679336 0.7694170649717514 0.16104844399999999
0 0.1286030593220339 0.412593444 0.1328473757062147 0.42784504 0.17473761581920905 0.433291268 0.19268712994350282 0.395301656 0.18808222033898306 0.376092224 0.11614788700564971 0.338554084 0.10990562429378531 0.364040296 0.14080979943502825 0.389905592 0.1286030593220339 0.412593444
0 0.952290336158192 0 0.9426673418079096 0.0102774 0.9305434124293785 0.06520766 0.9341493502824859 0.10478599599999999 0.9243839632768361 0.12293628 0.9337326779661016 0.147212852 0.9678008333333333 0.12947188399999998 0.9560047881355933 0 0.952290336158192 0
0 0.8591326694915254 0.299751048 0.8859046892655367 0.21759536 0.9213870451977402 0.184042992 0.8999704802259886 0.168311984 0.8690102259887005 0.18883138 0.795187488700565 0.302900552 0.8402402627118644 0.311724876 0.8591326694915254 0.299751048
0 0.8896201666666667 0.368043204 0.931510406779661 0.37348942799999996 0.974899104519774 0.348382296 0.9862669745762712 0.33215388 0.9812695649717513 0.277302964 0.9640252005649718 0.276031984 0.9061273079096045 0.31422225600000003 0.8853758502824859 0.352791604 0.8896201666666667 0.368043204
0 0.533525093220339 0.344942616 0.5111656384180792 0.30319582 0.47415809604519776 0.28867445199999997 0.4211428983050847 0.31778958 0.3997263333333333 0.302058576 0.4055519209039548 0.318999216 0.38127733050847457 0.35023264 0.3329231271186441 0.352172508 0.37115134463276833 0.364425092 0.3741749887005649 0.381945476 0.23144156214689265 0.475996884 0.31536093220338984 0.472747052 0.4841158361581921 0.413636076 0.533525093220339 0.344942616
0 0.8102228983050849 0.35826006 0.8180464293785311 0.334462892 0.7940496242937853 0.337411744 0.785504906779661 0.35329324 0.8102228983050849 0.35826006
0 0.7430323700564971 0.32578906 0.7538234632768361 0.365896972 0.7683326581920904 0.352813828 0.7654479067796611 0.321151164 0.7566814858757063 0.31893254000000004 0.7430323700564971 0.32578906
0 0.7666151242937853 0.161628184 0.7457247740112993 0.21433982000000001 0.7325751440677966 0.211011888 0.7360154632768361 0.186105412 0.7200638898305085 0.183357216 0.7091606355932204 0.23601869199999997 0.7488873107344632 0.217717916 0.7699432824858756 0.22949108799999998 0.7938572740112994 0.194299832 0.7906119265536723 0.158679336 0.7666151242937853 0.161628184
0 0.8563307288135593 0.300330784 0.8806613983050848 0.222712672 0.9210264519774011 0.18008516 0.8971685395480227 0.16889172400000002 0.8665688785310734 0.193368956 0.797989429378531 0.302320812 0.8430422062146893 0.31114514000000004 0.8563307288135593 0.300330784
0 0.2887010790960452 0.462133352 0.29128131920903955 0.44345349599999995 0.28323608757062146 0.44915054 0.2887010790960452 0.462133352
0 0.6589473785310734 0.26455408399999997 0.6615276214689265 0.245874224 0.6534823898305084 0.251571268 0.6589473785310734 0.26455408399999997
0 0.4244710536723164 0.385652488 0.41936665819209035 0.376627508 0.40924067231638417 0.39081995999999997 0.4244710536723164 0.385652488
0 0.4123764774011299 0.31557096 0.4097134293785311 0.302008412 0.3988662514124294 0.308285192 0.4123764774011299 0.31557096
0 0.3179411723163842 0.454067196 0.32806715819209037 0.43987474400000004 0.3152781214689266 0.440504644 0.3179411723163842 0.454067196
0 0.47157785593220336 0.307354308 0.4773206299435029 0.292052548 0.46123016666666666 0.30344664 0.47157785593220336 0.307354308
0 0.7955774350282486 0.181846596 0.7937744661016949 0.162057432 0.7859509350282485 0.18585459599999998 0.7955774350282486 0.181846596
0 0.8084786355932203 0.088447312 0.8054549915254237 0.070926932 0.7949684124293785 0.081161548 0.8084786355932203 0.088447312
0 0.7754643531073446 0.196089212 0.7773234067796609 0.169493684 0.766836824858757 0.179728304 0.7754643531073446 0.196089212
0 0.507559697740113 0.263617484 0.5125812853107344 0.24040006 0.4989321694915254 0.24725658 0.507559697740113 0.263617484
0 0.3511771581920904 0.364525416 0.348153511299435 0.34700503600000004 0.3317024519774011 0.35444129199999996 0.3511771581920904 0.364525416
0 0.568732290960452 0.136035928 0.5616860310734464 0.12136407199999999 0.5511994519774012 0.13159868800000002 0.5570250367231638 0.148539336 0.568732290960452 0.136035928
0 0.7358765706214689 0.2002477 0.7356548700564972 0.18214758 0.7228658333333333 0.18277748 0.720285593220339 0.201457336 0.7358765706214689 0.2002477
0 0.4233331920903955 0.42016368 0.4183676836158192 0.396996412 0.40996185875706215 0.398735628 0.41090474858757065 0.424751416 0.4233331920903955 0.42016368
0 0.45127242372881354 0.178485012 0.44697202824858756 0.209618112 0.47657271468926554 0.205509784 0.4662250254237288 0.201602116 0.4693047514124294 0.17273780400000002 0.45127242372881354 0.178485012
0 0.6186116807909605 0.182169804 0.611565418079096 0.167497948 0.579523384180791 0.17614384000000002 0.5688979124293785 0.200520744 0.5799667881355932 0.21234408 0.6072650197740113 0.19863104 0.6186116807909605 0.182169804
0 0.6103982005649717 0.327020924 0.6185823276836158 0.307181592 0.5996899209039548 0.31915541999999997 0.6103982005649717 0.327020924
0 0.8012321525423729 0.541580204 0.7946853785310735 0.516723892 0.7742117033898305 0.5270086679999999 0.769550709039548 0.554183928 0.8012321525423729 0.541580204
0 0.6871565254237288 0.6055075040000001 0.6893761694915255 0.582869812 0.6468475536723164 0.601750324 0.6425471553672316 0.632883416 0.6871565254237288 0.6055075040000001
0 0.9037954971751412 0.429629328 0.8704499745762713 0.4083016 0.825480011299435 0.431719684 0.778872697740113 0.49983340800000003 0.8071138192090396 0.5121361560000001 0.8291687627118643 0.503540424 0.9037954971751412 0.429629328
0 0.6985886186440678 0.417649784 0.7011688587570621 0.398969928 0.6878803361581921 0.409784284 0.6985886186440678 0.417649784
0 0.6927923870056497 0.275697352 0.710963604519774 0.255807856 0.6981745677966101 0.25643776 0.6927923870056497 0.275697352
0 0.6656865056497175 0.43252229999999997 0.665464802259887 0.41442218000000003 0.6497349293785311 0.429774108 0.6656865056497175 0.43252229999999997
0 0.7615081016949152 0.356242088 0.7633671553672315 0.32964656800000003 0.749718036723164 0.336503088 0.7615081016949152 0.356242088
0 0.5463408559322034 0.422939812 0.5396551920903955 0.41222578800000004 0.5321922570621469 0.439980784 0.5463408559322034 0.422939812
0 0.5344386299435028 0.49597018800000003 0.5516669576271186 0.450064908 0.5352159011299435 0.457501168 0.5344386299435028 0.49597018800000003
0 0.6088143107344632 0.528970764 0.6089532005649717 0.514828476 0.5877583389830509 0.517197588 0.5879800423728814 0.535297708 0.6088143107344632 0.528970764
0 0.30992004519774013 0.742030224 0.30043243785310736 0.731895932 0.2819006242937853 0.7478275959999999 0.30381667514124294 0.753374152 0.30992004519774013 0.742030224
0 0.25091364124293786 0.6897198959999999 0.29985014124293785 0.70983798 0.32068440960451977 0.703511036 0.3088943446327683 0.683772028 0.2617608163841808 0.6834431120000001 0.25091364124293786 0.6897198959999999
0 0.05208529378531073 0.841750744 0.051863590395480226 0.823650624 0.036272612994350285 0.82486026 0.03333177966101695 0.839582284 0.05208529378531073 0.841750744