0 0.43620965588235294 0.7357151428571428 0.4450237676470588 0.7344701722689075 0.4543823911764706 0.7141974495798319 0.5169029852941177 0.722211781512605 0.5219572705882353 0.7046526806722688 0.5481941705882353 0.6967354957983193 0.5680722558823529 0.6497091260504202 0.5015145470588236 0.589623781512605 0.3242050029411765 0.5936117731092437 0.2441280176470588 0.6196619747899159 0.38919097352941173 0.6518134663865547 0.40395300588235294 0.6813131134453781 0.36090966470588237 0.7084493655462185 0.4149552058823529 0.6944986302521008 0.4410584941176471 0.7139737605042017 0.43620965588235294 0.7357151428571428
0 0.38542107941176473 0.5449578277310925 0.39369068823529413 0.5627406134453782 0.4158287 0.5617193319327731 0.41890034705882356 0.5339120252100841 0.38542107941176473 0.5449578277310925
0 0.0850831794117647 0.8147898781512606 0.08494957352941176 0.8421821974789916 0.11296366176470589 0.8403309327731092 0.11856245 0.8037440798319327 0.0850831794117647 0.8147898781512606
0 0.11849964117647059 1 0.11564454705882354 0.9852420882352941 0.07966443529411765 1 0.11849964117647059 1
0 0 0.9497147731092437 0.000783764705882353 0.9656698109243698 0.009597879411764706 0.9644248445378151 0.05065857647058823 0.9270403865546218 0.06233889411764706 0.8938058319327731 0.03705739705882353 0.8910598235294117 0.017312917647058824 0.9106938739495798 0 0.9398208739495798 0 0.9497147731092437
0 0.14090591176470588 0.806905075630252 0.21421319411764705 0.7333811386554622 0.1896098117647059 0.6842150588235294 0.16883809411764705 0.6829377058823529 0.14499472941176472 0.7094676596638656 0.1585959117647059 0.7454482226890756 0.13338625294117648 0.7742768109243697 0.14090591176470588 0.806905075630252
0 0.5331850558823529 0.9031034957983194 0.542276455882353 0.9376154033613445 0.5612709823529412 0.9328268319327732 0.5639317352941177 0.896654962184874 0.5331850558823529 0.9031034957983194
0 0.5332468264705883 0.8441365840336135 0.5380956647058823 0.8223952016806724 0.5210119382352941 0.8058573865546219 0.4582858941176471 0.7936607731092438 0.41599250882352945 0.8059515420168066 0.48910441176470587 0.818786831932773 0.5113142617647058 0.8493401470588235 0.5332468264705883 0.8441365840336135
0 0.5010103117647059 0.9708175798319328 0.49875038529411764 0.9248124957983194 0.5115915470588235 0.8850970252100839 0.49491871764705886 0.876923768907563 0.4790676764705883 0.8854796344537815 0.47531791764705883 0.959707012605042 0.42441586176470586 0.9774250336134455 0.5010103117647059 0.9708175798319328
0 0.6275312735294117 0.7760722773109244 0.6450258970588235 0.8009746554621848 0.6757725764705882 0.7945261218487395 0.6612159911764706 0.7692087521008404 0.6275312735294117 0.7760722773109244
0 0.8347657058823529 0.7489066344537815 0.8566982676470587 0.7437030714285714 0.8581981735294117 0.7140121176470589 0.8136448647058824 0.6802978109243697 0.8145384911764706 0.7286015294117647 0.8347657058823529 0.7489066344537815
0 0.7702624705882352 0.7306440966386555 0.7943831205882352 0.7398710210084034 0.7870689088235294 0.7114250336134453 0.7950612323529411 0.6934509453781512 0.7668416970588235 0.6911199285714286 0.7702624705882352 0.7306440966386555
0 0.5210119382352941 0.8058573865546219 0.4246011764705882 0.800524294117647 0.49791852941176473 0.8175418655462184 0.5050272911764706 0.8418055630252101 0.5303087882352941 0.8445515714285714 0.5380956647058823 0.8223952016806724 0.5210119382352941 0.8058573865546219
0 0.8347657058823529 0.7489066344537815 0.8566982676470587 0.7437030714285714 0.8548492411764707 0.7060625462184874 0.8136448647058824 0.6802978109243697 0.8145384911764706 0.7286015294117647 0.8347657058823529 0.7489066344537815
0 0.16132850294117648 0.7408509537815127 0.13359169999999998 0.7784590924369749 0.14363850294117647 0.8023078025210083 0.2114806029411765 0.7379784033613445 0.21339140294117648 0.7166520168067226 0.1896098117647059 0.6842150588235294 0.14772731764705882 0.7048703907563025 0.14561107352941177 0.7220145 0.16132850294117648 0.7408509537815127
0 0.9060802823529411 0.5745929831932773 0.8851031176470588 0.5691333529411764 0.8404880382352942 0.5943859537815126 0.9321936382352941 0.6846096218487395 0.9667001470588235 0.6944752184873949 0.9761659470588234 0.6829372521008403 0.9767986970588235 0.6656892773109243 0.94524025 0.6490764327731092 0.9060802823529411 0.5745929831932773
0 0.9272528294117647 0.49369338655462186 0.9251365794117647 0.5108374957983193 0.9518562117647058 0.5428594621848739 0.9810020382352941 0.5511114033613446 0.9832599764705883 0.48956277731092435 0.9825876176470588 0.47587566386554625 0.9691353176470588 0.4730380546218487 0.9272528294117647 0.49369338655462186
0 0.5511322088235294 0.6963205 0.5678668088235294 0.6455268487394958 0.5075960705882353 0.5929760840336135 0.3271430411764706 0.593196781512605 0.2411899794117647 0.620076962184874 0.40019317352941175 0.6649989831932773 0.39964867058823533 0.684026743697479 0.3624814088235294 0.710333012605042 0.4120171676470588 0.6949136260504202 0.4412639411764706 0.7181560420168068 0.4377813970588235 0.7375987899159664 0.45732042647058824 0.7137824537815126 0.5155366911764706 0.7245104159663865 0.5511322088235294 0.6963205
0 0.8233324735294117 0.5462735378151261 0.8343346764705882 0.5594590546218488 0.8592052764705882 0.5538405042016807 0.8477921794117648 0.5322904285714286 0.8233324735294117 0.5462735378151261
0 0.7840489647058823 0.5897239159663865 0.7989446029411764 0.5918312521008403 0.8075532705882352 0.586404 0.8059096911764706 0.5529457605042016 0.7892368617647059 0.5447725042016807 0.7840489647058823 0.5897239159663865
0 0.7625373647058823 0.693833550420168 0.7812646705882353 0.7438296134453782 0.7971157117647059 0.7352737478991597 0.7900069470588236 0.7110100462184874 0.8029199499999999 0.7028691722689075 0.8318276647058824 0.7493216260504202 0.8566982676470587 0.7437030714285714 0.8548492411764707 0.7060625462184874 0.8253970176470589 0.6786378529411764 0.8056525411764707 0.6982718991596639 0.7625373647058823 0.693833550420168
0 0.903142244117647 0.5750079705882353 0.8880411588235294 0.5687183613445379 0.8434260764705882 0.593970962184874 0.9290501529411764 0.6808423319327731 0.9637621088235294 0.694890205882353 0.9761284411764706 0.6839596302521008 0.9766834558823531 0.6688305756302522 0.9391587235294118 0.6457241260504202 0.903142244117647 0.5750079705882353
0 0.29783449705882353 0.6289212773109244 0.30685406176470587 0.6318585882352941 0.3015224882352941 0.6136608151260504 0.29783449705882353 0.6289212773109244
0 0.70357115 0.6979510714285715 0.7125907117647059 0.7008883781512605 0.7072591382352942 0.6826906008403362 0.70357115 0.6979510714285715
0 0.43462784705882357 0.6432899915966386 0.4469963411764706 0.6541768697478991 0.4508897794117647 0.6430986806722689 0.43462784705882357 0.6432899915966386
0 0.4360042088235294 0.7315328613445378 0.44796180882352943 0.7340551848739495 0.44871176176470584 0.7192097100840336 0.4360042088235294 0.7315328613445378
0 0.3317246617647059 0.6262400336134454 0.3448431117647059 0.6222814411764706 0.33247461470588235 0.6113945588235294 0.3317246617647059 0.6262400336134454
0 0.5002301558823529 0.714038525210084 0.5182692823529412 0.7199131470588235 0.5102051205882353 0.7063126386554621 0.5002301558823529 0.714038525210084
0 0.8480177647058823 0.7175557226890756 0.8594308588235295 0.7391058025210084 0.8584036205882354 0.7181944033613445 0.8480177647058823 0.7175557226890756
0 0.8723539264705882 0.8215064369747899 0.8845169764705882 0.8282110378151261 0.8850614794117647 0.8091832815126051 0.8723539264705882 0.8215064369747899
0 0.8294341323529412 0.730708857142857 0.8415971823529411 0.7374134579831932 0.8358547147058824 0.7108511218487396 0.8294341323529412 0.730708857142857
0 0.546766105882353 0.7580010420168067 0.561661744117647 0.7601083697478991 0.5531866852941176 0.7381433067226891 0.546766105882353 0.7580010420168067
0 0.36090966470588237 0.7084493655462185 0.3787433441176471 0.7101417058823529 0.3792878470588235 0.691113949579832 0.36090966470588237 0.7084493655462185
0 0.6202271294117647 0.8381678067226891 0.6167445882352941 0.8576105504201681 0.6289076352941176 0.8643151512605042 0.6339619235294117 0.8467560504201681 0.6202271294117647 0.8381678067226891
0 0.7788711382352942 0.7252168487394958 0.7842027088235294 0.7434146218487395 0.7973211588235295 0.739456025210084 0.7949276235294118 0.7208432605042017 0.7788711382352942 0.7252168487394958
0 0.4314125205882353 0.6079481008403361 0.43421695 0.6349254243697479 0.4430310647058823 0.6336804579831933 0.4447364147058824 0.6081717857142858 0.4314125205882353 0.6079481008403361
0 0.5081707764705883 0.8455728571428571 0.52737075 0.8449665672268908 0.5200565411764706 0.8165205798319327 0.5300315029411765 0.8087946974789916 0.4992848235294118 0.8152432268907562 0.5081707764705883 0.8455728571428571
0 0.6641540294117647 0.7687937647058823 0.63436275 0.7645791008403362 0.6247986823529412 0.7806695462184874 0.6391498176470588 0.8018046344537815 0.6730399852941177 0.7991233949579832 0.6780942705882353 0.7815642899159664 0.6641540294117647 0.7687937647058823
0 0.6389960764705882 0.6481139327731092 0.6599732411764706 0.6535735630252101 0.6487655911764706 0.6362057689075631 0.6389960764705882 0.6481139327731092
0 0.7780090794117647 0.3463216890756302 0.7866895852941177 0.3724690336134454 0.8090330441176471 0.3756300336134454 0.8121046911764706 0.3478227268907563 0.7780090794117647 0.3463216890756302
0 0.6372504529411764 0.3114565630252101 0.6461364088235294 0.3417861932773109 0.6921896205882353 0.3458095546218487 0.6866526029411765 0.3234294957983193 0.6372504529411764 0.3114565630252101
0 0.846066694117647 0.3767160756302521 0.8223569382352941 0.37585371848739496 0.7953700911764706 0.3986163781512605 0.8527027911764706 0.4515821344537815 0.9018994911764706 0.459372781512605 0.9327797823529412 0.42553193277310924 0.846066694117647 0.3767160756302521
0 0.7157140647058824 0.5235726512605042 0.73081515 0.5298622647058824 0.7254835794117647 0.511664487394958 0.7157140647058824 0.5235726512605042
0 0.7483916764705882 0.6768807478991598 0.7615101235294117 0.6729221512605043 0.7401220647058824 0.6590979579831934 0.7483916764705882 0.6768807478991598
0 0.6739651823529412 0.5168356680672269 0.6922097558823529 0.5268925714285714 0.6898162205882353 0.5082798025210084 0.6739651823529412 0.5168356680672269
0 0.7893087 0.5763470966386555 0.8042043411764707 0.5784544327731093 0.7984618735294118 0.5518920966386556 0.7893087 0.5763470966386555
0 0.552755655882353 0.5486957268907563 0.5643741999999999 0.5744280840336135 0.5696339352941177 0.5610512647058824 0.552755655882353 0.5486957268907563
0 0.5533001617647059 0.5296679705882352 0.5711338382352942 0.5313603109243697 0.54694135 0.4905587941176471 0.5533001617647059 0.5296679705882352
0 0.5957889264705882 0.4310179705882353 0.5981824588235294 0.4496307352941176 0.6201150235294118 0.4444271722689076 0.6179269382352941 0.4299966848739496 0.5957889264705882 0.4310179705882353
0 0.27477265588235295 0.31001431512605043 0.2532509882352941 0.3235824369747899 0.27443359705882353 0.3332243487394958 0.2826313705882353 0.3194325420168067 0.27477265588235295 0.31001431512605043
0 0.23009580294117649 0.3942338319327731 0.24205340588235294 0.3967561554621849 0.29001741764705885 0.37945311764705886 0.2991705911764706 0.35499811764705885 0.27703257941176473 0.3560193991596639 0.23009580294117649 0.3942338319327731
0 0 0.3309176554621849 0.007955667647058825 0.3287506344537815 0.005562132352941176 0.31013786554621847 0 0.31279350840336134 0 0.3309176554621849