0 0.7747268173803527 0.5465270493273543 0.7428502732997482 0.5386687466367713 0.7263777355163727 0.5431592040358745 0.708953862720403 0.5599984260089687 0.7165162644836272 0.5835733340807175 0.7343192833753149 0.6004125560538116 0.7652307103274558 0.5970447130044844 0.7725897569269522 0.5802054910313902 0.7747268173803527 0.5465270493273543
0 1 0.2029448811659193 0.986977532745592 0.22321400448430492 0.9911758047858943 0.2310723071748879 0.9798528753148615 0.23107230941704035 0.9687781158690176 0.2456663004484305 0.9681921460957178 0.26811859417040357 0.9731073639798489 0.2726090538116592 0.9941297556675063 0.26250552242152464 0.9989863765743073 0.2692412085201794 1 0.2676971950672646 1 0.2029448811659193
0 0.5476787833753148 0.6655242107623318 0.5522562027707808 0.7070609551569507 0.5723858539042822 0.7070609573991031 0.5940803778337531 0.7194097174887892 0.6383346007556675 0.6868538923766816 0.6492197858942065 0.6554206793721974 0.663893064231738 0.6475623766816143 0.665561346347607 0.631845769058296 0.6540488438287154 0.6150065470852017 0.6388344105793451 0.6194970089686098 0.6216311435768263 0.6037804013452915 0.6077920075566751 0.6037804013452915 0.6145064861460957 0.6116387040358745 0.5822197619647355 0.6194970089686098 0.5476787833753148 0.6655242107623318
0 0.9441157670025189 0.5880637959641256 0.9515920075566752 0.5667341143497758 0.9494273828715365 0.5532627376681615 0.956317653652393 0.5543853520179373 0.9565210088161209 0.5947994843049328 0.9339337468513854 0.5925542533632288 0.9314623551637279 0.5667341143497758 0.9248650705289672 0.5543853520179373 0.915941153652393 0.5588758116591929 0.9126356209068011 0.5409139753363229 0.9068862594458438 0.5442818206278027 0.9068414445843829 0.5701019596412557 0.8756818488664987 0.5588758116591929 0.8765435541561714 0.59816732735426 0.8914650012594458 0.6049030156950672 0.8902206801007557 0.6284779260089686 0.8625424080604533 0.6284779260089686 0.858213161209068 0.60153517264574 0.838200701511335 0.5970447107623319 0.8323341473551638 0.6049030156950672 0.867647201511335 0.6498076031390134 0.9219662481108313 0.6172517780269058 0.9485622090680101 0.6105160896860986 0.9717940390428211 0.5880637959641256 0.9977922670025189 0.5801280695067265 0.9999157241813602 0.4987648968609865 0.996783782115869 0.49825461434977575 0.9900830869017633 0.5139712219730942 0.9637215151133501 0.5117259932735426 0.957868741813602 0.5431592040358745 0.9522365755667506 0.5420365896860987 0.9494721989924434 0.5274425986547085 0.9412066309823678 0.5308104439461884 0.9434298513853905 0.5420365896860987 0.9382802443324937 0.5465270493273543 0.9442191788413098 0.5599984260089687 0.9387765869017632 0.5757150313901346 0.9441157670025189 0.5880637959641256
0 1 0.4210551704035874 0.9849955453400504 0.4196715829596413 0.9430679571788414 0.43538818834080717 0.9104744659949623 0.430897730941704 0.9087475843828715 0.44885956726457404 0.892275049118388 0.45335002466367713 0.8809521183879093 0.4533500269058296 0.8777051826196474 0.4331429596412556 0.8475107040302267 0.4331429596412556 0.8272638564231738 0.4376334192825112 0.8218798614609573 0.45110479596412556 0.8171404332493702 0.43987865022421524 0.8052901297229219 0.4600857152466368 0.8006092984886649 0.4466143385650224 0.7924023287153653 0.44773695291479826 0.7944945743073049 0.43987865022421524 0.787969668765743 0.44885956726457404 0.7844883438287154 0.4376334192825112 0.7375283425692695 0.4533500269058296 0.730345088161209 0.46345355829596413 0.7331680617128463 0.47580232062780264 0.7563102619647355 0.504990302690583 0.7712903073047859 0.5094807623318386 0.7792766712846347 0.5409139753363229 0.8105086473551637 0.5734698026905829 0.8734586259445845 0.54764966367713 0.8856742959697732 0.5375461300448431 0.8866256309823678 0.525197369955157 0.8901655516372795 0.5341782869955157 0.8989722758186398 0.5341782869955157 1 0.48730658520179376 1 0.4210551704035874
0 0.6750712342569269 0.6049030156950672 0.6849016738035264 0.6138839327354261 0.7019153664987405 0.6127613183856502 0.7091572191435768 0.6004125560538116 0.7001609219143576 0.58357333632287 0.6826060717884131 0.5813281053811659 0.6750712342569269 0.6049030156950672
0 0.31320288790931994 0.27373166816143496 0.308477241813602 0.28608043049327353 0.3141094080604534 0.2872030448430493 0.32009315617128464 0.27485428251121075 0.31320288790931994 0.27373166816143496
0 0.21549479219143577 0.2815899708520179 0.21915190806045343 0.28608043049327353 0.24334885642317378 0.27485428251121075 0.22261944962216623 0.27373166816143496 0.21549479219143577 0.2815899708520179
0 0.10277561838790933 0.334352865470852 0.07162980352644836 0.34670162556053813 0.1220711297229219 0.3422111659192825 0.10277561838790933 0.334352865470852
0 0.17226428589420653 0.32312671748878924 0.17962333249370277 0.30628749551569506 0.13870567632241812 0.30741010986547085 0.12894761838790933 0.3197588721973094 0.13374564231738034 0.3287397914798206 0.17226428589420653 0.32312671748878924
0 0.23192251385390428 0.30291965246636776 0.2328876322418136 0.314145798206278 0.21300614987405542 0.3287397892376681 0.22637650881612092 0.34670162556053813 0.2499151070528967 0.3365980941704036 0.26666684634760707 0.2973065784753363 0.24731273803526446 0.29169350224215246 0.23192251385390428 0.30291965246636776
0 0.2590389105793451 0.4690666322869955 0.25562996473551636 0.47917016367713006 0.2671872833753149 0.47018924887892377 0.2590389105793451 0.4690666322869955
0 0.3560610906801008 0.4151811255605381 0.35007734256926953 0.42752988789237667 0.3654675680100755 0.4163037376681615 0.3560610906801008 0.4151811255605381
0 0.22331220906801008 0.5364235156950673 0.2250528702770781 0.5420365896860987 0.24307649622166247 0.5263199843049328 0.22331220906801008 0.5364235156950673