0 0.26828837947494033 0.6603675211864407 0.27580088782816226 0.6758622394067797 0.30506411455847254 0.6772286228813559 0.3212787207637231 0.6602530826271187 0.3276074618138425 0.637509093220339 0.31060410739856803 0.6226067055084745 0.29491813484486873 0.619328722457627 0.2651269200477327 0.6286376758474577 0.26828837947494033 0.6603675211864407
0 0.05397629713603819 0.3353150084745763 0.025243 0.2945387288135593 0.02142123150357995 0.2809421461864407 0.02168393198090692 0.2947608516949153 0.012456433174224344 0.29959369703389827 0.0129831276849642 0.3080747351694915 0.021682638424821002 0.31391722457627114 0.020363961813842483 0.32144919279661016 0.00836873031026253 0.32006934533898307 0.004240816229116945 0.32348713347457625 0.004860361575178997 0.37074570127118645 0.021151416467780428 0.37248349576271184 0.03248827923627685 0.36326204872881357 0.044218869928400954 0.37955775211864407 0.04856927088305489 0.372900811440678 0.06873667303102625 0.3812202987288136 0.07321874821002387 0.37668361652542376 0.07190201431980907 0.35548102542372884 0.06096211097852029 0.342328688559322 0.050284909307875894 0.3429950593220339 0.05397629713603819 0.3353150084745763
0 0.44135558949880666 0.7815318834745764 0.4613926109785203 0.7685747372881355 0.4803743031026253 0.7673900805084746 0.48327694391408116 0.7278321016949152 0.4491392088305489 0.686328875 0.4184262792362769 0.6807960148305084 0.4244903782816229 0.6729678813559322 0.41144046539379475 0.6737823368644068 0.3957531992840096 0.6896607245762711 0.38125358353221955 0.6863086991525423 0.3709707553699284 0.7029140338983051 0.3730788257756563 0.7176818050847458 0.38718277446300714 0.7242512415254238 0.39851705011933175 0.7533425423728813 0.44135558949880666 0.7815318834745764
0 0.15900874224343675 0.7129499766949152 0.15703299164677806 0.6907242775423729 0.1708742398568019 0.6834750063559323 0.17034948687350834 0.6462594088983051 0.14134896062052507 0.6587117309322035 0.140427892601432 0.6342917309322034 0.1348917816229117 0.6314445275423728 0.1323861014319809 0.6486287245762712 0.12381826491646777 0.6449064915254238 0.11801751312649164 0.6569751440677966 0.11656586873508352 0.6815432266949153 0.09534313842482099 0.6849962245762712 0.09415937112171838 0.6467575190677965 0.10061849164677805 0.6452901631355932 0.09903582100238664 0.6581598008474576 0.1068116754176611 0.6778950381355932 0.11142607279236277 0.6659004279661017 0.10575893556085919 0.6513547775423729 0.11090067303102626 0.6382630169491526 0.10589190095465394 0.6343186631355933 0.10760624582338903 0.6235692838983051 0.09969742362768497 0.6208701631355933 0.09758741169451074 0.6348369491525423 0.09231464677804296 0.6362302648305085 0.08572579474940334 0.6068427987288135 0.06094399761336516 0.6105179237288136 0.054090503579952265 0.596046313559322 0.0476313830548926 0.5975136694915254 0.05118980429594272 0.6068697309322034 0.02482598448687351 0.6138363050847457 0.037084562052505966 0.6194566716101695 0.03326085322195704 0.6345946504237289 0.03721429474940334 0.6503114915254238 0.032468871121718375 0.650607656779661 0.031019816229116946 0.6368629915254237 0.025352031026252983 0.6318955275423729 0.013436301909307875 0.6413844618644068 0.014113275656324581 0.6522853559322034 0.026009105011933174 0.6616531991525424 0.034050248210023865 0.6568943919491526 0.04564916467780429 0.6710698368644068 0.08071184964200477 0.6795239406779661 0.10338298926014321 0.6993937944915255 0.12869148090692126 0.7041997076271187 0.18102086634844866 0.731796720338983 0.2127917124105012 0.687244345338983 0.20699225417661096 0.6801566228813559 0.1882739093078759 0.6855817987288135 0.1851085680190931 0.7113210741525423 0.15900874224343675 0.7129499766949152
0 0.28107947494033414 0.5882652436440678 0.3019084785202864 0.559295095338983 0.3041501622911695 0.5474485656779661 0.2970326754176611 0.538314625 0.2522157971360382 0.5262123305084746 0.24931509785202863 0.53703575 0.2428566241050119 0.5289249194915254 0.2450970155131265 0.5362347648305085 0.23731986634844868 0.5356559025423729 0.23336448568019094 0.5486736207627119 0.22150222076372317 0.530257656779661 0.2174151658711217 0.5411551186440678 0.211879700477327 0.5287297288135593 0.19263466229116946 0.5256738665254237 0.16416212410501194 0.5274508538135594 0.1617881181384248 0.546755309322034 0.15111091646778044 0.5474216779661017 0.13542494510739855 0.5441436927966102 0.133185200477327 0.5272556631355932 0.10260329713603818 0.5334212478813559 0.06253184248210024 0.5210227902542373 0.006943712410501193 0.5296625 0.00706295584725537 0.5387583347457627 0.008962414081145585 0.5693441673728814 0.14754667422434367 0.6242692987288135 0.1558511646778043 0.6237510084745763 0.1588835369928401 0.6150478495762712 0.16020092004773268 0.6266722542372881 0.1720638293556086 0.635510029661017 0.2323026861575179 0.6562279788135593 0.260645491646778 0.6235961716101696 0.2671065525059666 0.5933942542372881 0.28107947494033414 0.5882652436440678
0 0.35317865274463006 0.6561337139830509 0.33670134606205254 0.6592905487288135 0.3287912303102625 0.6757478029661017 0.33604039021479715 0.687002002118644 0.352122031026253 0.6870625762711865 0.3610861813842482 0.6779892097457627 0.35317865274463006 0.6561337139830509
0 0.6845869856801909 0.3449132372881356 0.6906497899761337 0.35624147881355933 0.6959225548926014 0.35484816313559325 0.6910461050119332 0.34344588135593224 0.6845869856801909 0.3449132372881356
0 0.7764637195704057 0.3381149237288136 0.7569546861575179 0.3403967309322034 0.7801538126491647 0.3495912457627119 0.7834495334128878 0.3451286038135593 0.7764637195704057 0.3381149237288136
0 0.8736086897374701 0.3969706038135593 0.9213262673031026 0.3982494788135594 0.8915363472553699 0.3884020593220339 0.8736086897374701 0.3969706038135593
0 0.8256284128878282 0.38187302330508477 0.862141446300716 0.3849154173728814 0.8663601754176611 0.3761382161016949 0.8567383031026252 0.3650320995762712 0.8181159045346063 0.3663783050847458 0.8256284128878282 0.38187302330508477
0 0.775404508353222 0.40735653177966097 0.7874010334128879 0.3895800063559322 0.7681566420047733 0.3769459597457627 0.768684630071599 0.36627062076271183 0.7537899928400955 0.3565578199152542 0.7357306622911695 0.3630061016949152 0.7528643961813842 0.39918512500000003 0.775404508353222 0.40735653177966097
0 0.7411241026252984 0.5265622245762712 0.7523279988066827 0.5343768919491526 0.7487695787589498 0.5250208305084746 0.7411241026252984 0.5265622245762712
0 0.6466145429594272 0.4813771694915254 0.6615091801909307 0.49108997033898305 0.655446375894988 0.4797617309322034 0.6466145429594272 0.4813771694915254
0 0.7657703448687351 0.5782359639830508 0.7833010405727923 0.5920412055084745 0.7847513902147971 0.5866294936440678 0.7657703448687351 0.5782359639830508