0 0.2863849765258216 0.609375 0.3034037558685446 0.59375 0.31103286384976525 0.571875 0.29518779342723006 0.55625 0.27992957746478875 0.5520833333333334 0.25 0.559375 0.2511737089201878 0.590625 0.2576291079812207 0.60625
0 0.0715962441314554 0.30520833333333336 0.07629107981220658 0.30104166666666665 0.07629107981220658 0.28020833333333334 0.06631455399061033 0.26666666666666666 0.05575117370892019 0.26666666666666666 0.05985915492957746 0.259375 0.03403755868544601 0.21770833333333334 0.031103286384976527 0.20416666666666666 0.03051643192488263 0.21770833333333334 0.02112676056338028 0.221875 0.02112676056338028 0.23020833333333332 0.029342723004694836 0.23645833333333333 0.027582159624413145 0.24375 0.01584507042253521 0.24166666666666667 0 0.253125 0.0005868544600938967 0.28958333333333336 0.02523474178403756 0.29375 0.03697183098591549 0.28541666666666665 0.04753521126760563 0.3020833333333333 0.052230046948356805 0.29583333333333334
0 0.41431924882629106 0.7197916666666667 0.43485915492957744 0.7083333333333334 0.4536384976525822 0.7083333333333334 0.45892018779342725 0.6697916666666667 0.4278169014084507 0.6270833333333333 0.397887323943662 0.6197916666666666 0.4043427230046948 0.6125 0.3914319248826291 0.6125 0.375 0.6270833333333333 0.3609154929577465 0.6229166666666667 0.34976525821596244 0.6385416666666667 0.35093896713615025 0.653125 0.3644366197183099 0.6604166666666667 0.3738262910798122 0.6895833333333333
0 0.1607981220657277 0.6552083333333333 0.19483568075117372 0.6135416666666667 0.18955399061032863 0.60625 0.17077464788732394 0.6104166666666667 0.16607981220657278 0.6354166666666666 0.1402582159624413 0.6354166666666666 0.1396713615023474 0.6135416666666667 0.15375586854460094 0.6072916666666667 0.15551643192488263 0.5708333333333333 0.12617370892018778 0.58125 0.1267605633802817 0.5572916666666666 0.12147887323943662 0.5541666666666667 0.11795774647887323 0.5708333333333333 0.10974178403755869 0.5666666666666667 0.10328638497652583 0.578125 0.10035211267605634 0.6020833333333333 0.07922535211267606 0.6041666666666666 0.08039906103286384 0.5666666666666667 0.08685446009389672 0.565625 0.08450704225352113 0.578125 0.09096244131455399 0.5979166666666667 0.09624413145539906 0.5864583333333333 0.09154929577464789 0.571875 0.09741784037558686 0.559375 0.09272300469483569 0.5552083333333333 0.09507042253521127 0.5447916666666667 0.08744131455399061 0.5416666666666666 0.08450704225352113 0.5552083333333333 0.07922535211267606 0.55625 0.07453051643192488 0.5270833333333333 0.04988262910798122 0.5291666666666667 0.04401408450704225 0.5145833333333333 0.03755868544600939 0.515625 0.040492957746478875 0.525 0.014084507042253521 0.5302083333333333 0.025821596244131457 0.5364583333333334 0.02112676056338028 0.5510416666666667 0.024061032863849766 0.5666666666666667 0.01936619718309859 0.5666666666666667 0.018779342723004695 0.553125 0.013497652582159625 0.5479166666666667 0 0.5572916666666666 0.0005868544600938967 0.5666666666666667 0.01232394366197183 0.5770833333333333 0.020539906103286387 0.5729166666666666 0.031103286384976527 0.5875 0.06514084507042253 0.5979166666666667 0.08626760563380281 0.61875 0.11091549295774648 0.625
0 0.215962441314554 0.584375 0.24589201877934272 0.5541666666666667 0.25410798122065725 0.525 0.2681924882629108 0.5208333333333334 0.2904929577464789 0.49375 0.2934272300469484 0.4822916666666667 0.2869718309859155 0.47291666666666665 0.24354460093896713 0.4583333333333333 0.24002347417840375 0.46875 0.23415492957746478 0.46041666666666664 0.23591549295774647 0.46770833333333334 0.2282863849765258 0.4666666666666667 0.22359154929577466 0.4791666666666667 0.2130281690140845 0.46041666666666664 0.20833333333333334 0.4708333333333333 0.20363849765258216 0.4583333333333333 0.18485915492957747 0.45416666666666666 0.15669014084507044 0.45416666666666666 0.15316901408450703 0.47291666666666665 0.1426056338028169 0.47291666666666665 0.1273474178403756 0.46875 0.12617370892018778 0.45208333333333334 0.09565727699530517 0.45625 0.056924882629107984 0.44166666666666665 0 0.446875 0.0005868544600938967 0.48541666666666666 0.13438967136150234 0.5479166666666667 0.1426056338028169 0.5479166666666667 0.14612676056338028 0.5395833333333333 0.1467136150234742 0.5510416666666667 0.15786384976525822 0.5604166666666667
0 0.33215962441314556 0.621875 0.3415492957746479 0.6135416666666667 0.335093896713615 0.5916666666666667 0.31866197183098594 0.59375 0.30985915492957744 0.609375 0.3163145539906103 0.6208333333333333
0 0.6913145539906104 0.3177083333333333 0.687206572769953 0.30625 0.6807511737089202 0.3072916666666667 0.6860328638497653 0.31875
0 0.7746478873239436 0.3177083333333333 0.778169014084507 0.31354166666666666 0.7717136150234741 0.30625 0.7523474178403756 0.3072916666666667
0 0.9107981220657277 0.37395833333333334 0.8820422535211268 0.3625 0.863849765258216 0.3697916666666667
0 0.8532863849765259 0.3572916666666667 0.857981220657277 0.3489583333333333 0.8491784037558685 0.3375 0.8110328638497653 0.33645833333333336 0.8174882629107981 0.35208333333333336
0 0.7664319248826291 0.37395833333333334 0.7793427230046949 0.3572916666666667 0.761150234741784 0.34375 0.7623239436619719 0.3333333333333333 0.7482394366197183 0.3229166666666667 0.7300469483568075 0.328125 0.7447183098591549 0.3645833333333333
0 0.7359154929577465 0.496875 0.732981220657277 0.4875 0.7253521126760564 0.48854166666666665
0 0.6490610328638498 0.44895833333333335 0.6437793427230047 0.4375 0.6349765258215962 0.43854166666666666
0 0.7629107981220657 0.5552083333333333 0.7646713615023474 0.55 0.7464788732394366 0.540625