0 0.24854424697336563 0.6989661551724138 0.25707991767554483 0.7110564051724139 0.28640709564164646 0.699004551724138 0.3014783026634382 0.6745468577586207 0.3062892469733656 0.6488396228448275 0.2883108268765133 0.6416963491379309 0.2724213486682809 0.6456041724137931 0.2432763450363196 0.6686019310344827 0.24854424697336563 0.6989661551724138
0 0 0.5150344590517242 0.006012813559322034 0.5201810646551724 0.009916677966101696 0.5115110581896551 0.03061861743341404 0.5106027004310345 0.03479498547215496 0.5039981982758621 0.032069946731234866 0.4833431357758621 0.020265750605326874 0.4751735064655172 0.009642654963680388 0.4807388534482758 0.01282009564164649 0.47134527801724135 0 0.46003975431034483 0 0.5150344590517242
0 0.42950727481840195 0.7410738405172415 0.44866452058111383 0.7188920452586206 0.46755002058111383 0.7089980926724139 0.46782024697336566 0.6680035495689655 0.43095480750605325 0.6420475280172414 0.39990227723970945 0.6505867413793104 0.40544040435835355 0.6399564245689655 0.39245662227602907 0.646758515086207 0.3778393365617433 0.6698742693965517 0.3631302033898305 0.6731637198275862 0.35396071549636804 0.6945295517241379 0.3570485859564164 0.7083697241379311 0.3715763026634383 0.7084877176724137 0.38483410653753025 0.7324578318965517 0.42950727481840195 0.7410738405172415
0 0.13940912711864406 0.7804320646551723 0.1527557421307506 0.7668150818965517 0.14975743946731235 0.7297411637931034 0.12161136440677967 0.7555279956896552 0.1190677421307506 0.7314654870689655 0.11334743946731235 0.7311498987068966 0.1119864382566586 0.7495290668103449 0.10317902421307507 0.7497266594827586 0.09818590314769976 0.7644879913793103 0.09836883898305085 0.7897872435344827 0.07739515375302664 0.8029834461206896 0.07367042857142857 0.7651859590517242 0.08002606779661017 0.7607521594827586 0.07930040314769976 0.7743819418103448 0.0883810799031477 0.7906032068965516 0.09219385714285713 0.7764602478448276 0.08556495399515739 0.7644751918103448 0.08983165012106537 0.7489902909482758 0.08456526755447942 0.7473327672413793 0.08556343583535109 0.7357684935344828 0.07748244552058112 0.7366896508620691 0.0763028607748184 0.7516613706896551 0.07112756537530265 0.7554767995689654 0.0625911368038741 0.7290331982758621 0.0380764200968523 0.7440845172413794 0.03026717433414044 0.7327178318965517 0.023911535108958836 0.7371516314655173 0.028088662227602906 0.7449004806034483 0.006812447941888619 0.7605861271551725 0.007260566585956417 0.7639827370689656 0.014833135593220338 0.7639904159482759 0.012019286924939466 0.780922448275862 0.017013924939467313 0.7948678168103448 0.012292550847457626 0.7973413038793103 0.009931102905569008 0.7842246982758622 0.012636677966101696 0.8047322262931035 0.014290405569007264 0.8029194525862069 0.026821026634382565 0.8118126465517241 0.062413516949152544 0.8042073922413793 0.08638474334140435 0.8137317586206896 0.11198947578692495 0.8069424655172415 0.16610539346246975 0.8106114978448276 0.19488528692493945 0.7513685818965518 0.1886199757869249 0.7469219849137931 0.17027948305084747 0.7609469482758621 0.16882815375302665 0.7882065129310345 0.14286058958837772 0.8018106961206897 0.13940912711864406 0.7804320646551723
0 0 0.7089495818965518 0.0021862578692493947 0.7255208318965517 0.12551370944309928 0.7181512909482758 0.13377611501210654 0.7138226853448276 0.13622713196125907 0.7037055431034482 0.13831607506053267 0.7147566422413794 0.15075560895883777 0.7181768879310345 0.21231642130750605 0.7113207952586207 0.23846388256658596 0.6656024676724137 0.24291123486682809 0.6323567737068966 0.25653035351089587 0.6208052974137931 0.2754143353510896 0.5822046443965516 0.27686642372881354 0.5692984288793104 0.26914826634382566 0.563404698275862 0.22356801937046003 0.5718259181034483 0.22138950605326876 0.5840085646551725 0.21439777118644068 0.5788383987068965 0.21712205084745764 0.5851401142241379 0.20931356416464889 0.5881267801724138 0.2062272118644068 0.6029933060344829 0.19315158353510894 0.5899690969827586 0.18979272760290555 0.6027701163793103 0.1834363292978208 0.5928505646551725 0.1640058196125908 0.5986135043103448 0.13567756779661017 0.6134544331896552 0.13458907142857143 0.6338991077586207 0.12396597820823245 0.6394644547413793 0.1080765 0.6433722780172414 0.10471612590799032 0.627466599137931 0.07457219370460048 0.6476752866379311 0.033713322033898305 0.6536230150862068 0 0.6745754892241379 0 0.7089495818965518
0 0.33307508111380146 0.6557853081896552 0.31682277118644064 0.6665080237068965 0.31001397215496374 0.6866371099137931 0.31800463317191285 0.694596349137931 0.33407552784503636 0.6872810797413793 0.34242826271186444 0.6740720797413794 0.33307508111380146 0.6557853081896552
0 0.6434895593220339 0.1917331271551724 0.6502998765133172 0.20031073706896552 0.6554751731234867 0.1964953125 0.6498451985472156 0.18729932758620688 0.6434895593220339 0.1917331271551724
0 0.7348299515738499 0.14277654310344828 0.7154905314769976 0.15401243318965518 0.7392795823244552 0.15259089870689654 0.7422756065375302 0.14660476939655173 0.7348299515738499 0.14277654310344828
0 0.8357983075060533 0.15723228448275864 0.8835570690072639 0.13662841810344828 0.8531398740920096 0.14041824568965516 0.8357983075060533 0.15723228448275864
0 0.7868584443099274 0.16410117672413793 0.8235401912832929 0.15040459482758622 0.8271715508474576 0.13966908189655172 0.816820200968523 0.13294658620689656 0.778322774818402 0.1520109245689655 0.7868584443099274 0.16410117672413793
0 0.7383747796610169 0.21268817456896552 0.7491785314769975 0.18936203232758622 0.7291119273607748 0.18552100431034482 0.7289297518159805 0.17457510129310344 0.7134031065375304 0.17166803448275864 0.6957890375302664 0.18641656681034482 0.7153121513317192 0.2148332780172414 0.7383747796610169 0.21268817456896552
0 0.7120504576271187 0.3479340452586207 0.7237635677966102 0.35063072413793106 0.7195864406779662 0.34288187715517243 0.7120504576271187 0.3479340452586207
0 0.6146238922518159 0.34597653879310347 0.6301505375302663 0.3488836056034483 0.6233402191283293 0.3403059956896552 0.6146238922518159 0.34597653879310347
0 0.7401092421307506 0.38844100862068964 0.7585415823244552 0.3942423448275862 0.759630837772397 0.3881510215517241 0.7401092421307506 0.38844100862068964