0 0.24519781472684085 0.6224784578059073 0.2523364026128266 0.6369285907172996 0.28149161995249405 0.6343713312236287 0.2980517494061758 0.6152654029535866 0.30488381472684084 0.5917295991561181 0.2882657410926366 0.5791417869198313 0.27269585629453685 0.5779732616033755 0.24276999643705463 0.5912502932489451 0.24519781472684085 0.6224784578059073
0 0 0.3685579915611814 0.005290280285035629 0.3684114641350211 0.01680820427553444 0.35769397890295357 0.028135498812351546 0.37237804430379745 0.032626665083135394 0.365154694092827 0.05255097268408551 0.37075194514767934 0.05712499762470309 0.3656259915611815 0.05629640973871734 0.34465202320675103 0.0456858729216152 0.3329976582278481 0.03502145011876484 0.33509276793248943 0.038878719714964365 0.3269371139240506 0.01115295486935867 0.29011055274261605 0.00765203325415677 0.2770594493670886 0.007598147268408551 0.2908089240506329 0 0.29575030168776373 0 0.30601108438818564 0.007158940617577198 0.3099182869198312 0.005671542755344419 0.3176083607594937 0 0.3177179219409283 0 0.3685579915611814
0 0.4150411460807601 0.7201592637130801 0.43532180047505936 0.7045497573839663 0.45428077434679337 0.7008251181434599 0.45808009857482185 0.6609757194092827 0.4249806935866984 0.6241480168776371 0.39447482185273164 0.6227432721518987 0.40070196437054634 0.6141220379746836 0.38766766983372924 0.6166827278481013 0.3716585783847981 0.634623565400844 0.3572736294536817 0.6332222510548524 0.34663818052256534 0.6511642320675105 0.34840312826603326 0.6656132194092828 0.3623198966745843 0.6702770253164557 0.37295940617577195 0.6977782616033755 0.4150411460807601 0.7201592637130801
0 0 0.6538730738396624 0.0035247826603325414 0.6562181308016878 0.011653615201900237 0.6503938080168777 0.022898049881235154 0.6629804767932489 0.057675484560570076 0.666716552742616 0.07983291805225654 0.6835003016877638 0.10496514726840855 0.6849039050632911 0.15652637410926368 0.705422588607595 0.18923233966745842 0.6567237405063291 0.18361012232779098 0.6504304071729958 0.16481686579572447 0.6583498396624472 0.16107142755344417 0.6844497616033756 0.13500283847980996 0.6895711413502109 0.13354035273159146 0.6676648670886075 0.14751100712589074 0.6585791983122363 0.14783838242280284 0.6215255675105485 0.11862927909738717 0.6378322995780591 0.1182688705463183 0.6135958417721519 0.11281237173396674 0.6114972995780591 0.10992043349168645 0.6289748459915612 0.10146016508313538 0.626409582278481 0.09539874228028503 0.6392256075949366 0.09338927790973871 0.6639276497890295 0.07214329097387173 0.6702152637130802 0.07183676959619952 0.6322293312236287 0.07831248693586698 0.6299002890295359 0.07643976840855107 0.6429502468354431 0.08374407363420429 0.6615951729957806 0.0886205617577197 0.6490119367088608 0.08330080760095011 0.6352613185654008 0.08872833372921614 0.6215129873417721 0.08382287173396674 0.618249352320675 0.08577845011876484 0.6072967869198312 0.0779520783847981 0.605663829113924 0.07552832066508314 0.6198788839662447 0.07023753919239906 0.6219751371308017 0.06433777197149644 0.5935427383966244 0.039536977434679335 0.600528723628692 0.03303228622327791 0.5870108966244725 0.026556568883610455 0.5893399388185654 0.029891773159144895 0.5981962510548523 0.0034378634204275532 0.6086775168776372 0.01553579809976247 0.612641805907173 0.011376065320665082 0.6282547447257384 0.014959846793349168 0.643403246835443 0.010220103325415678 0.6443344071729958 0.009089053444180522 0.630817723628692 0.0035496947743467937 0.6266217848101266 0 0.6298665569620254 0 0.6538730738396624
0 0 0.5694264662447257 0.12559809026128266 0.6026444198312236 0.1338926413301663 0.6010148924050632 0.137116013064133 0.5919269345991561 0.1381642054631829 0.6033462215189873 0.14979395961995248 0.6105730021097047 0.20940116152019 0.6231699662447258 0.23841557482185274 0.5868215675105485 0.2455501021377672 0.5558284831223629 0.25960361520190023 0.5488402067510548 0.2810402339667458 0.5171510400843882 0.2835468491686461 0.50503338185654 0.2766568372921615 0.49687544092827 0.23223419833729214 0.4908068902953587 0.22909368527315915 0.5019922447257383 0.2228375700712589 0.49476660759493674 0.22490497980997623 0.5017583101265822 0.21716146793349167 0.5022227468354431 0.21291887648456057 0.5157382890295359 0.20150872446555818 0.49895682489451476 0.19718327434679334 0.5103749683544304 0.1919463788598575 0.498721746835443 0.17282168764845607 0.49825159493670884 0.1443832268408551 0.503838552742616 0.14157414726840856 0.5234134936708861 0.1309097244655582 0.5255086033755274 0.11533984085510689 0.5243400780590717 0.11349203444180522 0.507793694092827 0.08284941923990498 0.5180410253164557 0.04316652375296912 0.5110413164556962 0 0.5235051455696202 0 0.5694264662447257
0 0.32996215914489313 0.60688267721519 0.31345591567695963 0.6122391329113924 0.30519033847981 0.6297155337552742 0.31216320783847984 0.6399708713080169 0.3282012719714964 0.6378769050632912 0.3373493242280285 0.6276250000000001 0.32996215914489313 0.60688267721519
0 0.6676155498812352 0.2520313628691983 0.67340348456057 0.26251949156118143 0.6786942672209025 0.26042323839662446 0.674091268408551 0.24970231856540084 0.6676155498812352 0.2520313628691983
0 0.7594066508313538 0.2329414451476793 0.7398966377672209 0.23783117721518987 0.7628247137767221 0.24389515189873417 0.7662138040380048 0.23900198945147677 0.7594066508313538 0.2329414451476793
0 0.854951309976247 0.27863803797468356 0.9025144619952494 0.2735212362869198 0.8730278111638955 0.26768890717299576 0.854951309976247 0.27863803797468356
0 0.8074420427553445 0.2700053670886076 0.8437897339667458 0.26814876793248943 0.8481980427553445 0.25882801898734176 0.8388553004750593 0.24903826160337553 0.8003034560570071 0.25555523628691984 0.8074420427553445 0.2700053670886076
0 0.7567673491686462 0.3021543966244726 0.7691387743467935 0.28281453375527427 0.7502336864608077 0.27278969831223626 0.7510043277909738 0.2620699240506329 0.7363708040380048 0.254376417721519 0.7182114441805225 0.2632281540084388 0.7344731722090262 0.2970227257383966 0.7567673491686462 0.3021543966244726
0 0.7198518277909738 0.42565887552742615 0.7308476852731591 0.4319533523206751 0.7275124809976248 0.42309704219409283 0.7198518277909738 0.42565887552742615
0 0.6266231543942994 0.3932461751054852 0.6412566781472684 0.4009396814345992 0.6354687446555819 0.39045155274261606 0.6266231543942994 0.3932461751054852
0 0.7432521437054632 0.4739035780590717 0.760421257719715 0.48532629746835443 0.7619915142517815 0.4797336202531645 0.7432521437054632 0.4739035780590717